Timestamp,Seq,AF3,AF4,Fp1,Fp2,AF7,AF8,Event,EventDate,EventDuration
0,0,0.1875,0.1875,0.1875,0.1875,0.1875,0.1875,,,
0.00200104713439941,0,0.1875,0.1875,0.1875,0.1875,0.1875,0.1875,,,
0.00400304794311523,0,0.1875,0.1875,0.1875,0.1875,0.1875,0.1875,,,
0.00600600242614746,0,0.1875,0.1875,0.1875,0.1875,0.1875,0.1875,,,
0.00800704956054688,0,0.1875,0.1875,0.1875,0.1875,0.1875,0.1875,,,
0.0100140571594238,0,0.1875,0.1875,0.1875,0.1875,0.1875,0.1875,,,
0.0120148658752441,0,0.1875,0.1875,0.1875,0.1875,0.1875,0.1875,,,
0.01401686668396,0,0.1875,0.1875,0.1875,0.1875,0.1875,0.1875,,,
0.0160179138183594,0,0.1875,0.1875,0.1875,0.1875,0.1875,0.1875,,,
0.0180180072784424,0,0.1875,0.1875,0.1875,0.1875,0.1875,0.1875,,,
0.0200181007385254,0,0.1875,0.1875,0.1875,0.1875,0.1875,0.1875,,,
0.0220189094543457,0,0.1875,0.1875,0.1875,0.1875,0.1875,0.1875,,,
0.0240209102630615,0,0.1875,0.1875,0.1875,0.1875,0.1875,0.1875,,,
0.0260241031646729,0,0.1875,0.1875,0.1875,0.1875,0.1875,0.1875,,,
0.0280239582061768,0,0.1875,0.1875,0.1875,0.1875,0.1875,0.1875,,,
0.030026912689209,0,0.1875,0.1875,0.1875,0.1875,0.1875,0.1875,,,
0.032027006149292,0,0.1875,0.1875,0.1875,0.1875,0.1875,0.1875,,,
0.0340299606323242,0,0.1875,0.1875,0.1875,0.1875,0.1875,0.1875,,,
0.0360329151153564,0,0.1875,0.1875,0.1875,0.1875,0.1875,0.1875,,,
0.0380330085754395,0,0.1875,0.1875,0.1875,0.1875,0.1875,0.1875,,,
0.0400359630584717,0,0.1875,0.1875,0.1875,0.1875,0.1875,0.1875,,,
0.0420360565185547,0,0.1875,0.1875,0.1875,0.1875,0.1875,0.1875,,,
0.0440390110015869,0,0.1875,0.1875,0.1875,0.1875,0.1875,0.1875,,,
0.0460419654846191,0,0.1875,0.1875,0.1875,0.1875,0.1875,0.1875,,,
0.0480759143829346,0,0.1875,0.1875,0.1875,0.1875,0.1875,0.1875,,,
0.0500788688659668,0,0.1875,0.1875,0.1875,0.1875,0.1875,0.1875,,,
0.0520789623260498,0,0.1875,0.1875,0.1875,0.1875,0.1875,0.1875,,,
0.054081916809082,0,0.1875,0.1875,0.1875,0.1875,0.1875,0.1875,,,
0.0560829639434814,0,0.1875,0.1875,0.1875,0.1875,0.1875,0.1875,,,
0.0580849647521973,0,0.1875,0.1875,0.1875,0.1875,0.1875,0.1875,,,
0.0600879192352295,0,0.1875,0.1875,0.1875,0.1875,0.1875,0.1875,,,
0.0620889663696289,0,0.1875,0.1875,0.1875,0.1875,0.1875,0.1875,,,
0.0640919208526611,0,0.1875,0.1875,0.1875,0.1875,0.1875,0.1875,,,
0.0660920143127441,0,0.1875,0.1875,0.1875,0.1875,0.1875,0.1875,,,
0.0680949687957764,0,0.1875,0.1875,0.1875,0.1875,0.1875,0.1875,,,
0.0700950622558594,0,0.1875,0.1875,0.1875,0.1875,0.1875,0.1875,,,
0.0720980167388916,0,0.1875,0.1875,0.1875,0.1875,0.1875,0.1875,,,
0.0741009712219238,0,0.1875,0.1875,0.1875,0.1875,0.1875,0.1875,,,
0.0761010646820068,0,0.1875,0.1875,0.1875,0.1875,0.1875,0.1875,,,
0.0781040191650391,0,0.1875,0.1875,0.1875,0.1875,0.1875,0.1875,,,
0.080103874206543,0,0.1875,0.1875,0.1875,0.1875,0.1875,0.1875,,,
0.0821070671081543,0,0.1875,0.1875,0.1875,0.1875,0.1875,0.1875,,,
0.0841100215911865,0,0.1875,0.1875,0.1875,0.1875,0.1875,0.1875,,,
0.0861098766326904,0,0.1875,0.1875,0.1875,0.1875,0.1875,0.1875,,,
0.0881130695343018,0,0.1875,0.1875,0.1875,0.1875,0.1875,0.1875,,,
0.0901129245758057,0,0.1875,0.1875,0.1875,0.1875,0.1875,0.1875,,,
0.0921158790588379,0,0.1875,0.1875,0.1875,0.1875,0.1875,0.1875,,,
0.0941190719604492,0,0.1875,0.1875,0.1875,0.1875,0.1875,0.1875,,,
0.0961189270019531,0,0.1875,0.1875,0.1875,0.1875,0.1875,0.1875,,,
0.0981218814849854,0,0.1875,0.1875,0.1875,0.1875,0.1875,0.1875,,,
0.100121974945068,0,0.1875,0.1875,0.1875,0.1875,0.1875,0.1875,,,
0.102124929428101,0,0.1875,0.1875,0.1875,0.1875,0.1875,0.1875,,,
0.104127883911133,0,0.1875,0.1875,0.1875,0.1875,0.1875,0.1875,,,
0.106127977371216,0,0.1875,0.1875,0.1875,0.1875,0.1875,0.1875,,,
0.108130931854248,0,0.1875,0.1875,0.1875,0.1875,0.1875,0.1875,,,
0.110131025314331,0,0.1875,0.1875,0.1875,0.1875,0.1875,0.1875,,,
0.112133979797363,0,0.1875,0.1875,0.1875,0.1875,0.1875,0.1875,,,
0.114136934280396,0,0.1875,0.1875,0.1875,0.1875,0.1875,0.1875,,,
0.116137027740479,0,0.1875,0.1875,0.1875,0.1875,0.1875,0.1875,,,
0.118139982223511,0,0.1875,0.1875,0.1875,0.1875,0.1875,0.1875,,,
0.120140075683594,0,0.1875,0.1875,0.1875,0.1875,0.1875,0.1875,,,
0.122143030166626,0,0.1875,0.1875,0.1875,0.1875,0.1875,0.1875,,,
0.124145984649658,0,0.1875,0.1875,0.1875,0.1875,0.1875,0.1875,,,
0.126146078109741,0,0.1875,0.1875,0.1875,0.1875,0.1875,0.1875,,,
0.128149032592773,0,0.1875,0.1875,0.1875,0.1875,0.1875,0.1875,,,
0.130150079727173,0,0.1875,0.1875,0.1875,0.1875,0.1875,0.1875,,,
0.132152080535889,0,0.1875,0.1875,0.1875,0.1875,0.1875,0.1875,,,
0.134152889251709,0,0.1875,0.1875,0.1875,0.1875,0.1875,0.1875,,,
0.13615608215332,0,0.1875,0.1875,0.1875,0.1875,0.1875,0.1875,,,
0.138158082962036,0,0.1875,0.1875,0.1875,0.1875,0.1875,0.1875,,,
0.140158891677856,0,0.1875,0.1875,0.1875,0.1875,0.1875,0.1875,,,
0.142160892486572,0,0.1875,0.1875,0.1875,0.1875,0.1875,0.1875,,,
0.144161939620972,0,0.1875,0.1875,0.1875,0.1875,0.1875,0.1875,,,
0.146163940429688,0,0.1875,0.1875,0.1875,0.1875,0.1875,0.1875,,,
0.14816689491272,0,0.1875,0.1875,0.1875,0.1875,0.1875,0.1875,,,
0.150167942047119,0,0.1875,0.1875,0.1875,0.1875,0.1875,0.1875,,,
0.152170896530151,0,0.1875,0.1875,0.1875,0.1875,0.1875,0.1875,,,
0.154170989990234,0,0.1875,0.1875,0.1875,0.1875,0.1875,0.1875,,,
0.156173944473267,0,0.1875,0.1875,0.1875,0.1875,0.1875,0.1875,,,
0.15817403793335,0,0.1875,0.1875,0.1875,0.1875,0.1875,0.1875,,,
0.160176992416382,0,0.1875,0.1875,0.1875,0.1875,0.1875,0.1875,,,
0.162179946899414,0,0.1875,0.1875,0.1875,0.1875,0.1875,0.1875,,,
0.164180040359497,0,0.1875,0.1875,0.1875,0.1875,0.1875,0.1875,,,
0.166182994842529,0,0.1875,0.1875,0.1875,0.1875,0.1875,0.1875,,,
0.168183088302612,0,0.1875,0.1875,0.1875,0.1875,0.1875,0.1875,,,
0.170186042785645,0,0.1875,0.1875,0.1875,0.1875,0.1875,0.1875,,,
0.172185897827148,0,0.1875,0.1875,0.1875,0.1875,0.1875,0.1875,,,
0.17418909072876,0,0.1875,0.1875,0.1875,0.1875,0.1875,0.1875,,,
0.176192045211792,0,0.1875,0.1875,0.1875,0.1875,0.1875,0.1875,,,
0.178191900253296,0,0.1875,0.1875,0.1875,0.1875,0.1875,0.1875,,,
0.180195093154907,0,0.1875,0.1875,0.1875,0.1875,0.1875,0.1875,,,
0.182194948196411,0,0.1875,0.1875,0.1875,0.1875,0.1875,0.1875,,,
0.184197902679443,0,0.1875,0.1875,0.1875,0.1875,0.1875,0.1875,,,
0.186197996139526,0,0.1875,0.1875,0.1875,0.1875,0.1875,0.1875,,,
0.188200950622559,0,0.1875,0.1875,0.1875,0.1875,0.1875,0.1875,,,
0.190203905105591,0,0.1875,0.1875,0.1875,0.1875,0.1875,0.1875,,,
0.192203998565674,0,0.1875,0.1875,0.1875,0.1875,0.1875,0.1875,,,
0.194206953048706,0,0.1875,0.1875,0.1875,0.1875,0.1875,0.1875,,,
0.196207046508789,0,0.1875,0.1875,0.1875,0.1875,0.1875,0.1875,,,
0.198210000991821,0,0.1875,0.1875,0.1875,0.1875,0.1875,0.1875,,,
0.200211048126221,0,0.1875,0.1875,0.1875,0.1875,0.1875,0.1875,,,
0.202214002609253,0,0.1875,0.1875,0.1875,0.1875,0.1875,0.1875,,,
0.204214096069336,0,0.1875,0.1875,0.1875,0.1875,0.1875,0.1875,,,
0.206217050552368,0,0.1875,0.1875,0.1875,0.1875,0.1875,0.1875,,,
0.208216905593872,0,0.1875,0.1875,0.1875,0.1875,0.1875,0.1875,,,
0.210220098495483,0,0.1875,0.1875,0.1875,0.1875,0.1875,0.1875,,,
0.212223052978516,0,0.1875,0.1875,0.1875,0.1875,0.1875,0.1875,,,
0.21422290802002,0,0.1875,0.1875,0.1875,0.1875,0.1875,0.1875,,,
0.216226100921631,0,0.1875,0.1875,0.1875,0.1875,0.1875,0.1875,,,
0.218225955963135,0,0.1875,0.1875,0.1875,0.1875,0.1875,0.1875,,,
0.220228910446167,0,0.1875,0.1875,0.1875,0.1875,0.1875,0.1875,,,
0.22222900390625,0,0.1875,0.1875,0.1875,0.1875,0.1875,0.1875,,,
0.224231958389282,0,0.1875,0.1875,0.1875,0.1875,0.1875,0.1875,,,
0.226234912872314,0,0.1875,0.1875,0.1875,0.1875,0.1875,0.1875,,,
0.228235006332397,0,0.1875,0.1875,0.1875,0.1875,0.1875,0.1875,,,
0.23023796081543,0,0.1875,0.1875,0.1875,0.1875,0.1875,0.1875,,,
0.232238054275513,0,0.1875,0.1875,0.1875,0.1875,0.1875,0.1875,,,
0.234241008758545,0,0.1875,0.1875,0.1875,0.1875,0.1875,0.1875,,,
0.236242055892944,0,0.1875,0.1875,0.1875,0.1875,0.1875,0.1875,,,
0.23824405670166,0,0.1875,0.1875,0.1875,0.1875,0.1875,0.1875,,,
0.24024486541748,0,0.1875,0.1875,0.1875,0.1875,0.1875,0.1875,,,
0.242246866226196,0,0.1875,0.1875,0.1875,0.1875,0.1875,0.1875,,,
0.244247913360596,0,0.1875,0.1875,0.1875,0.1875,0.1875,0.1875,,,
0.246250867843628,0,0.1875,0.1875,0.1875,0.1875,0.1875,0.1875,,,
0.248250961303711,0,0.1875,0.1875,0.1875,0.1875,0.1875,0.1875,,,
0.250253915786743,0,0.1875,0.1875,0.1875,0.1875,0.1875,0.1875,,,
0.252255916595459,0,0.1875,0.1875,0.1875,0.1875,0.1875,0.1875,,,
0.254256963729858,0,0.1875,0.1875,0.1875,0.1875,0.1875,0.1875,,,
0.256259918212891,0,0.1875,0.1875,0.1875,0.1875,0.1875,0.1875,,,
0.258260011672974,0,0.1875,0.1875,0.1875,0.1875,0.1875,0.1875,,,
0.260262966156006,0,0.1875,0.1875,0.1875,0.1875,0.1875,0.1875,,,
0.262263059616089,0,0.1875,0.1875,0.1875,0.1875,0.1875,0.1875,,,
0.264266014099121,0,0.1875,0.1875,0.1875,0.1875,0.1875,0.1875,,,
0.266265869140625,0,0.1875,0.1875,0.1875,0.1875,0.1875,0.1875,,,
0.268269062042236,0,0.1875,0.1875,0.1875,0.1875,0.1875,0.1875,,,
0.270272016525269,0,0.1875,0.1875,0.1875,0.1875,0.1875,0.1875,,,
0.272271871566772,0,0.1875,0.1875,0.1875,0.1875,0.1875,0.1875,,,
0.274275064468384,0,0.1875,0.1875,0.1875,0.1875,0.1875,0.1875,,,
0.276274919509888,0,0.1875,0.1875,0.1875,0.1875,0.1875,0.1875,,,
0.27827787399292,0,0.1875,0.1875,0.1875,0.1875,0.1875,0.1875,,,
0.280278921127319,0,0.1875,0.1875,0.1875,0.1875,0.1875,0.1875,,,
0.282280921936035,0,0.1875,0.1875,0.1875,0.1875,0.1875,0.1875,,,
0.284283876419067,0,0.1875,0.1875,0.1875,0.1875,0.1875,0.1875,,,
0.28628396987915,0,0.1875,0.1875,0.1875,0.1875,0.1875,0.1875,,,
0.288286924362183,0,0.1875,0.1875,0.1875,0.1875,0.1875,0.1875,,,
0.290287017822266,0,0.1875,0.1875,0.1875,0.1875,0.1875,0.1875,,,
0.292289972305298,0,0.1875,0.1875,0.1875,0.1875,0.1875,0.1875,,,
0.294291019439697,0,0.1875,0.1875,0.1875,0.1875,0.1875,0.1875,,,
0.296293020248413,0,0.1875,0.1875,0.1875,0.1875,0.1875,0.1875,,,
0.298295974731445,0,0.1875,0.1875,0.1875,0.1875,0.1875,0.1875,,,
0.300297021865845,0,0.1875,0.1875,0.1875,0.1875,0.1875,0.1875,,,
0.302299022674561,0,0.1875,0.1875,0.1875,0.1875,0.1875,0.1875,,,
0.30430006980896,0,0.1875,0.1875,0.1875,0.1875,0.1875,0.1875,,,
0.306302070617676,0,0.1875,0.1875,0.1875,0.1875,0.1875,0.1875,,,
0.308302879333496,0,0.1875,0.1875,0.1875,0.1875,0.1875,0.1875,,,
0.310306072235107,0,0.1875,0.1875,0.1875,0.1875,0.1875,0.1875,,,
0.312305927276611,0,0.1875,0.1875,0.1875,0.1875,0.1875,0.1875,,,
0.314308881759644,0,0.1875,0.1875,0.1875,0.1875,0.1875,0.1875,,,
0.316308975219727,0,0.1875,0.1875,0.1875,0.1875,0.1875,0.1875,,,
0.318311929702759,0,0.1875,0.1875,0.1875,0.1875,0.1875,0.1875,,,
0.320314884185791,0,0.1875,0.1875,0.1875,0.1875,0.1875,0.1875,,,
0.322314977645874,0,0.1875,0.1875,0.1875,0.1875,0.1875,0.1875,,,
0.324317932128906,0,0.1875,0.1875,0.1875,0.1875,0.1875,0.1875,,,
0.326318025588989,0,0.1875,0.1875,0.1875,0.1875,0.1875,0.1875,,,
0.328320980072021,0,0.1875,0.1875,0.1875,0.1875,0.1875,0.1875,,,
0.330322027206421,0,0.1875,0.1875,0.1875,0.1875,0.1875,0.1875,,,
0.332324028015137,0,0.1875,0.1875,0.1875,0.1875,0.1875,0.1875,,,
0.334325075149536,0,0.1875,0.1875,0.1875,0.1875,0.1875,0.1875,,,
0.336327075958252,0,0.1875,0.1875,0.1875,0.1875,0.1875,0.1875,,,
0.338327884674072,0,0.1875,0.1875,0.1875,0.1875,0.1875,0.1875,,,
0.340331077575684,0,0.1875,0.1875,0.1875,0.1875,0.1875,0.1875,,,
0.342333078384399,0,0.1875,0.1875,0.1875,0.1875,0.1875,0.1875,,,
0.34433388710022,0,0.1875,0.1875,0.1875,0.1875,0.1875,0.1875,,,
0.346337080001831,0,0.1875,0.1875,0.1875,0.1875,0.1875,0.1875,,,
0.348336935043335,0,0.1875,0.1875,0.1875,0.1875,0.1875,0.1875,,,
0.350339889526367,0,0.1875,0.1875,0.1875,0.1875,0.1875,0.1875,,,
0.35233998298645,0,0.1875,0.1875,0.1875,0.1875,0.1875,0.1875,,,
0.354342937469482,0,0.1875,0.1875,0.1875,0.1875,0.1875,0.1875,,,
0.356345891952515,0,0.1875,0.1875,0.1875,0.1875,0.1875,0.1875,,,
0.358345985412598,0,0.1875,0.1875,0.1875,0.1875,0.1875,0.1875,,,
0.36034893989563,0,0.1875,0.1875,0.1875,0.1875,0.1875,0.1875,,,
0.362349033355713,0,0.1875,0.1875,0.1875,0.1875,0.1875,0.1875,,,
0.364351987838745,0,0.1875,0.1875,0.1875,0.1875,0.1875,0.1875,,,
0.366352081298828,0,0.1875,0.1875,0.1875,0.1875,0.1875,0.1875,,,
0.36835503578186,0,0.1875,0.1875,0.1875,0.1875,0.1875,0.1875,,,
0.370357990264893,0,0.1875,0.1875,0.1875,0.1875,0.1875,0.1875,,,
0.372358083724976,0,0.1875,0.1875,0.1875,0.1875,0.1875,0.1875,,,
0.374361038208008,0,0.1875,0.1875,0.1875,0.1875,0.1875,0.1875,,,
0.376360893249512,0,0.1875,0.1875,0.1875,0.1875,0.1875,0.1875,,,
0.378364086151123,0,0.1875,0.1875,0.1875,0.1875,0.1875,0.1875,,,
0.380364894866943,0,0.1875,0.1875,0.1875,0.1875,0.1875,0.1875,,,
0.382366895675659,0,0.1875,0.1875,0.1875,0.1875,0.1875,0.1875,,,
0.384367942810059,0,0.1875,0.1875,0.1875,0.1875,0.1875,0.1875,,,
0.386370897293091,0,0.1875,0.1875,0.1875,0.1875,0.1875,0.1875,,,
0.388370990753174,0,0.1875,0.1875,0.1875,0.1875,0.1875,0.1875,,,
0.390373945236206,0,0.1875,0.1875,0.1875,0.1875,0.1875,0.1875,,,
0.392376899719238,0,0.1875,0.1875,0.1875,0.1875,0.1875,0.1875,,,
0.394376993179321,0,0.1875,0.1875,0.1875,0.1875,0.1875,0.1875,,,
0.396379947662354,0,0.1875,0.1875,0.1875,0.1875,0.1875,0.1875,,,
0.398380041122437,0,0.1875,0.1875,0.1875,0.1875,0.1875,0.1875,,,
0.400382995605469,0,0.1875,0.1875,0.1875,0.1875,0.1875,0.1875,,,
0.402383089065552,0,0.1875,0.1875,0.1875,0.1875,0.1875,0.1875,,,
0.404386043548584,0,0.1875,0.1875,0.1875,0.1875,0.1875,0.1875,,,
0.406385898590088,0,0.1875,0.1875,0.1875,0.1875,0.1875,0.1875,,,
0.408389091491699,0,0.1875,0.1875,0.1875,0.1875,0.1875,0.1875,,,
0.41038990020752,0,0.1875,0.1875,0.1875,0.1875,0.1875,0.1875,,,
0.412391901016235,0,0.1875,0.1875,0.1875,0.1875,0.1875,0.1875,,,
0.414395093917847,0,0.1875,0.1875,0.1875,0.1875,0.1875,0.1875,,,
0.416395902633667,0,0.1875,0.1875,0.1875,0.1875,0.1875,0.1875,,,
0.418397903442383,0,0.1875,0.1875,0.1875,0.1875,0.1875,0.1875,,,
0.420398950576782,0,0.1875,0.1875,0.1875,0.1875,0.1875,0.1875,,,
0.422400951385498,0,0.1875,0.1875,0.1875,0.1875,0.1875,0.1875,,,
0.42440390586853,0,0.1875,0.1875,0.1875,0.1875,0.1875,0.1875,,,
0.42640495300293,0,0.1875,0.1875,0.1875,0.1875,0.1875,0.1875,,,
0.428406953811646,0,0.1875,0.1875,0.1875,0.1875,0.1875,0.1875,,,
0.430408000946045,0,0.1875,0.1875,0.1875,0.1875,0.1875,0.1875,,,
0.432410955429077,0,0.1875,0.1875,0.1875,0.1875,0.1875,0.1875,,,
0.43441104888916,0,0.1875,0.1875,0.1875,0.1875,0.1875,0.1875,,,
0.436414003372192,0,0.1875,0.1875,0.1875,0.1875,0.1875,0.1875,,,
0.438414096832275,0,0.1875,0.1875,0.1875,0.1875,0.1875,0.1875,,,
0.440417051315308,0,0.1875,0.1875,0.1875,0.1875,0.1875,0.1875,,,
0.44242000579834,0,0.1875,0.1875,0.1875,0.1875,0.1875,0.1875,,,
0.444420099258423,0,0.1875,0.1875,0.1875,0.1875,0.1875,0.1875,,,
0.446423053741455,0,0.1875,0.1875,0.1875,0.1875,0.1875,0.1875,,,
0.448422908782959,0,0.1875,0.1875,0.1875,0.1875,0.1875,0.1875,,,
0.45042610168457,0,0.1875,0.1875,0.1875,0.1875,0.1875,0.1875,,,
0.452425956726074,0,0.1875,0.1875,0.1875,0.1875,0.1875,0.1875,,,
0.454428911209106,0,0.1875,0.1875,0.1875,0.1875,0.1875,0.1875,,,
0.456429004669189,0,0.1875,0.1875,0.1875,0.1875,0.1875,0.1875,,,
0.458431959152222,0,0.1875,0.1875,0.1875,0.1875,0.1875,0.1875,,,
0.460434913635254,0,0.1875,0.1875,0.1875,0.1875,0.1875,0.1875,,,
0.462435960769653,0,0.1875,0.1875,0.1875,0.1875,0.1875,0.1875,,,
0.464437961578369,0,0.1875,0.1875,0.1875,0.1875,0.1875,0.1875,,,
0.466439008712769,0,0.1875,0.1875,0.1875,0.1875,0.1875,0.1875,,,
0.468441009521484,0,0.1875,0.1875,0.1875,0.1875,0.1875,0.1875,,,
0.470442056655884,0,0.1875,0.1875,0.1875,0.1875,0.1875,0.1875,,,
0.472445011138916,0,0.1875,0.1875,0.1875,0.1875,0.1875,0.1875,,,
0.47444486618042,0,0.1875,0.1875,0.1875,0.1875,0.1875,0.1875,,,
0.476448059082031,0,0.1875,0.1875,0.1875,0.1875,0.1875,0.1875,,,
0.478451013565063,0,0.1875,0.1875,0.1875,0.1875,0.1875,0.1875,,,
0.480450868606567,0,0.1875,0.1875,0.1875,0.1875,0.1875,0.1875,,,
0.482454061508179,0,0.1875,0.1875,0.1875,0.1875,0.1875,0.1875,,,
0.484453916549683,0,0.1875,0.1875,0.1875,0.1875,0.1875,0.1875,,,
0.486456871032715,0,0.1875,0.1875,0.1875,0.1875,0.1875,0.1875,,,
0.488456964492798,0,0.1875,0.1875,0.1875,0.1875,0.1875,0.1875,,,
0.49045991897583,0,0.1875,0.1875,0.1875,0.1875,0.1875,0.1875,,,
0.492460012435913,0,0.1875,0.1875,0.1875,0.1875,0.1875,0.1875,,,
0.494462966918945,0,0.1875,0.1875,0.1875,0.1875,0.1875,0.1875,,,
0.496463060379028,0,0.1875,0.1875,0.1875,0.1875,0.1875,0.1875,,,
0.498466014862061,0,0.1875,0.1875,0.1875,0.1875,0.1875,0.1875,,,
0.500468969345093,0,0.1875,0.1875,0.1875,0.1875,0.1875,0.1875,,,
0.502469062805176,0,0.1875,0.1875,0.1875,0.1875,0.1875,0.1875,,,
0.504472017288208,0,0.1875,0.1875,0.1875,0.1875,0.1875,0.1875,,,
0.506471872329712,0,0.1875,0.1875,0.1875,0.1875,0.1875,0.1875,,,
0.508475065231323,0,0.1875,0.1875,0.1875,0.1875,0.1875,0.1875,,,
0.510474920272827,0,0.1875,0.1875,0.1875,0.1875,0.1875,0.1875,,,
0.512477874755859,0,0.1875,0.1875,0.1875,0.1875,0.1875,0.1875,,,
0.514481067657471,0,0.1875,0.1875,0.1875,0.1875,0.1875,0.1875,,,
0.516480922698975,0,0.1875,0.1875,0.1875,0.1875,0.1875,0.1875,,,
0.518483877182007,0,0.1875,0.1875,0.1875,0.1875,0.1875,0.1875,,,
0.52048397064209,0,0.1875,0.1875,0.1875,0.1875,0.1875,0.1875,,,
0.522486925125122,0,0.1875,0.1875,0.1875,0.1875,0.1875,0.1875,,,
0.524487018585205,0,0.1875,0.1875,0.1875,0.1875,0.1875,0.1875,,,
0.526489973068237,0,0.1875,0.1875,0.1875,0.1875,0.1875,0.1875,,,
0.52849292755127,0,0.1875,0.1875,0.1875,0.1875,0.1875,0.1875,,,
0.530493021011353,0,0.1875,0.1875,0.1875,0.1875,0.1875,0.1875,,,
0.532495975494385,0,0.1875,0.1875,0.1875,0.1875,0.1875,0.1875,,,
0.534497022628784,0,0.1875,0.1875,0.1875,0.1875,0.1875,0.1875,,,
0.5364990234375,0,0.1875,0.1875,0.1875,0.1875,0.1875,0.1875,,,
0.538500070571899,0,0.1875,0.1875,0.1875,0.1875,0.1875,0.1875,,,
0.540503025054932,0,0.1875,0.1875,0.1875,0.1875,0.1875,0.1875,,,
0.542502880096436,0,0.1875,0.1875,0.1875,0.1875,0.1875,0.1875,,,
0.544506072998047,0,0.1875,0.1875,0.1875,0.1875,0.1875,0.1875,,,
0.546576023101807,0,0.1875,0.1875,0.1875,0.1875,0.1875,0.1875,,,
0.548577070236206,0,0.1875,0.1875,0.1875,0.1875,0.1875,0.1875,,,
0.550579071044922,0,0.1875,0.1875,0.1875,0.1875,0.1875,0.1875,,,
0.552579879760742,0,0.1875,0.1875,0.1875,0.1875,0.1875,0.1875,,,
0.554583072662354,0,0.1875,0.1875,0.1875,0.1875,0.1875,0.1875,,,
0.556582927703857,0,0.1875,0.1875,0.1875,0.1875,0.1875,0.1875,,,
0.55858588218689,0,0.1875,0.1875,0.1875,0.1875,0.1875,0.1875,,,
0.560585975646973,0,0.1875,0.1875,0.1875,0.1875,0.1875,0.1875,,,
0.562588930130005,0,0.1875,0.1875,0.1875,0.1875,0.1875,0.1875,,,
0.564589023590088,0,0.1875,0.1875,0.1875,0.1875,0.1875,0.1875,,,
0.56659197807312,0,0.1875,0.1875,0.1875,0.1875,0.1875,0.1875,,,
0.568594932556152,0,0.1875,0.1875,0.1875,0.1875,0.1875,0.1875,,,
0.570595026016235,0,0.1875,0.1875,0.1875,0.1875,0.1875,0.1875,,,
0.572597980499268,0,0.1875,0.1875,0.1875,0.1875,0.1875,0.1875,,,
0.574598073959351,0,0.1875,0.1875,0.1875,0.1875,0.1875,0.1875,,,
0.576601028442383,0,0.1875,0.1875,0.1875,0.1875,0.1875,0.1875,,,
0.578600883483887,0,0.1875,0.1875,0.1875,0.1875,0.1875,0.1875,,,
0.580604076385498,0,0.1875,0.1875,0.1875,0.1875,0.1875,0.1875,,,
0.58260703086853,0,0.1875,0.1875,0.1875,0.1875,0.1875,0.1875,,,
0.584606885910034,0,0.1875,0.1875,0.1875,0.1875,0.1875,0.1875,,,
0.586610078811646,0,0.1875,0.1875,0.1875,0.1875,0.1875,0.1875,,,
0.588609933853149,0,0.1875,0.1875,0.1875,0.1875,0.1875,0.1875,,,
0.590612888336182,0,0.1875,0.1875,0.1875,0.1875,0.1875,0.1875,,,
0.592613935470581,0,0.1875,0.1875,0.1875,0.1875,0.1875,0.1875,,,
0.594615936279297,0,0.1875,0.1875,0.1875,0.1875,0.1875,0.1875,,,
0.596616983413696,0,0.1875,0.1875,0.1875,0.1875,0.1875,0.1875,,,
0.598619937896729,0,0.1875,0.1875,0.1875,0.1875,0.1875,0.1875,,,
0.600620031356812,0,0.1875,0.1875,0.1875,0.1875,0.1875,0.1875,,,
0.602622985839844,0,0.1875,0.1875,0.1875,0.1875,0.1875,0.1875,,,
0.604625940322876,0,0.1875,0.1875,0.1875,0.1875,0.1875,0.1875,,,
0.606626033782959,0,0.1875,0.1875,0.1875,0.1875,0.1875,0.1875,,,
0.608628988265991,0,0.1875,0.1875,0.1875,0.1875,0.1875,0.1875,,,
0.610629081726074,0,0.1875,0.1875,0.1875,0.1875,0.1875,0.1875,,,
0.612632036209106,0,0.1875,0.1875,0.1875,0.1875,0.1875,0.1875,,,
0.61463189125061,0,0.1875,0.1875,0.1875,0.1875,0.1875,0.1875,,,
0.616635084152222,0,0.1875,0.1875,0.1875,0.1875,0.1875,0.1875,,,
0.618635892868042,0,0.1875,0.1875,0.1875,0.1875,0.1875,0.1875,,,
0.620637893676758,0,0.1875,0.1875,0.1875,0.1875,0.1875,0.1875,,,
0.622638940811157,0,0.1875,0.1875,0.1875,0.1875,0.1875,0.1875,,,
0.624641895294189,0,0.1875,0.1875,0.1875,0.1875,0.1875,0.1875,,,
0.626643896102905,0,0.1875,0.1875,0.1875,0.1875,0.1875,0.1875,,,
0.628644943237305,0,0.1875,0.1875,0.1875,0.1875,0.1875,0.1875,,,
0.630646944046021,0,0.1875,0.1875,0.1875,0.1875,0.1875,0.1875,,,
0.63264799118042,0,0.1875,0.1875,0.1875,0.1875,0.1875,0.1875,,,
0.634649991989136,0,0.1875,0.1875,0.1875,0.1875,0.1875,0.1875,,,
0.636652946472168,0,0.1875,0.1875,0.1875,0.1875,0.1875,0.1875,,,
0.638653993606567,0,0.1875,0.1875,0.1875,0.1875,0.1875,0.1875,,,
0.640655994415283,0,0.1875,0.1875,0.1875,0.1875,0.1875,0.1875,,,
0.642657041549683,0,0.1875,0.1875,0.1875,0.1875,0.1875,0.1875,,,
0.644659996032715,0,0.1875,0.1875,0.1875,0.1875,0.1875,0.1875,,,
0.646660089492798,0,0.1875,0.1875,0.1875,0.1875,0.1875,0.1875,,,
0.64866304397583,0,0.1875,0.1875,0.1875,0.1875,0.1875,0.1875,,,
0.650665998458862,0,0.1875,0.1875,0.1875,0.1875,0.1875,0.1875,,,
0.652666091918945,0,0.1875,0.1875,0.1875,0.1875,0.1875,0.1875,,,
0.654669046401978,0,0.1875,0.1875,0.1875,0.1875,0.1875,0.1875,,,
0.656668901443481,0,0.1875,0.1875,0.1875,0.1875,0.1875,0.1875,,,
0.658672094345093,0,0.1875,0.1875,0.1875,0.1875,0.1875,0.1875,,,
0.660671949386597,0,0.1875,0.1875,0.1875,0.1875,0.1875,0.1875,,,
0.662674903869629,0,0.1875,0.1875,0.1875,0.1875,0.1875,0.1875,,,
0.664674997329712,0,0.1875,0.1875,0.1875,0.1875,0.1875,0.1875,,,
0.666677951812744,0,0.1875,0.1875,0.1875,0.1875,0.1875,0.1875,,,
0.668680906295776,0,0.1875,0.1875,0.1875,0.1875,0.1875,0.1875,,,
0.670680999755859,0,0.1875,0.1875,0.1875,0.1875,0.1875,0.1875,,,
0.672683954238892,0,0.1875,0.1875,0.1875,0.1875,0.1875,0.1875,,,
0.674684047698975,0,0.1875,0.1875,0.1875,0.1875,0.1875,0.1875,,,
0.676687002182007,0,0.1875,0.1875,0.1875,0.1875,0.1875,0.1875,,,
0.67868709564209,0,0.1875,0.1875,0.1875,0.1875,0.1875,0.1875,,,
0.680690050125122,0,0.1875,0.1875,0.1875,0.1875,0.1875,0.1875,,,
0.682689905166626,0,0.1875,0.1875,0.1875,0.1875,0.1875,0.1875,,,
0.684693098068237,0,0.1875,0.1875,0.1875,0.1875,0.1875,0.1875,,,
0.68669605255127,0,0.1875,0.1875,0.1875,0.1875,0.1875,0.1875,,,
0.688695907592773,0,0.1875,0.1875,0.1875,0.1875,0.1875,0.1875,,,
0.690699100494385,0,0.1875,0.1875,0.1875,0.1875,0.1875,0.1875,,,
0.692698955535889,0,0.1875,0.1875,0.1875,0.1875,0.1875,0.1875,,,
0.694701910018921,0,0.1875,0.1875,0.1875,0.1875,0.1875,0.1875,,,
0.696702003479004,0,0.1875,0.1875,0.1875,0.1875,0.1875,0.1875,,,
0.698704957962036,0,0.1875,0.1875,0.1875,0.1875,0.1875,0.1875,,,
0.700705051422119,0,0.1875,0.1875,0.1875,0.1875,0.1875,0.1875,,,
0.702708005905151,0,0.1875,0.1875,0.1875,0.1875,0.1875,0.1875,,,
0.704710960388184,0,0.1875,0.1875,0.1875,0.1875,0.1875,0.1875,,,
0.706711053848267,0,0.1875,0.1875,0.1875,0.1875,0.1875,0.1875,,,
0.708714008331299,0,0.1875,0.1875,0.1875,0.1875,0.1875,0.1875,,,
0.710714101791382,0,0.1875,0.1875,0.1875,0.1875,0.1875,0.1875,,,
0.712717056274414,0,0.1875,0.1875,0.1875,0.1875,0.1875,0.1875,,,
0.714716911315918,0,0.1875,0.1875,0.1875,0.1875,0.1875,0.1875,,,
0.71671986579895,0,0.1875,0.1875,0.1875,0.1875,0.1875,0.1875,,,
0.718723058700562,0,0.1875,0.1875,0.1875,0.1875,0.1875,0.1875,,,
0.720722913742065,0,0.1875,0.1875,0.1875,0.1875,0.1875,0.1875,,,
0.722725868225098,0,0.1875,0.1875,0.1875,0.1875,0.1875,0.1875,,,
0.724725961685181,0,0.1875,0.1875,0.1875,0.1875,0.1875,0.1875,,,
0.726728916168213,0,0.1875,0.1875,0.1875,0.1875,0.1875,0.1875,,,
0.728729963302612,0,0.1875,0.1875,0.1875,0.1875,0.1875,0.1875,,,
0.730731964111328,0,0.1875,0.1875,0.1875,0.1875,0.1875,0.1875,,,
0.732733011245728,0,0.1875,0.1875,0.1875,0.1875,0.1875,0.1875,,,
0.73473596572876,0,0.1875,0.1875,0.1875,0.1875,0.1875,0.1875,,,
0.736736059188843,0,0.1875,0.1875,0.1875,0.1875,0.1875,0.1875,,,
0.738739013671875,0,0.1875,0.1875,0.1875,0.1875,0.1875,0.1875,,,
0.740741968154907,0,0.1875,0.1875,0.1875,0.1875,0.1875,0.1875,,,
0.74274206161499,0,0.1875,0.1875,0.1875,0.1875,0.1875,0.1875,,,
0.744745016098022,0,0.1875,0.1875,0.1875,0.1875,0.1875,0.1875,,,
0.746744871139526,0,0.1875,0.1875,0.1875,0.1875,0.1875,0.1875,,,
0.748748064041138,0,0.1875,0.1875,0.1875,0.1875,0.1875,0.1875,,,
0.75075101852417,0,0.1875,0.1875,0.1875,0.1875,0.1875,0.1875,,,
0.752750873565674,0,0.1875,0.1875,0.1875,0.1875,0.1875,0.1875,,,
0.754754066467285,0,0.1875,0.1875,0.1875,0.1875,0.1875,0.1875,,,
0.756753921508789,0,0.1875,0.1875,0.1875,0.1875,0.1875,0.1875,,,
0.758756875991821,0,0.1875,0.1875,0.1875,0.1875,0.1875,0.1875,,,
0.760756969451904,0,0.1875,0.1875,0.1875,0.1875,0.1875,0.1875,,,
0.762759923934937,0,0.1875,0.1875,0.1875,0.1875,0.1875,0.1875,,,
0.76476001739502,0,0.1875,0.1875,0.1875,0.1875,0.1875,0.1875,,,
0.766762971878052,0,0.1875,0.1875,0.1875,0.1875,0.1875,0.1875,,,
0.768765926361084,0,0.1875,0.1875,0.1875,0.1875,0.1875,0.1875,,,
0.770766019821167,0,0.1875,0.1875,0.1875,0.1875,0.1875,0.1875,,,
0.772768974304199,0,0.1875,0.1875,0.1875,0.1875,0.1875,0.1875,,,
0.774771928787231,0,0.1875,0.1875,0.1875,0.1875,0.1875,0.1875,,,
0.776772022247314,0,0.1875,0.1875,0.1875,0.1875,0.1875,0.1875,,,
0.778774976730347,0,0.1875,0.1875,0.1875,0.1875,0.1875,0.1875,,,
0.78077507019043,0,0.1875,0.1875,0.1875,0.1875,0.1875,0.1875,,,
0.782778024673462,0,0.1875,0.1875,0.1875,0.1875,0.1875,0.1875,,,
0.784779071807861,0,0.1875,0.1875,0.1875,0.1875,0.1875,0.1875,,,
0.786781072616577,0,0.1875,0.1875,0.1875,0.1875,0.1875,0.1875,,,
0.788781881332397,0,0.1875,0.1875,0.1875,0.1875,0.1875,0.1875,,,
0.790785074234009,0,0.1875,0.1875,0.1875,0.1875,0.1875,0.1875,,,
0.792788028717041,0,0.1875,0.1875,0.1875,0.1875,0.1875,0.1875,,,
0.794787883758545,0,0.1875,0.1875,0.1875,0.1875,0.1875,0.1875,,,
0.796791076660156,0,0.1875,0.1875,0.1875,0.1875,0.1875,0.1875,,,
0.79879093170166,0,0.1875,0.1875,0.1875,0.1875,0.1875,0.1875,,,
0.800793886184692,0,0.1875,0.1875,0.1875,0.1875,0.1875,0.1875,,,
0.802793979644775,0,0.1875,0.1875,0.1875,0.1875,0.1875,0.1875,,,
0.804796934127808,0,0.1875,0.1875,0.1875,0.1875,0.1875,0.1875,,,
0.80679988861084,0,0.1875,0.1875,0.1875,0.1875,0.1875,0.1875,,,
0.808799982070923,0,0.1875,0.1875,0.1875,0.1875,0.1875,0.1875,,,
0.810802936553955,0,0.1875,0.1875,0.1875,0.1875,0.1875,0.1875,,,
0.812803030014038,0,0.1875,0.1875,0.1875,0.1875,0.1875,0.1875,,,
0.81480598449707,0,0.1875,0.1875,0.1875,0.1875,0.1875,0.1875,,,
0.816806077957153,0,0.1875,0.1875,0.1875,0.1875,0.1875,0.1875,,,
0.818809032440186,0,0.1875,0.1875,0.1875,0.1875,0.1875,0.1875,,,
0.820808887481689,0,0.1875,0.1875,0.1875,0.1875,0.1875,0.1875,,,
0.822812080383301,0,0.1875,0.1875,0.1875,0.1875,0.1875,0.1875,,,
0.824815034866333,0,0.1875,0.1875,0.1875,0.1875,0.1875,0.1875,,,
0.826814889907837,0,0.1875,0.1875,0.1875,0.1875,0.1875,0.1875,,,
0.828818082809448,0,0.1875,0.1875,0.1875,0.1875,0.1875,0.1875,,,
0.830818891525269,0,0.1875,0.1875,0.1875,0.1875,0.1875,0.1875,,,
0.832820892333984,0,0.1875,0.1875,0.1875,0.1875,0.1875,0.1875,,,
0.834821939468384,0,0.1875,0.1875,0.1875,0.1875,0.1875,0.1875,,,
0.8368239402771,0,0.1875,0.1875,0.1875,0.1875,0.1875,0.1875,,,
0.838826894760132,0,0.1875,0.1875,0.1875,0.1875,0.1875,0.1875,,,
0.840826988220215,0,0.1875,0.1875,0.1875,0.1875,0.1875,0.1875,,,
0.842829942703247,0,0.1875,0.1875,0.1875,0.1875,0.1875,0.1875,,,
0.84483003616333,0,0.1875,0.1875,0.1875,0.1875,0.1875,0.1875,,,
0.846832990646362,0,0.1875,0.1875,0.1875,0.1875,0.1875,0.1875,,,
0.848835945129395,0,0.1875,0.1875,0.1875,0.1875,0.1875,0.1875,,,
0.850836038589478,0,0.1875,0.1875,0.1875,0.1875,0.1875,0.1875,,,
0.85283899307251,0,0.1875,0.1875,0.1875,0.1875,0.1875,0.1875,,,
0.854840040206909,0,0.1875,0.1875,0.1875,0.1875,0.1875,0.1875,,,
0.856842041015625,0,0.1875,0.1875,0.1875,0.1875,0.1875,0.1875,,,
0.858843088150024,0,0.1875,0.1875,0.1875,0.1875,0.1875,0.1875,,,
0.860846042633057,0,0.1875,0.1875,0.1875,0.1875,0.1875,0.1875,,,
0.862845897674561,0,0.1875,0.1875,0.1875,0.1875,0.1875,0.1875,,,
0.864849090576172,0,0.1875,0.1875,0.1875,0.1875,0.1875,0.1875,,,
0.866851091384888,0,0.1875,0.1875,0.1875,0.1875,0.1875,0.1875,,,
0.868851900100708,0,0.1875,0.1875,0.1875,0.1875,0.1875,0.1875,,,
0.870853900909424,0,0.1875,0.1875,0.1875,0.1875,0.1875,0.1875,,,
0.872854948043823,0,0.1875,0.1875,0.1875,0.1875,0.1875,0.1875,,,
0.874856948852539,0,0.1875,0.1875,0.1875,0.1875,0.1875,0.1875,,,
0.876859903335571,0,0.1875,0.1875,0.1875,0.1875,0.1875,0.1875,,,
0.878860950469971,0,0.1875,0.1875,0.1875,0.1875,0.1875,0.1875,,,
0.880862951278687,0,0.1875,0.1875,0.1875,0.1875,0.1875,0.1875,,,
0.882863998413086,0,0.1875,0.1875,0.1875,0.1875,0.1875,0.1875,,,
0.884866952896118,0,0.1875,0.1875,0.1875,0.1875,0.1875,0.1875,,,
0.886867046356201,0,0.1875,0.1875,0.1875,0.1875,0.1875,0.1875,,,
0.888870000839233,0,0.1875,0.1875,0.1875,0.1875,0.1875,0.1875,,,
0.890870094299316,0,0.1875,0.1875,0.1875,0.1875,0.1875,0.1875,,,
0.892873048782349,0,0.1875,0.1875,0.1875,0.1875,0.1875,0.1875,,,
0.894875049591064,0,0.1875,0.1875,0.1875,0.1875,0.1875,0.1875,,,
0.896876096725464,0,0.1875,0.1875,0.1875,0.1875,0.1875,0.1875,,,
0.898879051208496,0,0.1875,0.1875,0.1875,0.1875,0.1875,0.1875,,,
0.90087890625,0,0.1875,0.1875,0.1875,0.1875,0.1875,0.1875,,,
0.902882099151611,0,0.1875,0.1875,0.1875,0.1875,0.1875,0.1875,,,
0.904881954193115,0,0.1875,0.1875,0.1875,0.1875,0.1875,0.1875,,,
0.906884908676147,0,0.1875,0.1875,0.1875,0.1875,0.1875,0.1875,,,
0.908886909484863,0,0.1875,0.1875,0.1875,0.1875,0.1875,0.1875,,,
0.910887956619263,0,0.1875,0.1875,0.1875,0.1875,0.1875,0.1875,,,
0.912889957427979,0,0.1875,0.1875,0.1875,0.1875,0.1875,0.1875,,,
0.914891004562378,0,0.1875,0.1875,0.1875,0.1875,0.1875,0.1875,,,
0.91689395904541,0,0.1875,0.1875,0.1875,0.1875,0.1875,0.1875,,,
0.918894052505493,0,0.1875,0.1875,0.1875,0.1875,0.1875,0.1875,,,
0.920897006988525,0,0.1875,0.1875,0.1875,0.1875,0.1875,0.1875,,,
0.922897100448608,0,0.1875,0.1875,0.1875,0.1875,0.1875,0.1875,,,
0.924900054931641,0,0.1875,0.1875,0.1875,0.1875,0.1875,0.1875,,,
0.926899909973145,0,0.1875,0.1875,0.1875,0.1875,0.1875,0.1875,,,
0.928903102874756,0,0.1875,0.1875,0.1875,0.1875,0.1875,0.1875,,,
0.930906057357788,0,0.1875,0.1875,0.1875,0.1875,0.1875,0.1875,,,
0.932905912399292,0,0.1875,0.1875,0.1875,0.1875,0.1875,0.1875,,,
0.934908866882324,0,0.1875,0.1875,0.1875,0.1875,0.1875,0.1875,,,
0.936909914016724,0,0.1875,0.1875,0.1875,0.1875,0.1875,0.1875,,,
0.938911914825439,0,0.1875,0.1875,0.1875,0.1875,0.1875,0.1875,,,
0.940912961959839,0,0.1875,0.1875,0.1875,0.1875,0.1875,0.1875,,,
0.942914962768555,0,0.1875,0.1875,0.1875,0.1875,0.1875,0.1875,,,
0.944916009902954,0,0.1875,0.1875,0.1875,0.1875,0.1875,0.1875,,,
0.946918964385986,0,0.1875,0.1875,0.1875,0.1875,0.1875,0.1875,,,
0.948920965194702,0,0.1875,0.1875,0.1875,0.1875,0.1875,0.1875,,,
0.950922012329102,0,0.1875,0.1875,0.1875,0.1875,0.1875,0.1875,,,
0.952924966812134,0,0.1875,0.1875,0.1875,0.1875,0.1875,0.1875,,,
0.954925060272217,0,0.1875,0.1875,0.1875,0.1875,0.1875,0.1875,,,
0.956928014755249,0,0.1875,0.1875,0.1875,0.1875,0.1875,0.1875,,,
0.958927869796753,0,0.1875,0.1875,0.1875,0.1875,0.1875,0.1875,,,
0.960931062698364,0,0.1875,0.1875,0.1875,0.1875,0.1875,0.1875,,,
0.962930917739868,0,0.1875,0.1875,0.1875,0.1875,0.1875,0.1875,,,
0.9649338722229,0,0.1875,0.1875,0.1875,0.1875,0.1875,0.1875,,,
0.966937065124512,0,0.1875,0.1875,0.1875,0.1875,0.1875,0.1875,,,
0.968936920166016,0,0.1875,0.1875,0.1875,0.1875,0.1875,0.1875,,,
0.970939874649048,0,0.1875,0.1875,0.1875,0.1875,0.1875,0.1875,,,
0.972939968109131,0,0.1875,0.1875,0.1875,0.1875,0.1875,0.1875,,,
0.974942922592163,0,0.1875,0.1875,0.1875,0.1875,0.1875,0.1875,,,
0.976943016052246,0,0.1875,0.1875,0.1875,0.1875,0.1875,0.1875,,,
0.978945970535278,0,0.1875,0.1875,0.1875,0.1875,0.1875,0.1875,,,
0.980946063995361,0,0.1875,0.1875,0.1875,0.1875,0.1875,0.1875,,,
0.982949018478394,0,0.1875,0.1875,0.1875,0.1875,0.1875,0.1875,,,
0.984951972961426,0,0.1875,0.1875,0.1875,0.1875,0.1875,0.1875,,,
0.986952066421509,0,0.1875,0.1875,0.1875,0.1875,0.1875,0.1875,,,
0.988955020904541,0,0.1875,0.1875,0.1875,0.1875,0.1875,0.1875,,,
0.990954875946045,0,0.1875,0.1875,0.1875,0.1875,0.1875,0.1875,,,
0.992958068847656,0,0.1875,0.1875,0.1875,0.1875,0.1875,0.1875,,,
0.994958877563477,0,0.1875,0.1875,0.1875,0.1875,0.1875,0.1875,,,
0.996960878372192,0,0.1875,0.1875,0.1875,0.1875,0.1875,0.1875,,,
0.998964071273804,0,0.1875,0.1875,0.1875,0.1875,0.1875,0.1875,,,
1.00096487998962,0,0.1875,0.1875,0.1875,0.1875,0.1875,0.1875,,,
1.00296807289124,0,0.1875,0.1875,0.1875,0.1875,0.1875,0.1875,,,
1.00496792793274,0,0.1875,0.1875,0.1875,0.1875,0.1875,0.1875,,,
1.00697088241577,0,0.1875,0.1875,0.1875,0.1875,0.1875,0.1875,,,
1.00897097587585,0,0.1875,0.1875,0.1875,0.1875,0.1875,0.1875,,,
1.01097393035889,0,0.1875,0.1875,0.1875,0.1875,0.1875,0.1875,,,
1.01297688484192,0,0.1875,0.1875,0.1875,0.1875,0.1875,0.1875,,,
1.014976978302,0,0.1875,0.1875,0.1875,0.1875,0.1875,0.1875,,,
1.01697897911072,0,0.1875,0.1875,0.1875,0.1875,0.1875,0.1875,,,
1.01898193359375,0,0.1875,0.1875,0.1875,0.1875,0.1875,0.1875,,,
1.02098298072815,0,0.1875,0.1875,0.1875,0.1875,0.1875,0.1875,,,
1.02298593521118,0,0.1875,0.1875,0.1875,0.1875,0.1875,0.1875,,,
1.02498602867126,0,0.1875,0.1875,0.1875,0.1875,0.1875,0.1875,,,
1.0269889831543,0,0.1875,0.1875,0.1875,0.1875,0.1875,0.1875,,,
1.02898907661438,0,0.1875,0.1875,0.1875,0.1875,0.1875,0.1875,,,
1.03099203109741,0,0.1875,0.1875,0.1875,0.1875,0.1875,0.1875,,,
1.03299188613892,0,0.1875,0.1875,0.1875,0.1875,0.1875,0.1875,,,
1.03499507904053,0,0.1875,0.1875,0.1875,0.1875,0.1875,0.1875,,,
1.03699803352356,0,0.1875,0.1875,0.1875,0.1875,0.1875,0.1875,,,
1.03899908065796,0,0.1875,0.1875,0.1875,0.1875,0.1875,0.1875,,,
1.04100203514099,0,0.1875,0.1875,0.1875,0.1875,0.1875,0.1875,,,
1.0430018901825,0,0.1875,0.1875,0.1875,0.1875,0.1875,0.1875,,,
1.04500508308411,0,0.1875,0.1875,0.1875,0.1875,0.1875,0.1875,,,
1.04700493812561,0,0.1875,0.1875,0.1875,0.1875,0.1875,0.1875,,,
1.04900789260864,0,0.1875,0.1875,0.1875,0.1875,0.1875,0.1875,,,
1.05101108551025,0,0.1875,0.1875,0.1875,0.1875,0.1875,0.1875,,,
1.05301094055176,0,0.1875,0.1875,0.1875,0.1875,0.1875,0.1875,,,
1.05501294136047,0,0.1875,0.1875,0.1875,0.1875,0.1875,0.1875,,,
1.05701589584351,0,0.1875,0.1875,0.1875,0.1875,0.1875,0.1875,,,
1.05897402763367,0,0.1875,0.1875,0.1875,0.1875,0.1875,0.1875,,,
1.0609769821167,0,0.1875,0.1875,0.1875,0.1875,0.1875,0.1875,,,
1.06297707557678,0,0.1875,0.1875,0.1875,0.1875,0.1875,0.1875,,,
1.06498003005981,0,0.1875,0.1875,0.1875,0.1875,0.1875,0.1875,,,
1.06698298454285,0,0.1875,0.1875,0.1875,0.1875,0.1875,0.1875,,,
1.06898403167725,0,0.1875,0.1875,0.1875,0.1875,0.1875,0.1875,,,
1.07098603248596,0,0.1875,0.1875,0.1875,0.1875,0.1875,0.1875,,,
1.07298707962036,0,0.1875,0.1875,0.1875,0.1875,0.1875,0.1875,,,
1.07499003410339,0,0.1875,0.1875,0.1875,0.1875,0.1875,0.1875,,,
1.07699108123779,0,0.1875,0.1875,0.1875,0.1875,0.1875,0.1875,,,
1.07899403572083,0,0.1875,0.1875,0.1875,0.1875,0.1875,0.1875,,,
1.08099389076233,0,0.1875,0.1875,0.1875,0.1875,0.1875,0.1875,,,
1.08299708366394,0,0.1875,0.1875,0.1875,0.1875,0.1875,0.1875,,,
1.08499908447266,0,0.1875,0.1875,0.1875,0.1875,0.1875,0.1875,,,
1.08699989318848,0,0.1875,0.1875,0.1875,0.1875,0.1875,0.1875,,,
1.08900189399719,0,0.1875,0.1875,0.1875,0.1875,0.1875,0.1875,,,
1.09100294113159,0,0.1875,0.1875,0.1875,0.1875,0.1875,0.1875,,,
1.09300494194031,0,0.1875,0.1875,0.1875,0.1875,0.1875,0.1875,,,
1.09500789642334,0,0.1875,0.1875,0.1875,0.1875,0.1875,0.1875,,,
1.09700798988342,0,0.1875,0.1875,0.1875,0.1875,0.1875,0.1875,,,
1.09901094436646,0,0.1875,0.1875,0.1875,0.1875,0.1875,0.1875,,,
1.10101294517517,0,0.1875,0.1875,0.1875,0.1875,0.1875,0.1875,,,
1.10301399230957,0,0.1875,0.1875,0.1875,0.1875,0.1875,0.1875,,,
1.10501599311829,0,0.1875,0.1875,0.1875,0.1875,0.1875,0.1875,,,
1.10701894760132,0,0.1875,0.1875,0.1875,0.1875,0.1875,0.1875,,,
1.1090190410614,0,0.1875,0.1875,0.1875,0.1875,0.1875,0.1875,,,
1.11102199554443,0,0.1875,0.1875,0.1875,0.1875,0.1875,0.1875,,,
1.11302208900452,0,0.1875,0.1875,0.1875,0.1875,0.1875,0.1875,,,
1.11502504348755,0,0.1875,0.1875,0.1875,0.1875,0.1875,0.1875,,,
1.11702704429626,0,0.1875,0.1875,0.1875,0.1875,0.1875,0.1875,,,
1.11902809143066,0,0.1875,0.1875,0.1875,0.1875,0.1875,0.1875,,,
1.12103009223938,0,0.1875,0.1875,0.1875,0.1875,0.1875,0.1875,,,
1.12303304672241,0,0.1875,0.1875,0.1875,0.1875,0.1875,0.1875,,,
1.12503290176392,0,0.1875,0.1875,0.1875,0.1875,0.1875,0.1875,,,
1.12703609466553,0,0.1875,0.1875,0.1875,0.1875,0.1875,0.1875,,,
1.12903594970703,0,0.1875,0.1875,0.1875,0.1875,0.1875,0.1875,,,
1.13103795051575,0,0.1875,0.1875,0.1875,0.1875,0.1875,0.1875,,,
1.13304090499878,0,0.1875,0.1875,0.1875,0.1875,0.1875,0.1875,,,
1.13504099845886,0,0.1875,0.1875,0.1875,0.1875,0.1875,0.1875,,,
1.13704395294189,0,0.1875,0.1875,0.1875,0.1875,0.1875,0.1875,,,
1.13904690742493,0,0.1875,0.1875,0.1875,0.1875,0.1875,0.1875,,,
1.14104700088501,0,0.1875,0.1875,0.1875,0.1875,0.1875,0.1875,,,
1.14304995536804,0,0.1875,0.1875,0.1875,0.1875,0.1875,0.1875,,,
1.14505004882813,0,0.1875,0.1875,0.1875,0.1875,0.1875,0.1875,,,
1.14705204963684,0,0.1875,0.1875,0.1875,0.1875,0.1875,0.1875,,,
1.14905500411987,0,0.1875,0.1875,0.1875,0.1875,0.1875,0.1875,,,
1.15105509757996,0,0.1875,0.1875,0.1875,0.1875,0.1875,0.1875,,,
1.15305805206299,0,0.1875,0.1875,0.1875,0.1875,0.1875,0.1875,,,
1.1550600528717,0,0.1875,0.1875,0.1875,0.1875,0.1875,0.1875,,,
1.1570611000061,0,0.1875,0.1875,0.1875,0.1875,0.1875,0.1875,,,
1.15906310081482,0,0.1875,0.1875,0.1875,0.1875,0.1875,0.1875,,,
1.16106605529785,0,0.1875,0.1875,0.1875,0.1875,0.1875,0.1875,,,
1.16306591033936,0,0.1875,0.1875,0.1875,0.1875,0.1875,0.1875,,,
1.16507387161255,0,0.1875,0.1875,0.1875,0.1875,0.1875,0.1875,,,
1.16707396507263,0,0.1875,0.1875,0.1875,0.1875,0.1875,0.1875,,,
1.16907691955566,0,0.1875,0.1875,0.1875,0.1875,0.1875,0.1875,,,
1.17107701301575,0,0.1875,0.1875,0.1875,0.1875,0.1875,0.1875,,,
1.17307686805725,0,0.1875,0.1875,0.1875,0.1875,0.1875,0.1875,,,
1.17507791519165,0,0.1875,0.1875,0.1875,0.1875,0.1875,0.1875,,,
1.17708086967468,0,0.1875,0.1875,0.1875,0.1875,0.1875,0.1875,,,
1.17908096313477,0,0.1875,0.1875,0.1875,0.1875,0.1875,0.1875,,,
1.1810839176178,0,0.1875,0.1875,0.1875,0.1875,0.1875,0.1875,,,
1.18308401107788,0,0.1875,0.1875,0.1875,0.1875,0.1875,0.1875,,,
1.18508696556091,0,0.1875,0.1875,0.1875,0.1875,0.1875,0.1875,,,
1.187087059021,0,0.1875,0.1875,0.1875,0.1875,0.1875,0.1875,,,
1.18909001350403,0,0.1875,0.1875,0.1875,0.1875,0.1875,0.1875,,,
1.19109296798706,0,0.1875,0.1875,0.1875,0.1875,0.1875,0.1875,,,
1.19309306144714,0,0.1875,0.1875,0.1875,0.1875,0.1875,0.1875,,,
1.19509601593018,0,0.1875,0.1875,0.1875,0.1875,0.1875,0.1875,,,
1.19709587097168,0,0.1875,0.1875,0.1875,0.1875,0.1875,0.1875,,,
1.19909906387329,0,0.1875,0.1875,0.1875,0.1875,0.1875,0.1875,,,
1.20110201835632,0,0.1875,0.1875,0.1875,0.1875,0.1875,0.1875,,,
1.20310187339783,0,0.1875,0.1875,0.1875,0.1875,0.1875,0.1875,,,
1.20510506629944,0,0.1875,0.1875,0.1875,0.1875,0.1875,0.1875,,,
1.20710492134094,0,0.1875,0.1875,0.1875,0.1875,0.1875,0.1875,,,
1.20910787582397,0,0.1875,0.1875,0.1875,0.1875,0.1875,0.1875,,,
1.21111106872559,0,0.1875,0.1875,0.1875,0.1875,0.1875,0.1875,,,
1.21311092376709,0,0.1875,0.1875,0.1875,0.1875,0.1875,0.1875,,,
1.21511387825012,0,0.1875,0.1875,0.1875,0.1875,0.1875,0.1875,,,
1.21711397171021,0,0.1875,0.1875,0.1875,0.1875,0.1875,0.1875,,,
1.21911692619324,0,0.1875,0.1875,0.1875,0.1875,0.1875,0.1875,,,
1.22111701965332,0,0.1875,0.1875,0.1875,0.1875,0.1875,0.1875,,,
1.22311997413635,0,0.1875,0.1875,0.1875,0.1875,0.1875,0.1875,,,
1.22512292861938,0,0.1875,0.1875,0.1875,0.1875,0.1875,0.1875,,,
1.22712302207947,0,0.1875,0.1875,0.1875,0.1875,0.1875,0.1875,,,
1.2291259765625,0,0.1875,0.1875,0.1875,0.1875,0.1875,0.1875,,,
1.23112607002258,0,0.1875,0.1875,0.1875,0.1875,0.1875,0.1875,,,
1.23312902450562,0,0.1875,0.1875,0.1875,0.1875,0.1875,0.1875,,,
1.23513197898865,0,0.1875,0.1875,0.1875,0.1875,0.1875,0.1875,,,
1.23713207244873,0,0.1875,0.1875,0.1875,0.1875,0.1875,0.1875,,,
1.23913502693176,0,0.1875,0.1875,0.1875,0.1875,0.1875,0.1875,,,
1.24113607406616,0,0.1875,0.1875,0.1875,0.1875,0.1875,0.1875,,,
1.24313807487488,0,0.1875,0.1875,0.1875,0.1875,0.1875,0.1875,,,
1.2451388835907,0,0.1875,0.1875,0.1875,0.1875,0.1875,0.1875,,,
1.24714207649231,0,0.1875,0.1875,0.1875,0.1875,0.1875,0.1875,,,
1.24914407730103,0,0.1875,0.1875,0.1875,0.1875,0.1875,0.1875,,,
1.25114488601685,0,0.1875,0.1875,0.1875,0.1875,0.1875,0.1875,,,
1.25314807891846,0,0.1875,0.1875,0.1875,0.1875,0.1875,0.1875,,,
1.25514793395996,0,0.1875,0.1875,0.1875,0.1875,0.1875,0.1875,,,
1.25715088844299,0,0.1875,0.1875,0.1875,0.1875,0.1875,0.1875,,,
1.25915098190308,0,0.1875,0.1875,0.1875,0.1875,0.1875,0.1875,,,
1.26115393638611,0,0.1875,0.1875,0.1875,0.1875,0.1875,0.1875,,,
1.26315689086914,0,0.1875,0.1875,0.1875,0.1875,0.1875,0.1875,,,
1.26515698432922,0,0.1875,0.1875,0.1875,0.1875,0.1875,0.1875,,,
1.26715993881226,0,0.1875,0.1875,0.1875,0.1875,0.1875,0.1875,,,
1.26916003227234,0,0.1875,0.1875,0.1875,0.1875,0.1875,0.1875,,,
1.27116298675537,0,0.1875,0.1875,0.1875,0.1875,0.1875,0.1875,,,
1.27316403388977,0,0.1875,0.1875,0.1875,0.1875,0.1875,0.1875,,,
1.27516603469849,0,0.1875,0.1875,0.1875,0.1875,0.1875,0.1875,,,
1.27716898918152,0,0.1875,0.1875,0.1875,0.1875,0.1875,0.1875,,,
1.2791690826416,0,0.1875,0.1875,0.1875,0.1875,0.1875,0.1875,,,
1.28117203712463,0,0.1875,0.1875,0.1875,0.1875,0.1875,0.1875,,,
1.28317308425903,0,0.1875,0.1875,0.1875,0.1875,0.1875,0.1875,,,
1.28517508506775,0,0.1875,0.1875,0.1875,0.1875,0.1875,0.1875,,,
1.28717589378357,0,0.1875,0.1875,0.1875,0.1875,0.1875,0.1875,,,
1.28917908668518,0,0.1875,0.1875,0.1875,0.1875,0.1875,0.1875,,,
1.2911810874939,0,0.1875,0.1875,0.1875,0.1875,0.1875,0.1875,,,
1.29318189620972,0,0.1875,0.1875,0.1875,0.1875,0.1875,0.1875,,,
1.29518389701843,0,0.1875,0.1875,0.1875,0.1875,0.1875,0.1875,,,
1.29718494415283,0,0.1875,0.1875,0.1875,0.1875,0.1875,0.1875,,,
1.29918694496155,0,0.1875,0.1875,0.1875,0.1875,0.1875,0.1875,,,
1.30118989944458,0,0.1875,0.1875,0.1875,0.1875,0.1875,0.1875,,,
1.30319094657898,0,0.1875,0.1875,0.1875,0.1875,0.1875,0.1875,,,
1.3051929473877,0,0.1875,0.1875,0.1875,0.1875,0.1875,0.1875,,,
1.30719399452209,0,0.1875,0.1875,0.1875,0.1875,0.1875,0.1875,,,
1.30919694900513,0,0.1875,0.1875,0.1875,0.1875,0.1875,0.1875,,,
1.31119704246521,0,0.1875,0.1875,0.1875,0.1875,0.1875,0.1875,,,
1.31319999694824,0,0.1875,0.1875,0.1875,0.1875,0.1875,0.1875,,,
1.31520295143127,0,0.1875,0.1875,0.1875,0.1875,0.1875,0.1875,,,
1.31720304489136,0,0.1875,0.1875,0.1875,0.1875,0.1875,0.1875,,,
1.31920599937439,0,0.1875,0.1875,0.1875,0.1875,0.1875,0.1875,,,
1.32120609283447,0,0.1875,0.1875,0.1875,0.1875,0.1875,0.1875,,,
1.3232090473175,0,0.1875,0.1875,0.1875,0.1875,0.1875,0.1875,,,
1.32520890235901,0,0.1875,0.1875,0.1875,0.1875,0.1875,0.1875,,,
1.32721209526062,0,0.1875,0.1875,0.1875,0.1875,0.1875,0.1875,,,
1.32921504974365,0,0.1875,0.1875,0.1875,0.1875,0.1875,0.1875,,,
1.33121490478516,0,0.1875,0.1875,0.1875,0.1875,0.1875,0.1875,,,
1.33321809768677,0,0.1875,0.1875,0.1875,0.1875,0.1875,0.1875,,,
1.33521795272827,0,0.1875,0.1875,0.1875,0.1875,0.1875,0.1875,,,
1.3372209072113,0,0.1875,0.1875,0.1875,0.1875,0.1875,0.1875,,,
1.33922100067139,0,0.1875,0.1875,0.1875,0.1875,0.1875,0.1875,,,
1.34122395515442,0,0.1875,0.1875,0.1875,0.1875,0.1875,0.1875,,,
1.34322690963745,0,0.1875,0.1875,0.1875,0.1875,0.1875,0.1875,,,
1.34522700309753,0,0.1875,0.1875,0.1875,0.1875,0.1875,0.1875,,,
1.34722995758057,0,0.1875,0.1875,0.1875,0.1875,0.1875,0.1875,,,
1.3492329120636,0,0.1875,0.1875,0.1875,0.1875,0.1875,0.1875,,,
1.35123300552368,0,0.1875,0.1875,0.1875,0.1875,0.1875,0.1875,,,
1.35323596000671,0,0.1875,0.1875,0.1875,0.1875,0.1875,0.1875,,,
1.35523700714111,0,0.1875,0.1875,0.1875,0.1875,0.1875,0.1875,,,
1.35723900794983,0,0.1875,0.1875,0.1875,0.1875,0.1875,0.1875,,,
1.35924196243286,0,0.1875,0.1875,0.1875,0.1875,0.1875,0.1875,,,
1.36124300956726,0,0.1875,0.1875,0.1875,0.1875,0.1875,0.1875,,,
1.36324501037598,0,0.1875,0.1875,0.1875,0.1875,0.1875,0.1875,,,
1.36524605751038,0,0.1875,0.1875,0.1875,0.1875,0.1875,0.1875,,,
1.36724805831909,0,0.1875,0.1875,0.1875,0.1875,0.1875,0.1875,,,
1.36925101280212,0,0.1875,0.1875,0.1875,0.1875,0.1875,0.1875,,,
1.37125205993652,0,0.1875,0.1875,0.1875,0.1875,0.1875,0.1875,,,
1.37325406074524,0,0.1875,0.1875,0.1875,0.1875,0.1875,0.1875,,,
1.37525701522827,0,0.1875,0.1875,0.1875,0.1875,0.1875,0.1875,,,
1.37725806236267,0,0.1875,0.1875,0.1875,0.1875,0.1875,0.1875,,,
1.37926006317139,0,0.1875,0.1875,0.1875,0.1875,0.1875,0.1875,,,
1.38126087188721,0,0.1875,0.1875,0.1875,0.1875,0.1875,0.1875,,,
1.38326287269592,0,0.1875,0.1875,0.1875,0.1875,0.1875,0.1875,,,
1.38526606559753,0,0.1875,0.1875,0.1875,0.1875,0.1875,0.1875,,,
1.38726687431335,0,0.1875,0.1875,0.1875,0.1875,0.1875,0.1875,,,
1.38926887512207,0,0.1875,0.1875,0.1875,0.1875,0.1875,0.1875,,,
1.39126992225647,0,0.1875,0.1875,0.1875,0.1875,0.1875,0.1875,,,
1.39327192306519,0,0.1875,0.1875,0.1875,0.1875,0.1875,0.1875,,,
1.39527487754822,0,0.1875,0.1875,0.1875,0.1875,0.1875,0.1875,,,
1.39727592468262,0,0.1875,0.1875,0.1875,0.1875,0.1875,0.1875,,,
1.39927792549133,0,0.1875,0.1875,0.1875,0.1875,0.1875,0.1875,,,
1.40127897262573,0,0.1875,0.1875,0.1875,0.1875,0.1875,0.1875,,,
1.40328192710876,0,0.1875,0.1875,0.1875,0.1875,0.1875,0.1875,,,
1.40528202056885,0,0.1875,0.1875,0.1875,0.1875,0.1875,0.1875,,,
1.40728497505188,0,0.1875,0.1875,0.1875,0.1875,0.1875,0.1875,,,
1.40928792953491,0,0.1875,0.1875,0.1875,0.1875,0.1875,0.1875,,,
1.411288022995,0,0.1875,0.1875,0.1875,0.1875,0.1875,0.1875,,,
1.41329097747803,0,0.1875,0.1875,0.1875,0.1875,0.1875,0.1875,,,
1.41529107093811,0,0.1875,0.1875,0.1875,0.1875,0.1875,0.1875,,,
1.41729402542114,0,0.1875,0.1875,0.1875,0.1875,0.1875,0.1875,,,
1.41929697990417,0,0.1875,0.1875,0.1875,0.1875,0.1875,0.1875,,,
1.42129707336426,0,0.1875,0.1875,0.1875,0.1875,0.1875,0.1875,,,
1.42330002784729,0,0.1875,0.1875,0.1875,0.1875,0.1875,0.1875,,,
1.42530298233032,0,0.1875,0.1875,0.1875,0.1875,0.1875,0.1875,,,
1.42730307579041,0,0.1875,0.1875,0.1875,0.1875,0.1875,0.1875,,,
1.42930603027344,0,0.1875,0.1875,0.1875,0.1875,0.1875,0.1875,,,
1.43130588531494,0,0.1875,0.1875,0.1875,0.1875,0.1875,0.1875,,,
1.43330907821655,0,0.1875,0.1875,0.1875,0.1875,0.1875,0.1875,,,
1.43530893325806,0,0.1875,0.1875,0.1875,0.1875,0.1875,0.1875,,,
1.43731188774109,0,0.1875,0.1875,0.1875,0.1875,0.1875,0.1875,,,
1.4393150806427,0,0.1875,0.1875,0.1875,0.1875,0.1875,0.1875,,,
1.4413149356842,0,0.1875,0.1875,0.1875,0.1875,0.1875,0.1875,,,
1.44331789016724,0,0.1875,0.1875,0.1875,0.1875,0.1875,0.1875,,,
1.44531798362732,0,0.1875,0.1875,0.1875,0.1875,0.1875,0.1875,,,
1.44732093811035,0,0.1875,0.1875,0.1875,0.1875,0.1875,0.1875,,,
1.44932389259338,0,0.1875,0.1875,0.1875,0.1875,0.1875,0.1875,,,
1.45132398605347,0,0.1875,0.1875,0.1875,0.1875,0.1875,0.1875,,,
1.4533269405365,0,0.1875,0.1875,0.1875,0.1875,0.1875,0.1875,,,
1.45532703399658,0,0.1875,0.1875,0.1875,0.1875,0.1875,0.1875,,,
1.45732998847961,0,0.1875,0.1875,0.1875,0.1875,0.1875,0.1875,,,
1.4593300819397,0,0.1875,0.1875,0.1875,0.1875,0.1875,0.1875,,,
1.46133303642273,0,0.1875,0.1875,0.1875,0.1875,0.1875,0.1875,,,
1.46333599090576,0,0.1875,0.1875,0.1875,0.1875,0.1875,0.1875,,,
1.46533608436584,0,0.1875,0.1875,0.1875,0.1875,0.1875,0.1875,,,
1.46733903884888,0,0.1875,0.1875,0.1875,0.1875,0.1875,0.1875,,,
1.46933889389038,0,0.1875,0.1875,0.1875,0.1875,0.1875,0.1875,,,
1.47134208679199,0,0.1875,0.1875,0.1875,0.1875,0.1875,0.1875,,,
1.47334504127502,0,0.1875,0.1875,0.1875,0.1875,0.1875,0.1875,,,
1.47534489631653,0,0.1875,0.1875,0.1875,0.1875,0.1875,0.1875,,,
1.47734808921814,0,0.1875,0.1875,0.1875,0.1875,0.1875,0.1875,,,
1.47934794425964,0,0.1875,0.1875,0.1875,0.1875,0.1875,0.1875,,,
1.48135089874268,0,0.1875,0.1875,0.1875,0.1875,0.1875,0.1875,,,
1.48335194587708,0,0.1875,0.1875,0.1875,0.1875,0.1875,0.1875,,,
1.48535394668579,0,0.1875,0.1875,0.1875,0.1875,0.1875,0.1875,,,
1.48735690116882,0,0.1875,0.1875,0.1875,0.1875,0.1875,0.1875,,,
1.48935699462891,0,0.1875,0.1875,0.1875,0.1875,0.1875,0.1875,,,
1.49135994911194,0,0.1875,0.1875,0.1875,0.1875,0.1875,0.1875,,,
1.49336099624634,0,0.1875,0.1875,0.1875,0.1875,0.1875,0.1875,,,
1.49536299705505,0,0.1875,0.1875,0.1875,0.1875,0.1875,0.1875,,,
1.49736404418945,0,0.1875,0.1875,0.1875,0.1875,0.1875,0.1875,,,
1.49936699867249,0,0.1875,0.1875,0.1875,0.1875,0.1875,0.1875,,,
1.50136709213257,0,0.1875,0.1875,0.1875,0.1875,0.1875,0.1875,,,
1.5033700466156,0,0.1875,0.1875,0.1875,0.1875,0.1875,0.1875,,,
1.50537204742432,0,0.1875,0.1875,0.1875,0.1875,0.1875,0.1875,,,
1.50737309455872,0,0.1875,0.1875,0.1875,0.1875,0.1875,0.1875,,,
1.50937604904175,0,0.1875,0.1875,0.1875,0.1875,0.1875,0.1875,,,
1.51137590408325,0,0.1875,0.1875,0.1875,0.1875,0.1875,0.1875,,,
1.51337909698486,0,0.1875,0.1875,0.1875,0.1875,0.1875,0.1875,,,
1.51537895202637,0,0.1875,0.1875,0.1875,0.1875,0.1875,0.1875,,,
1.5173819065094,0,0.1875,0.1875,0.1875,0.1875,0.1875,0.1875,,,
1.51938509941101,0,0.1875,0.1875,0.1875,0.1875,0.1875,0.1875,,,
1.52138495445251,0,0.1875,0.1875,0.1875,0.1875,0.1875,0.1875,,,
1.52338790893555,0,0.1875,0.1875,0.1875,0.1875,0.1875,0.1875,,,
1.52538800239563,0,0.1875,0.1875,0.1875,0.1875,0.1875,0.1875,,,
1.52739095687866,0,0.1875,0.1875,0.1875,0.1875,0.1875,0.1875,,,
1.52939295768738,0,0.1875,0.1875,0.1875,0.1875,0.1875,0.1875,,,
1.53139400482178,0,0.1875,0.1875,0.1875,0.1875,0.1875,0.1875,,,
1.53339695930481,0,0.1875,0.1875,0.1875,0.1875,0.1875,0.1875,,,
1.53539705276489,0,0.1875,0.1875,0.1875,0.1875,0.1875,0.1875,,,
1.53740000724792,0,0.1875,0.1875,0.1875,0.1875,0.1875,0.1875,,,
1.53940010070801,0,0.1875,0.1875,0.1875,0.1875,0.1875,0.1875,,,
1.54140305519104,0,0.1875,0.1875,0.1875,0.1875,0.1875,0.1875,,,
1.54340600967407,0,0.1875,0.1875,0.1875,0.1875,0.1875,0.1875,,,
1.54540610313416,0,0.1875,0.1875,0.1875,0.1875,0.1875,0.1875,,,
1.54740905761719,0,0.1875,0.1875,0.1875,0.1875,0.1875,0.1875,,,
1.54940891265869,0,0.1875,0.1875,0.1875,0.1875,0.1875,0.1875,,,
1.55141186714172,0,0.1875,0.1875,0.1875,0.1875,0.1875,0.1875,,,
1.55341196060181,0,0.1875,0.1875,0.1875,0.1875,0.1875,0.1875,,,
1.55541491508484,0,0.1875,0.1875,0.1875,0.1875,0.1875,0.1875,,,
1.55741786956787,0,0.1875,0.1875,0.1875,0.1875,0.1875,0.1875,,,
1.55947709083557,0,0.1875,0.1875,0.1875,0.1875,0.1875,0.1875,,,
1.5614800453186,0,0.1875,0.1875,0.1875,0.1875,0.1875,0.1875,,,
1.56347990036011,0,0.1875,0.1875,0.1875,0.1875,0.1875,0.1875,,,
1.56548309326172,0,0.1875,0.1875,0.1875,0.1875,0.1875,0.1875,,,
1.56748604774475,0,0.1875,0.1875,0.1875,0.1875,0.1875,0.1875,,,
1.56948590278625,0,0.1875,0.1875,0.1875,0.1875,0.1875,0.1875,,,
1.57148909568787,0,0.1875,0.1875,0.1875,0.1875,0.1875,0.1875,,,
1.57348895072937,0,0.1875,0.1875,0.1875,0.1875,0.1875,0.1875,,,
1.5754919052124,0,0.1875,0.1875,0.1875,0.1875,0.1875,0.1875,,,
1.57749199867249,0,0.1875,0.1875,0.1875,0.1875,0.1875,0.1875,,,
1.57949495315552,0,0.1875,0.1875,0.1875,0.1875,0.1875,0.1875,,,
1.58149790763855,0,0.1875,0.1875,0.1875,0.1875,0.1875,0.1875,,,
1.58349800109863,0,0.1875,0.1875,0.1875,0.1875,0.1875,0.1875,,,
1.58550095558167,0,0.1875,0.1875,0.1875,0.1875,0.1875,0.1875,,,
1.58750104904175,0,0.1875,0.1875,0.1875,0.1875,0.1875,0.1875,,,
1.58950400352478,0,0.1875,0.1875,0.1875,0.1875,0.1875,0.1875,,,
1.59150695800781,0,0.1875,0.1875,0.1875,0.1875,0.1875,0.1875,,,
1.5935070514679,0,0.1875,0.1875,0.1875,0.1875,0.1875,0.1875,,,
1.59551000595093,0,0.1875,0.1875,0.1875,0.1875,0.1875,0.1875,,,
1.59751009941101,0,0.1875,0.1875,0.1875,0.1875,0.1875,0.1875,,,
1.59951305389404,0,0.1875,0.1875,0.1875,0.1875,0.1875,0.1875,,,
1.60151600837708,0,0.1875,0.1875,0.1875,0.1875,0.1875,0.1875,,,
1.60351610183716,0,0.1875,0.1875,0.1875,0.1875,0.1875,0.1875,,,
1.60551905632019,0,0.1875,0.1875,0.1875,0.1875,0.1875,0.1875,,,
1.60751891136169,0,0.1875,0.1875,0.1875,0.1875,0.1875,0.1875,,,
1.60952186584473,0,0.1875,0.1875,0.1875,0.1875,0.1875,0.1875,,,
1.61152505874634,0,0.1875,0.1875,0.1875,0.1875,0.1875,0.1875,,,
1.61352491378784,0,0.1875,0.1875,0.1875,0.1875,0.1875,0.1875,,,
1.61552786827087,0,0.1875,0.1875,0.1875,0.1875,0.1875,0.1875,,,
1.61752796173096,0,0.1875,0.1875,0.1875,0.1875,0.1875,0.1875,,,
1.61953091621399,0,0.1875,0.1875,0.1875,0.1875,0.1875,0.1875,,,
1.62153100967407,0,0.1875,0.1875,0.1875,0.1875,0.1875,0.1875,,,
1.6235339641571,0,0.1875,0.1875,0.1875,0.1875,0.1875,0.1875,,,
1.62553691864014,0,0.1875,0.1875,0.1875,0.1875,0.1875,0.1875,,,
1.62753701210022,0,0.1875,0.1875,0.1875,0.1875,0.1875,0.1875,,,
1.62953996658325,0,0.1875,0.1875,0.1875,0.1875,0.1875,0.1875,,,
1.63154101371765,0,0.1875,0.1875,0.1875,0.1875,0.1875,0.1875,,,
1.63354301452637,0,0.1875,0.1875,0.1875,0.1875,0.1875,0.1875,,,
1.6355459690094,0,0.1875,0.1875,0.1875,0.1875,0.1875,0.1875,,,
1.63754606246948,0,0.1875,0.1875,0.1875,0.1875,0.1875,0.1875,,,
1.63954901695251,0,0.1875,0.1875,0.1875,0.1875,0.1875,0.1875,,,
1.64154887199402,0,0.1875,0.1875,0.1875,0.1875,0.1875,0.1875,,,
1.64355206489563,0,0.1875,0.1875,0.1875,0.1875,0.1875,0.1875,,,
1.64555501937866,0,0.1875,0.1875,0.1875,0.1875,0.1875,0.1875,,,
1.64755487442017,0,0.1875,0.1875,0.1875,0.1875,0.1875,0.1875,,,
1.64955806732178,0,0.1875,0.1875,0.1875,0.1875,0.1875,0.1875,,,
1.65155792236328,0,0.1875,0.1875,0.1875,0.1875,0.1875,0.1875,,,
1.65356087684631,0,0.1875,0.1875,0.1875,0.1875,0.1875,0.1875,,,
1.65556406974792,0,0.1875,0.1875,0.1875,0.1875,0.1875,0.1875,,,
1.65756392478943,0,0.1875,0.1875,0.1875,0.1875,0.1875,0.1875,,,
1.65956687927246,0,0.1875,0.1875,0.1875,0.1875,0.1875,0.1875,,,
1.66156697273254,0,0.1875,0.1875,0.1875,0.1875,0.1875,0.1875,,,
1.66356992721558,0,0.1875,0.1875,0.1875,0.1875,0.1875,0.1875,,,
1.66557097434998,0,0.1875,0.1875,0.1875,0.1875,0.1875,0.1875,,,
1.66757392883301,0,0.1875,0.1875,0.1875,0.1875,0.1875,0.1875,,,
1.66957402229309,0,0.1875,0.1875,0.1875,0.1875,0.1875,0.1875,,,
1.67157697677612,0,0.1875,0.1875,0.1875,0.1875,0.1875,0.1875,,,
1.67357897758484,0,0.1875,0.1875,0.1875,0.1875,0.1875,0.1875,,,
1.67558002471924,0,0.1875,0.1875,0.1875,0.1875,0.1875,0.1875,,,
1.67758202552795,0,0.1875,0.1875,0.1875,0.1875,0.1875,0.1875,,,
1.67958307266235,0,0.1875,0.1875,0.1875,0.1875,0.1875,0.1875,,,
1.68158602714539,0,0.1875,0.1875,0.1875,0.1875,0.1875,0.1875,,,
1.68358588218689,0,0.1875,0.1875,0.1875,0.1875,0.1875,0.1875,,,
1.6855890750885,0,0.1875,0.1875,0.1875,0.1875,0.1875,0.1875,,,
1.68758893013,0,0.1875,0.1875,0.1875,0.1875,0.1875,0.1875,,,
1.68959188461304,0,0.1875,0.1875,0.1875,0.1875,0.1875,0.1875,,,
1.69159507751465,0,0.1875,0.1875,0.1875,0.1875,0.1875,0.1875,,,
1.69359493255615,0,0.1875,0.1875,0.1875,0.1875,0.1875,0.1875,,,
1.69559788703918,0,0.1875,0.1875,0.1875,0.1875,0.1875,0.1875,,,
1.69759798049927,0,0.1875,0.1875,0.1875,0.1875,0.1875,0.1875,,,
1.6996009349823,0,0.1875,0.1875,0.1875,0.1875,0.1875,0.1875,,,
1.70160102844238,0,0.1875,0.1875,0.1875,0.1875,0.1875,0.1875,,,
1.70360398292542,0,0.1875,0.1875,0.1875,0.1875,0.1875,0.1875,,,
1.70560693740845,0,0.1875,0.1875,0.1875,0.1875,0.1875,0.1875,,,
1.70760703086853,0,0.1875,0.1875,0.1875,0.1875,0.1875,0.1875,,,
1.70960998535156,0,0.1875,0.1875,0.1875,0.1875,0.1875,0.1875,,,
1.71161007881165,0,0.1875,0.1875,0.1875,0.1875,0.1875,0.1875,,,
1.71361303329468,0,0.1875,0.1875,0.1875,0.1875,0.1875,0.1875,,,
1.71561598777771,0,0.1875,0.1875,0.1875,0.1875,0.1875,0.1875,,,
1.71761608123779,0,0.1875,0.1875,0.1875,0.1875,0.1875,0.1875,,,
1.71961903572083,0,0.1875,0.1875,0.1875,0.1875,0.1875,0.1875,,,
1.72161889076233,0,0.1875,0.1875,0.1875,0.1875,0.1875,0.1875,,,
1.72362208366394,0,0.1875,0.1875,0.1875,0.1875,0.1875,0.1875,,,
1.72562503814697,0,0.1875,0.1875,0.1875,0.1875,0.1875,0.1875,,,
1.72762489318848,0,0.1875,0.1875,0.1875,0.1875,0.1875,0.1875,,,
1.72962808609009,0,0.1875,0.1875,0.1875,0.1875,0.1875,0.1875,,,
1.73162794113159,0,0.1875,0.1875,0.1875,0.1875,0.1875,0.1875,,,
1.73363089561462,0,0.1875,0.1875,0.1875,0.1875,0.1875,0.1875,,,
1.73563408851624,0,0.1875,0.1875,0.1875,0.1875,0.1875,0.1875,,,
1.73763394355774,0,0.1875,0.1875,0.1875,0.1875,0.1875,0.1875,,,
1.73963689804077,0,0.1875,0.1875,0.1875,0.1875,0.1875,0.1875,,,
1.74163699150085,0,0.1875,0.1875,0.1875,0.1875,0.1875,0.1875,,,
1.74363994598389,0,0.1875,0.1875,0.1875,0.1875,0.1875,0.1875,,,
1.74564099311829,0,0.1875,0.1875,0.1875,0.1875,0.1875,0.1875,,,
1.747642993927,0,0.1875,0.1875,0.1875,0.1875,0.1875,0.1875,,,
1.7496440410614,0,0.1875,0.1875,0.1875,0.1875,0.1875,0.1875,,,
1.75164604187012,0,0.1875,0.1875,0.1875,0.1875,0.1875,0.1875,,,
1.75364899635315,0,0.1875,0.1875,0.1875,0.1875,0.1875,0.1875,,,
1.75564908981323,0,0.1875,0.1875,0.1875,0.1875,0.1875,0.1875,,,
1.75765204429626,0,0.1875,0.1875,0.1875,0.1875,0.1875,0.1875,,,
1.75965309143066,0,0.1875,0.1875,0.1875,0.1875,0.1875,0.1875,,,
1.76165509223938,0,0.1875,0.1875,0.1875,0.1875,0.1875,0.1875,,,
1.7636559009552,0,0.1875,0.1875,0.1875,0.1875,0.1875,0.1875,,,
1.76565909385681,0,0.1875,0.1875,0.1875,0.1875,0.1875,0.1875,,,
1.76765894889832,0,0.1875,0.1875,0.1875,0.1875,0.1875,0.1875,,,
1.76966190338135,0,0.1875,0.1875,0.1875,0.1875,0.1875,0.1875,,,
1.77166199684143,0,0.1875,0.1875,0.1875,0.1875,0.1875,0.1875,,,
1.77366495132446,0,0.1875,0.1875,0.1875,0.1875,0.1875,0.1875,,,
1.77566695213318,0,0.1875,0.1875,0.1875,0.1875,0.1875,0.1875,,,
1.77766799926758,0,0.1875,0.1875,0.1875,0.1875,0.1875,0.1875,,,
1.77967095375061,0,0.1875,0.1875,0.1875,0.1875,0.1875,0.1875,,,
1.78167104721069,0,0.1875,0.1875,0.1875,0.1875,0.1875,0.1875,,,
1.78367400169373,0,0.1875,0.1875,0.1875,0.1875,0.1875,0.1875,,,
1.78567409515381,0,0.1875,0.1875,0.1875,0.1875,0.1875,0.1875,,,
1.78767704963684,0,0.1875,0.1875,0.1875,0.1875,0.1875,0.1875,,,
1.78967905044556,0,0.1875,0.1875,0.1875,0.1875,0.1875,0.1875,,,
1.79168009757996,0,0.1875,0.1875,0.1875,0.1875,0.1875,0.1875,,,
1.79368305206299,0,0.1875,0.1875,0.1875,0.1875,0.1875,0.1875,,,
1.79568290710449,0,0.1875,0.1875,0.1875,0.1875,0.1875,0.1875,,,
1.7976861000061,0,0.1875,0.1875,0.1875,0.1875,0.1875,0.1875,,,
1.79968595504761,0,0.1875,0.1875,0.1875,0.1875,0.1875,0.1875,,,
1.80168890953064,0,0.1875,0.1875,0.1875,0.1875,0.1875,0.1875,,,
1.80368900299072,0,0.1875,0.1875,0.1875,0.1875,0.1875,0.1875,,,
1.80569195747375,0,0.1875,0.1875,0.1875,0.1875,0.1875,0.1875,,,
1.80769491195679,0,0.1875,0.1875,0.1875,0.1875,0.1875,0.1875,,,
1.80969500541687,0,0.1875,0.1875,0.1875,0.1875,0.1875,0.1875,,,
1.8116979598999,0,0.1875,0.1875,0.1875,0.1875,0.1875,0.1875,,,
1.81369805335999,0,0.1875,0.1875,0.1875,0.1875,0.1875,0.1875,,,
1.81570100784302,0,0.1875,0.1875,0.1875,0.1875,0.1875,0.1875,,,
1.81770205497742,0,0.1875,0.1875,0.1875,0.1875,0.1875,0.1875,,,
1.81970405578613,0,0.1875,0.1875,0.1875,0.1875,0.1875,0.1875,,,
1.82170510292053,0,0.1875,0.1875,0.1875,0.1875,0.1875,0.1875,,,
1.82370805740356,0,0.1875,0.1875,0.1875,0.1875,0.1875,0.1875,,,
1.82571005821228,0,0.1875,0.1875,0.1875,0.1875,0.1875,0.1875,,,
1.8277108669281,0,0.1875,0.1875,0.1875,0.1875,0.1875,0.1875,,,
1.82971405982971,0,0.1875,0.1875,0.1875,0.1875,0.1875,0.1875,,,
1.83171391487122,0,0.1875,0.1875,0.1875,0.1875,0.1875,0.1875,,,
1.83371686935425,0,0.1875,0.1875,0.1875,0.1875,0.1875,0.1875,,,
1.83571696281433,0,0.1875,0.1875,0.1875,0.1875,0.1875,0.1875,,,
1.83771991729736,0,0.1875,0.1875,0.1875,0.1875,0.1875,0.1875,,,
1.8397228717804,0,0.1875,0.1875,0.1875,0.1875,0.1875,0.1875,,,
1.84172296524048,0,0.1875,0.1875,0.1875,0.1875,0.1875,0.1875,,,
1.84372591972351,0,0.1875,0.1875,0.1875,0.1875,0.1875,0.1875,,,
1.84572601318359,0,0.1875,0.1875,0.1875,0.1875,0.1875,0.1875,,,
1.84772896766663,0,0.1875,0.1875,0.1875,0.1875,0.1875,0.1875,,,
1.84973192214966,0,0.1875,0.1875,0.1875,0.1875,0.1875,0.1875,,,
1.85173201560974,0,0.1875,0.1875,0.1875,0.1875,0.1875,0.1875,,,
1.85373497009277,0,0.1875,0.1875,0.1875,0.1875,0.1875,0.1875,,,
1.85573506355286,0,0.1875,0.1875,0.1875,0.1875,0.1875,0.1875,,,
1.85773801803589,0,0.1875,0.1875,0.1875,0.1875,0.1875,0.1875,,,
1.85973787307739,0,0.1875,0.1875,0.1875,0.1875,0.1875,0.1875,,,
1.861741065979,0,0.1875,0.1875,0.1875,0.1875,0.1875,0.1875,,,
1.86374402046204,0,0.1875,0.1875,0.1875,0.1875,0.1875,0.1875,,,
1.86574387550354,0,0.1875,0.1875,0.1875,0.1875,0.1875,0.1875,,,
1.86774706840515,0,0.1875,0.1875,0.1875,0.1875,0.1875,0.1875,,,
1.86974692344666,0,0.1875,0.1875,0.1875,0.1875,0.1875,0.1875,,,
1.87174987792969,0,0.1875,0.1875,0.1875,0.1875,0.1875,0.1875,,,
1.8737530708313,0,0.1875,0.1875,0.1875,0.1875,0.1875,0.1875,,,
1.8757529258728,0,0.1875,0.1875,0.1875,0.1875,0.1875,0.1875,,,
1.87775588035584,0,0.1875,0.1875,0.1875,0.1875,0.1875,0.1875,,,
1.87975597381592,0,0.1875,0.1875,0.1875,0.1875,0.1875,0.1875,,,
1.88175892829895,0,0.1875,0.1875,0.1875,0.1875,0.1875,0.1875,,,
1.88375902175903,0,0.1875,0.1875,0.1875,0.1875,0.1875,0.1875,,,
1.88576197624207,0,0.1875,0.1875,0.1875,0.1875,0.1875,0.1875,,,
1.8877649307251,0,0.1875,0.1875,0.1875,0.1875,0.1875,0.1875,,,
1.88976502418518,0,0.1875,0.1875,0.1875,0.1875,0.1875,0.1875,,,
1.89176797866821,0,0.1875,0.1875,0.1875,0.1875,0.1875,0.1875,,,
1.8937680721283,0,0.1875,0.1875,0.1875,0.1875,0.1875,0.1875,,,
1.89577102661133,0,0.1875,0.1875,0.1875,0.1875,0.1875,0.1875,,,
1.89777398109436,0,0.1875,0.1875,0.1875,0.1875,0.1875,0.1875,,,
1.89977407455444,0,0.1875,0.1875,0.1875,0.1875,0.1875,0.1875,,,
1.90177702903748,0,0.1875,0.1875,0.1875,0.1875,0.1875,0.1875,,,
1.90377688407898,0,0.1875,0.1875,0.1875,0.1875,0.1875,0.1875,,,
1.90578007698059,0,0.1875,0.1875,0.1875,0.1875,0.1875,0.1875,,,
1.90777993202209,0,0.1875,0.1875,0.1875,0.1875,0.1875,0.1875,,,
1.90978288650513,0,0.1875,0.1875,0.1875,0.1875,0.1875,0.1875,,,
1.91178607940674,0,0.1875,0.1875,0.1875,0.1875,0.1875,0.1875,,,
1.91378593444824,0,0.1875,0.1875,0.1875,0.1875,0.1875,0.1875,,,
1.91578888893127,0,0.1875,0.1875,0.1875,0.1875,0.1875,0.1875,,,
1.91778898239136,0,0.1875,0.1875,0.1875,0.1875,0.1875,0.1875,,,
1.91979193687439,0,0.1875,0.1875,0.1875,0.1875,0.1875,0.1875,,,
1.92179203033447,0,0.1875,0.1875,0.1875,0.1875,0.1875,0.1875,,,
1.9237949848175,0,0.1875,0.1875,0.1875,0.1875,0.1875,0.1875,,,
1.9257960319519,0,0.1875,0.1875,0.1875,0.1875,0.1875,0.1875,,,
1.92779898643494,0,0.1875,0.1875,0.1875,0.1875,0.1875,0.1875,,,
1.92980098724365,0,0.1875,0.1875,0.1875,0.1875,0.1875,0.1875,,,
1.93180203437805,0,0.1875,0.1875,0.1875,0.1875,0.1875,0.1875,,,
1.93380403518677,0,0.1875,0.1875,0.1875,0.1875,0.1875,0.1875,,,
1.93580508232117,0,0.1875,0.1875,0.1875,0.1875,0.1875,0.1875,,,
1.9378080368042,0,0.1875,0.1875,0.1875,0.1875,0.1875,0.1875,,,
1.9398078918457,0,0.1875,0.1875,0.1875,0.1875,0.1875,0.1875,,,
1.94181108474731,0,0.1875,0.1875,0.1875,0.1875,0.1875,0.1875,,,
1.94381308555603,0,0.1875,0.1875,0.1875,0.1875,0.1875,0.1875,,,
1.94581389427185,0,0.1875,0.1875,0.1875,0.1875,0.1875,0.1875,,,
1.94781589508057,0,0.1875,0.1875,0.1875,0.1875,0.1875,0.1875,,,
1.94981694221497,0,0.1875,0.1875,0.1875,0.1875,0.1875,0.1875,,,
1.95181894302368,0,0.1875,0.1875,0.1875,0.1875,0.1875,0.1875,,,
1.95381999015808,0,0.1875,0.1875,0.1875,0.1875,0.1875,0.1875,,,
1.95582294464111,0,0.1875,0.1875,0.1875,0.1875,0.1875,0.1875,,,
1.9578230381012,0,0.1875,0.1875,0.1875,0.1875,0.1875,0.1875,,,
1.95982599258423,0,0.1875,0.1875,0.1875,0.1875,0.1875,0.1875,,,
1.96182894706726,0,0.1875,0.1875,0.1875,0.1875,0.1875,0.1875,,,
1.96382904052734,0,0.1875,0.1875,0.1875,0.1875,0.1875,0.1875,,,
1.96583199501038,0,0.1875,0.1875,0.1875,0.1875,0.1875,0.1875,,,
1.96783208847046,0,0.1875,0.1875,0.1875,0.1875,0.1875,0.1875,,,
1.96983504295349,0,0.1875,0.1875,0.1875,0.1875,0.1875,0.1875,,,
1.971834897995,0,0.1875,0.1875,0.1875,0.1875,0.1875,0.1875,,,
1.97383809089661,0,0.1875,0.1875,0.1875,0.1875,0.1875,0.1875,,,
1.97584104537964,0,0.1875,0.1875,0.1875,0.1875,0.1875,0.1875,,,
1.97784090042114,0,0.1875,0.1875,0.1875,0.1875,0.1875,0.1875,,,
1.97984409332275,0,0.1875,0.1875,0.1875,0.1875,0.1875,0.1875,,,
1.98184394836426,0,0.1875,0.1875,0.1875,0.1875,0.1875,0.1875,,,
1.98384690284729,0,0.1875,0.1875,0.1875,0.1875,0.1875,0.1875,,,
1.98584699630737,0,0.1875,0.1875,0.1875,0.1875,0.1875,0.1875,,,
1.98784995079041,0,0.1875,0.1875,0.1875,0.1875,0.1875,0.1875,,,
1.98985290527344,0,0.1875,0.1875,0.1875,0.1875,0.1875,0.1875,,,
1.99185299873352,0,0.1875,0.1875,0.1875,0.1875,0.1875,0.1875,,,
1.99385595321655,0,0.1875,0.1875,0.1875,0.1875,0.1875,0.1875,,,
1.99585604667664,0,0.1875,0.1875,0.1875,0.1875,0.1875,0.1875,,,
1.99785900115967,0,0.1875,0.1875,0.1875,0.1875,0.1875,0.1875,,,
1.9998619556427,0,0.1875,0.1875,0.1875,0.1875,0.1875,0.1875,,,
2.00186204910278,0,0.1875,0.1875,0.1875,0.1875,0.1875,0.1875,,,
2.00386500358582,0,0.1875,0.1875,0.1875,0.1875,0.1875,0.1875,,,
2.0058650970459,0,0.1875,0.1875,0.1875,0.1875,0.1875,0.1875,,,
2.00786805152893,0,0.1875,0.1875,0.1875,0.1875,0.1875,0.1875,,,
2.00986790657043,0,0.1875,0.1875,0.1875,0.1875,0.1875,0.1875,,,
2.01187109947205,0,0.1875,0.1875,0.1875,0.1875,0.1875,0.1875,,,
2.01387405395508,0,0.1875,0.1875,0.1875,0.1875,0.1875,0.1875,,,
2.01587390899658,0,0.1875,0.1875,0.1875,0.1875,0.1875,0.1875,,,
2.01787710189819,0,0.1875,0.1875,0.1875,0.1875,0.1875,0.1875,,,
2.0198769569397,0,0.1875,0.1875,0.1875,0.1875,0.1875,0.1875,,,
2.02187991142273,0,0.1875,0.1875,0.1875,0.1875,0.1875,0.1875,,,
2.02388000488281,0,0.1875,0.1875,0.1875,0.1875,0.1875,0.1875,,,
2.02588295936584,0,0.1875,0.1875,0.1875,0.1875,0.1875,0.1875,,,
2.02788591384888,0,0.1875,0.1875,0.1875,0.1875,0.1875,0.1875,,,
2.02988600730896,0,0.1875,0.1875,0.1875,0.1875,0.1875,0.1875,,,
2.03188896179199,0,0.1875,0.1875,0.1875,0.1875,0.1875,0.1875,,,
2.03388905525208,0,0.1875,0.1875,0.1875,0.1875,0.1875,0.1875,,,
2.03589200973511,0,0.1875,0.1875,0.1875,0.1875,0.1875,0.1875,,,
2.03789210319519,0,0.1875,0.1875,0.1875,0.1875,0.1875,0.1875,,,
2.03989505767822,0,0.1875,0.1875,0.1875,0.1875,0.1875,0.1875,,,
2.04189491271973,0,0.1875,0.1875,0.1875,0.1875,0.1875,0.1875,,,
2.04389786720276,0,0.1875,0.1875,0.1875,0.1875,0.1875,0.1875,,,
2.04590106010437,0,0.1875,0.1875,0.1875,0.1875,0.1875,0.1875,,,
2.04790091514587,0,0.1875,0.1875,0.1875,0.1875,0.1875,0.1875,,,
2.04990386962891,0,0.1875,0.1875,0.1875,0.1875,0.1875,0.1875,,,
2.05190491676331,0,0.1875,0.1875,0.1875,0.1875,0.1875,0.1875,,,
2.05390691757202,0,0.1875,0.1875,0.1875,0.1875,0.1875,0.1875,,,
2.05590796470642,0,0.1875,0.1875,0.1875,0.1875,0.1875,0.1875,,,
2.05791091918945,0,0.1875,0.1875,0.1875,0.1875,0.1875,0.1875,,,
2.05992102622986,0,0.1875,0.1875,0.1875,0.1875,0.1875,0.1875,,,
2.06192302703857,0,0.1875,0.1875,0.1875,0.1875,0.1875,0.1875,,,
2.06392407417297,0,0.1875,0.1875,0.1875,0.1875,0.1875,0.1875,,,
2.06592702865601,0,0.1875,0.1875,0.1875,0.1875,0.1875,0.1875,,,
2.06792688369751,0,0.1875,0.1875,0.1875,0.1875,0.1875,0.1875,,,
2.06993007659912,0,0.1875,0.1875,0.1875,0.1875,0.1875,0.1875,,,
2.07192993164063,0,0.1875,0.1875,0.1875,0.1875,0.1875,0.1875,,,
2.07393288612366,0,0.1875,0.1875,0.1875,0.1875,0.1875,0.1875,,,
2.07593488693237,0,0.1875,0.1875,0.1875,0.1875,0.1875,0.1875,,,
2.07793593406677,0,0.1875,0.1875,0.1875,0.1875,0.1875,0.1875,,,
2.0799388885498,0,0.1875,0.1875,0.1875,0.1875,0.1875,0.1875,,,
2.08193898200989,0,0.1875,0.1875,0.1875,0.1875,0.1875,0.1875,,,
2.08394193649292,0,0.1875,0.1875,0.1875,0.1875,0.1875,0.1875,,,
2.085942029953,0,0.1875,0.1875,0.1875,0.1875,0.1875,0.1875,,,
2.08794498443604,0,0.1875,0.1875,0.1875,0.1875,0.1875,0.1875,,,
2.08994507789612,0,0.1875,0.1875,0.1875,0.1875,0.1875,0.1875,,,
2.09194803237915,0,0.1875,0.1875,0.1875,0.1875,0.1875,0.1875,,,
2.09394788742065,0,0.1875,0.1875,0.1875,0.1875,0.1875,0.1875,,,
2.09595108032227,0,0.1875,0.1875,0.1875,0.1875,0.1875,0.1875,,,
2.09795093536377,0,0.1875,0.1875,0.1875,0.1875,0.1875,0.1875,,,
2.0999538898468,0,0.1875,0.1875,0.1875,0.1875,0.1875,0.1875,,,
2.10195708274841,0,0.1875,0.1875,0.1875,0.1875,0.1875,0.1875,,,
2.10395693778992,0,0.1875,0.1875,0.1875,0.1875,0.1875,0.1875,,,
2.10595989227295,0,0.1875,0.1875,0.1875,0.1875,0.1875,0.1875,,,
2.10795998573303,0,0.1875,0.1875,0.1875,0.1875,0.1875,0.1875,,,
2.10996294021606,0,0.1875,0.1875,0.1875,0.1875,0.1875,0.1875,,,
2.11196303367615,0,0.1875,0.1875,0.1875,0.1875,0.1875,0.1875,,,
2.11396598815918,0,0.1875,0.1875,0.1875,0.1875,0.1875,0.1875,,,
2.11596703529358,0,0.1875,0.1875,0.1875,0.1875,0.1875,0.1875,,,
2.11796903610229,0,0.1875,0.1875,0.1875,0.1875,0.1875,0.1875,,,
2.11997008323669,0,0.1875,0.1875,0.1875,0.1875,0.1875,0.1875,,,
2.12197208404541,0,0.1875,0.1875,0.1875,0.1875,0.1875,0.1875,,,
2.12397503852844,0,0.1875,0.1875,0.1875,0.1875,0.1875,0.1875,,,
2.12597489356995,0,0.1875,0.1875,0.1875,0.1875,0.1875,0.1875,,,
2.12797808647156,0,0.1875,0.1875,0.1875,0.1875,0.1875,0.1875,,,
2.12997794151306,0,0.1875,0.1875,0.1875,0.1875,0.1875,0.1875,,,
2.13198089599609,0,0.1875,0.1875,0.1875,0.1875,0.1875,0.1875,,,
2.13398194313049,0,0.1875,0.1875,0.1875,0.1875,0.1875,0.1875,,,
2.13598394393921,0,0.1875,0.1875,0.1875,0.1875,0.1875,0.1875,,,
2.13798689842224,0,0.1875,0.1875,0.1875,0.1875,0.1875,0.1875,,,
2.13998699188232,0,0.1875,0.1875,0.1875,0.1875,0.1875,0.1875,,,
2.14198994636536,0,0.1875,0.1875,0.1875,0.1875,0.1875,0.1875,,,
2.14399099349976,0,0.1875,0.1875,0.1875,0.1875,0.1875,0.1875,,,
2.14599299430847,0,0.1875,0.1875,0.1875,0.1875,0.1875,0.1875,,,
2.14799404144287,0,0.1875,0.1875,0.1875,0.1875,0.1875,0.1875,,,
2.1499969959259,0,0.1875,0.1875,0.1875,0.1875,0.1875,0.1875,,,
2.15199708938599,0,0.1875,0.1875,0.1875,0.1875,0.1875,0.1875,,,
2.15400004386902,0,0.1875,0.1875,0.1875,0.1875,0.1875,0.1875,,,
2.15600204467773,0,0.1875,0.1875,0.1875,0.1875,0.1875,0.1875,,,
2.15800309181213,0,0.1875,0.1875,0.1875,0.1875,0.1875,0.1875,,,
2.16000509262085,0,0.1875,0.1875,0.1875,0.1875,0.1875,0.1875,,,
2.16200590133667,0,0.1875,0.1875,0.1875,0.1875,0.1875,0.1875,,,
2.16400909423828,0,0.1875,0.1875,0.1875,0.1875,0.1875,0.1875,,,
2.16600894927979,0,0.1875,0.1875,0.1875,0.1875,0.1875,0.1875,,,
2.16801190376282,0,0.1875,0.1875,0.1875,0.1875,0.1875,0.1875,,,
2.1700119972229,0,0.1875,0.1875,0.1875,0.1875,0.1875,0.1875,,,
2.17201495170593,0,0.1875,0.1875,0.1875,0.1875,0.1875,0.1875,,,
2.17401599884033,0,0.1875,0.1875,0.1875,0.1875,0.1875,0.1875,,,
2.17601895332336,0,0.1875,0.1875,0.1875,0.1875,0.1875,0.1875,,,
2.17801904678345,0,0.1875,0.1875,0.1875,0.1875,0.1875,0.1875,,,
2.18002200126648,0,0.1875,0.1875,0.1875,0.1875,0.1875,0.1875,,,
2.18202209472656,0,0.1875,0.1875,0.1875,0.1875,0.1875,0.1875,,,
2.18402504920959,0,0.1875,0.1875,0.1875,0.1875,0.1875,0.1875,,,
2.18602800369263,0,0.1875,0.1875,0.1875,0.1875,0.1875,0.1875,,,
2.18802905082703,0,0.1875,0.1875,0.1875,0.1875,0.1875,0.1875,,,
2.19003200531006,0,0.1875,0.1875,0.1875,0.1875,0.1875,0.1875,,,
2.19203209877014,0,0.1875,0.1875,0.1875,0.1875,0.1875,0.1875,,,
2.19403505325317,0,0.1875,0.1875,0.1875,0.1875,0.1875,0.1875,,,
2.19603490829468,0,0.1875,0.1875,0.1875,0.1875,0.1875,0.1875,,,
2.19803810119629,0,0.1875,0.1875,0.1875,0.1875,0.1875,0.1875,,,
2.20003890991211,0,0.1875,0.1875,0.1875,0.1875,0.1875,0.1875,,,
2.20204091072083,0,0.1875,0.1875,0.1875,0.1875,0.1875,0.1875,,,
2.20404195785522,0,0.1875,0.1875,0.1875,0.1875,0.1875,0.1875,,,
2.20604491233826,0,0.1875,0.1875,0.1875,0.1875,0.1875,0.1875,,,
2.20804500579834,0,0.1875,0.1875,0.1875,0.1875,0.1875,0.1875,,,
2.21004796028137,0,0.1875,0.1875,0.1875,0.1875,0.1875,0.1875,,,
2.21204805374146,0,0.1875,0.1875,0.1875,0.1875,0.1875,0.1875,,,
2.21405100822449,0,0.1875,0.1875,0.1875,0.1875,0.1875,0.1875,,,
2.21605205535889,0,0.1875,0.1875,0.1875,0.1875,0.1875,0.1875,,,
2.2180540561676,0,0.1875,0.1875,0.1875,0.1875,0.1875,0.1875,,,
2.220055103302,0,0.1875,0.1875,0.1875,0.1875,0.1875,0.1875,,,
2.22205805778503,0,0.1875,0.1875,0.1875,0.1875,0.1875,0.1875,,,
2.22405886650085,0,0.1875,0.1875,0.1875,0.1875,0.1875,0.1875,,,
2.22606205940247,0,0.1875,0.1875,0.1875,0.1875,0.1875,0.1875,,,
2.22806191444397,0,0.1875,0.1875,0.1875,0.1875,0.1875,0.1875,,,
2.230064868927,0,0.1875,0.1875,0.1875,0.1875,0.1875,0.1875,,,
2.23206686973572,0,0.1875,0.1875,0.1875,0.1875,0.1875,0.1875,,,
2.23406791687012,0,0.1875,0.1875,0.1875,0.1875,0.1875,0.1875,,,
2.23606991767883,0,0.1875,0.1875,0.1875,0.1875,0.1875,0.1875,,,
2.23807096481323,0,0.1875,0.1875,0.1875,0.1875,0.1875,0.1875,,,
2.24007296562195,0,0.1875,0.1875,0.1875,0.1875,0.1875,0.1875,,,
2.24207592010498,0,0.1875,0.1875,0.1875,0.1875,0.1875,0.1875,,,
2.24407601356506,0,0.1875,0.1875,0.1875,0.1875,0.1875,0.1875,,,
2.2460789680481,0,0.1875,0.1875,0.1875,0.1875,0.1875,0.1875,,,
2.24808096885681,0,0.1875,0.1875,0.1875,0.1875,0.1875,0.1875,,,
2.25008201599121,0,0.1875,0.1875,0.1875,0.1875,0.1875,0.1875,,,
2.25208401679993,0,0.1875,0.1875,0.1875,0.1875,0.1875,0.1875,,,
2.25408387184143,0,0.1875,0.1875,0.1875,0.1875,0.1875,0.1875,,,
2.25608706474304,0,0.1875,0.1875,0.1875,0.1875,0.1875,0.1875,,,
2.25808906555176,0,0.1875,0.1875,0.1875,0.1875,0.1875,0.1875,,,
2.26008987426758,0,0.1875,0.1875,0.1875,0.1875,0.1875,0.1875,,,
2.26209187507629,0,0.1875,0.1875,0.1875,0.1875,0.1875,0.1875,,,
2.26409506797791,0,0.1875,0.1875,0.1875,0.1875,0.1875,0.1875,,,
2.26609587669373,0,0.1875,0.1875,0.1875,0.1875,0.1875,0.1875,,,
2.26809787750244,0,0.1875,0.1875,0.1875,0.1875,0.1875,0.1875,,,
2.27009797096252,0,0.1875,0.1875,0.1875,0.1875,0.1875,0.1875,,,
2.27210092544556,0,0.1875,0.1875,0.1875,0.1875,0.1875,0.1875,,,
2.27410387992859,0,0.1875,0.1875,0.1875,0.1875,0.1875,0.1875,,,
2.27610397338867,0,0.1875,0.1875,0.1875,0.1875,0.1875,0.1875,,,
2.27810597419739,0,0.1875,0.1875,0.1875,0.1875,0.1875,0.1875,,,
2.28010892868042,0,0.1875,0.1875,0.1875,0.1875,0.1875,0.1875,,,
2.2821090221405,0,0.1875,0.1875,0.1875,0.1875,0.1875,0.1875,,,
2.28411197662354,0,0.1875,0.1875,0.1875,0.1875,0.1875,0.1875,,,
2.28611207008362,0,0.1875,0.1875,0.1875,0.1875,0.1875,0.1875,,,
2.28811502456665,0,0.1875,0.1875,0.1875,0.1875,0.1875,0.1875,,,
2.29011797904968,0,0.1875,0.1875,0.1875,0.1875,0.1875,0.1875,,,
2.29211807250977,0,0.1875,0.1875,0.1875,0.1875,0.1875,0.1875,,,
2.29412007331848,0,0.1875,0.1875,0.1875,0.1875,0.1875,0.1875,,,
2.2961208820343,0,0.1875,0.1875,0.1875,0.1875,0.1875,0.1875,,,
2.29812288284302,0,0.1875,0.1875,0.1875,0.1875,0.1875,0.1875,,,
2.30012607574463,0,0.1875,0.1875,0.1875,0.1875,0.1875,0.1875,,,
2.30212593078613,0,0.1875,0.1875,0.1875,0.1875,0.1875,0.1875,,,
2.30412793159485,0,0.1875,0.1875,0.1875,0.1875,0.1875,0.1875,,,
2.30613088607788,0,0.1875,0.1875,0.1875,0.1875,0.1875,0.1875,,,
2.30813097953796,0,0.1875,0.1875,0.1875,0.1875,0.1875,0.1875,,,
2.310133934021,0,0.1875,0.1875,0.1875,0.1875,0.1875,0.1875,,,
2.3121349811554,0,0.1875,0.1875,0.1875,0.1875,0.1875,0.1875,,,
2.31414198875427,0,0.1875,0.1875,0.1875,0.1875,0.1875,0.1875,,,
2.3161449432373,0,0.1875,0.1875,0.1875,0.1875,0.1875,0.1875,,,
2.3181459903717,0,0.1875,0.1875,0.1875,0.1875,0.1875,0.1875,,,
2.32014608383179,0,0.1875,0.1875,0.1875,0.1875,0.1875,0.1875,,,
2.32214593887329,0,0.1875,0.1875,0.1875,0.1875,0.1875,0.1875,,,
2.32414698600769,0,0.1875,0.1875,0.1875,0.1875,0.1875,0.1875,,,
2.32614707946777,0,0.1875,0.1875,0.1875,0.1875,0.1875,0.1875,,,
2.32815003395081,0,0.1875,0.1875,0.1875,0.1875,0.1875,0.1875,,,
2.33015203475952,0,0.1875,0.1875,0.1875,0.1875,0.1875,0.1875,,,
2.33215308189392,0,0.1875,0.1875,0.1875,0.1875,0.1875,0.1875,,,
2.33415603637695,0,0.1875,0.1875,0.1875,0.1875,0.1875,0.1875,,,
2.33615589141846,0,0.1875,0.1875,0.1875,0.1875,0.1875,0.1875,,,
2.33815908432007,0,0.1875,0.1875,0.1875,0.1875,0.1875,0.1875,,,
2.34016108512878,0,0.1875,0.1875,0.1875,0.1875,0.1875,0.1875,,,
2.3421618938446,0,0.1875,0.1875,0.1875,0.1875,0.1875,0.1875,,,
2.34416389465332,0,0.1875,0.1875,0.1875,0.1875,0.1875,0.1875,,,
2.34616708755493,0,0.1875,0.1875,0.1875,0.1875,0.1875,0.1875,,,
2.34816694259644,0,0.1875,0.1875,0.1875,0.1875,0.1875,0.1875,,,
2.35016989707947,0,0.1875,0.1875,0.1875,0.1875,0.1875,0.1875,,,
2.35217094421387,0,0.1875,0.1875,0.1875,0.1875,0.1875,0.1875,,,
2.35417294502258,0,0.1875,0.1875,0.1875,0.1875,0.1875,0.1875,,,
2.35617589950562,0,0.1875,0.1875,0.1875,0.1875,0.1875,0.1875,,,
2.3581759929657,0,0.1875,0.1875,0.1875,0.1875,0.1875,0.1875,,,
2.36017894744873,0,0.1875,0.1875,0.1875,0.1875,0.1875,0.1875,,,
2.36217904090881,0,0.1875,0.1875,0.1875,0.1875,0.1875,0.1875,,,
2.36418199539185,0,0.1875,0.1875,0.1875,0.1875,0.1875,0.1875,,,
2.36618494987488,0,0.1875,0.1875,0.1875,0.1875,0.1875,0.1875,,,
2.36818504333496,0,0.1875,0.1875,0.1875,0.1875,0.1875,0.1875,,,
2.37018799781799,0,0.1875,0.1875,0.1875,0.1875,0.1875,0.1875,,,
2.37218809127808,0,0.1875,0.1875,0.1875,0.1875,0.1875,0.1875,,,
2.37419104576111,0,0.1875,0.1875,0.1875,0.1875,0.1875,0.1875,,,
2.37619400024414,0,0.1875,0.1875,0.1875,0.1875,0.1875,0.1875,,,
2.37819504737854,0,0.1875,0.1875,0.1875,0.1875,0.1875,0.1875,,,
2.38019704818726,0,0.1875,0.1875,0.1875,0.1875,0.1875,0.1875,,,
2.38219809532166,0,0.1875,0.1875,0.1875,0.1875,0.1875,0.1875,,,
2.38420009613037,0,0.1875,0.1875,0.1875,0.1875,0.1875,0.1875,,,
2.38620090484619,0,0.1875,0.1875,0.1875,0.1875,0.1875,0.1875,,,
2.38820290565491,0,0.1875,0.1875,0.1875,0.1875,0.1875,0.1875,,,
2.39020609855652,0,0.1875,0.1875,0.1875,0.1875,0.1875,0.1875,,,
2.39220690727234,0,0.1875,0.1875,0.1875,0.1875,0.1875,0.1875,,,
2.39420890808105,0,0.1875,0.1875,0.1875,0.1875,0.1875,0.1875,,,
2.39620995521545,0,0.1875,0.1875,0.1875,0.1875,0.1875,0.1875,,,
2.39821290969849,0,0.1875,0.1875,0.1875,0.1875,0.1875,0.1875,,,
2.4002149105072,0,0.1875,0.1875,0.1875,0.1875,0.1875,0.1875,,,
2.4022159576416,0,0.1875,0.1875,0.1875,0.1875,0.1875,0.1875,,,
2.40421891212463,0,0.1875,0.1875,0.1875,0.1875,0.1875,0.1875,,,
2.40622186660767,0,0.1875,0.1875,0.1875,0.1875,0.1875,0.1875,,,
2.40822196006775,0,0.1875,0.1875,0.1875,0.1875,0.1875,0.1875,,,
2.41022491455078,0,0.1875,0.1875,0.1875,0.1875,0.1875,0.1875,,,
2.41222500801086,0,0.1875,0.1875,0.1875,0.1875,0.1875,0.1875,,,
2.4142279624939,0,0.1875,0.1875,0.1875,0.1875,0.1875,0.1875,,,
2.41622805595398,0,0.1875,0.1875,0.1875,0.1875,0.1875,0.1875,,,
2.41823101043701,0,0.1875,0.1875,0.1875,0.1875,0.1875,0.1875,,,
2.42023396492004,0,0.1875,0.1875,0.1875,0.1875,0.1875,0.1875,,,
2.42223405838013,0,0.1875,0.1875,0.1875,0.1875,0.1875,0.1875,,,
2.42423701286316,0,0.1875,0.1875,0.1875,0.1875,0.1875,0.1875,,,
2.42623996734619,0,0.1875,0.1875,0.1875,0.1875,0.1875,0.1875,,,
2.42824006080627,0,0.1875,0.1875,0.1875,0.1875,0.1875,0.1875,,,
2.43024301528931,0,0.1875,0.1875,0.1875,0.1875,0.1875,0.1875,,,
2.43224287033081,0,0.1875,0.1875,0.1875,0.1875,0.1875,0.1875,,,
2.43424606323242,0,0.1875,0.1875,0.1875,0.1875,0.1875,0.1875,,,
2.43624901771545,0,0.1875,0.1875,0.1875,0.1875,0.1875,0.1875,,,
2.43824887275696,0,0.1875,0.1875,0.1875,0.1875,0.1875,0.1875,,,
2.44025206565857,0,0.1875,0.1875,0.1875,0.1875,0.1875,0.1875,,,
2.4422550201416,0,0.1875,0.1875,0.1875,0.1875,0.1875,0.1875,,,
2.44425487518311,0,0.1875,0.1875,0.1875,0.1875,0.1875,0.1875,,,
2.44625806808472,0,0.1875,0.1875,0.1875,0.1875,0.1875,0.1875,,,
2.44825792312622,0,0.1875,0.1875,0.1875,0.1875,0.1875,0.1875,,,
2.45026087760925,0,0.1875,0.1875,0.1875,0.1875,0.1875,0.1875,,,
2.45226407051086,0,0.1875,0.1875,0.1875,0.1875,0.1875,0.1875,,,
2.45426392555237,0,0.1875,0.1875,0.1875,0.1875,0.1875,0.1875,,,
2.4562668800354,0,0.1875,0.1875,0.1875,0.1875,0.1875,0.1875,,,
2.45826697349548,0,0.1875,0.1875,0.1875,0.1875,0.1875,0.1875,,,
2.46026992797852,0,0.1875,0.1875,0.1875,0.1875,0.1875,0.1875,,,
2.46227097511292,0,0.1875,0.1875,0.1875,0.1875,0.1875,0.1875,,,
2.46427297592163,0,0.1875,0.1875,0.1875,0.1875,0.1875,0.1875,,,
2.46627593040466,0,0.1875,0.1875,0.1875,0.1875,0.1875,0.1875,,,
2.46827697753906,0,0.1875,0.1875,0.1875,0.1875,0.1875,0.1875,,,
2.47027897834778,0,0.1875,0.1875,0.1875,0.1875,0.1875,0.1875,,,
2.47228002548218,0,0.1875,0.1875,0.1875,0.1875,0.1875,0.1875,,,
2.47428202629089,0,0.1875,0.1875,0.1875,0.1875,0.1875,0.1875,,,
2.47628498077393,0,0.1875,0.1875,0.1875,0.1875,0.1875,0.1875,,,
2.47828602790833,0,0.1875,0.1875,0.1875,0.1875,0.1875,0.1875,,,
2.48028802871704,0,0.1875,0.1875,0.1875,0.1875,0.1875,0.1875,,,
2.48228907585144,0,0.1875,0.1875,0.1875,0.1875,0.1875,0.1875,,,
2.48429203033447,0,0.1875,0.1875,0.1875,0.1875,0.1875,0.1875,,,
2.48629403114319,0,0.1875,0.1875,0.1875,0.1875,0.1875,0.1875,,,
2.48829507827759,0,0.1875,0.1875,0.1875,0.1875,0.1875,0.1875,,,
2.4902970790863,0,0.1875,0.1875,0.1875,0.1875,0.1875,0.1875,,,
2.49229788780212,0,0.1875,0.1875,0.1875,0.1875,0.1875,0.1875,,,
2.49429988861084,0,0.1875,0.1875,0.1875,0.1875,0.1875,0.1875,,,
2.49630308151245,0,0.1875,0.1875,0.1875,0.1875,0.1875,0.1875,,,
2.49830389022827,0,0.1875,0.1875,0.1875,0.1875,0.1875,0.1875,,,
2.50030589103699,0,0.1875,0.1875,0.1875,0.1875,0.1875,0.1875,,,
2.50230693817139,0,0.1875,0.1875,0.1875,0.1875,0.1875,0.1875,,,
2.50430989265442,0,0.1875,0.1875,0.1875,0.1875,0.1875,0.1875,,,
2.50631189346313,0,0.1875,0.1875,0.1875,0.1875,0.1875,0.1875,,,
2.50831294059753,0,0.1875,0.1875,0.1875,0.1875,0.1875,0.1875,,,
2.51031589508057,0,0.1875,0.1875,0.1875,0.1875,0.1875,0.1875,,,
2.51231598854065,0,0.1875,0.1875,0.1875,0.1875,0.1875,0.1875,,,
2.51431894302368,0,0.1875,0.1875,0.1875,0.1875,0.1875,0.1875,,,
2.51631903648376,0,0.1875,0.1875,0.1875,0.1875,0.1875,0.1875,,,
2.5183219909668,0,0.1875,0.1875,0.1875,0.1875,0.1875,0.1875,,,
2.52032494544983,0,0.1875,0.1875,0.1875,0.1875,0.1875,0.1875,,,
2.52232503890991,0,0.1875,0.1875,0.1875,0.1875,0.1875,0.1875,,,
2.52432799339294,0,0.1875,0.1875,0.1875,0.1875,0.1875,0.1875,,,
2.52632808685303,0,0.1875,0.1875,0.1875,0.1875,0.1875,0.1875,,,
2.52833104133606,0,0.1875,0.1875,0.1875,0.1875,0.1875,0.1875,,,
2.53033399581909,0,0.1875,0.1875,0.1875,0.1875,0.1875,0.1875,,,
2.53233408927917,0,0.1875,0.1875,0.1875,0.1875,0.1875,0.1875,,,
2.53433704376221,0,0.1875,0.1875,0.1875,0.1875,0.1875,0.1875,,,
2.53633689880371,0,0.1875,0.1875,0.1875,0.1875,0.1875,0.1875,,,
2.53834009170532,0,0.1875,0.1875,0.1875,0.1875,0.1875,0.1875,,,
2.54033994674683,0,0.1875,0.1875,0.1875,0.1875,0.1875,0.1875,,,
2.54234290122986,0,0.1875,0.1875,0.1875,0.1875,0.1875,0.1875,,,
2.54434609413147,0,0.1875,0.1875,0.1875,0.1875,0.1875,0.1875,,,
2.54634594917297,0,0.1875,0.1875,0.1875,0.1875,0.1875,0.1875,,,
2.54834890365601,0,0.1875,0.1875,0.1875,0.1875,0.1875,0.1875,,,
2.55034899711609,0,0.1875,0.1875,0.1875,0.1875,0.1875,0.1875,,,
2.55235195159912,0,0.1875,0.1875,0.1875,0.1875,0.1875,0.1875,,,
2.55435490608215,0,0.1875,0.1875,0.1875,0.1875,0.1875,0.1875,,,
2.55635499954224,0,0.1875,0.1875,0.1875,0.1875,0.1875,0.1875,,,
2.55836892127991,0,0.1875,0.1875,0.1875,0.1875,0.1875,0.1875,,,
2.56037187576294,0,0.1875,0.1875,0.1875,0.1875,0.1875,0.1875,,,
2.56237506866455,0,0.1875,0.1875,0.1875,0.1875,0.1875,0.1875,,,
2.56437492370605,0,0.1875,0.1875,0.1875,0.1875,0.1875,0.1875,,,
2.56637787818909,0,0.1875,0.1875,0.1875,0.1875,0.1875,0.1875,,,
2.56837797164917,0,0.1875,0.1875,0.1875,0.1875,0.1875,0.1875,,,
2.5703809261322,0,0.1875,0.1875,0.1875,0.1875,0.1875,0.1875,,,
2.57238101959229,0,0.1875,0.1875,0.1875,0.1875,0.1875,0.1875,,,
2.57438397407532,0,0.1875,0.1875,0.1875,0.1875,0.1875,0.1875,,,
2.57638692855835,0,0.1875,0.1875,0.1875,0.1875,0.1875,0.1875,,,
2.57838702201843,0,0.1875,0.1875,0.1875,0.1875,0.1875,0.1875,,,
2.58038997650146,0,0.1875,0.1875,0.1875,0.1875,0.1875,0.1875,,,
2.58239006996155,0,0.1875,0.1875,0.1875,0.1875,0.1875,0.1875,,,
2.58439302444458,0,0.1875,0.1875,0.1875,0.1875,0.1875,0.1875,,,
2.58639597892761,0,0.1875,0.1875,0.1875,0.1875,0.1875,0.1875,,,
2.5883960723877,0,0.1875,0.1875,0.1875,0.1875,0.1875,0.1875,,,
2.59039902687073,0,0.1875,0.1875,0.1875,0.1875,0.1875,0.1875,,,
2.59240198135376,0,0.1875,0.1875,0.1875,0.1875,0.1875,0.1875,,,
2.59440207481384,0,0.1875,0.1875,0.1875,0.1875,0.1875,0.1875,,,
2.59640502929688,0,0.1875,0.1875,0.1875,0.1875,0.1875,0.1875,,,
2.59840488433838,0,0.1875,0.1875,0.1875,0.1875,0.1875,0.1875,,,
2.60040807723999,0,0.1875,0.1875,0.1875,0.1875,0.1875,0.1875,,,
2.60241103172302,0,0.1875,0.1875,0.1875,0.1875,0.1875,0.1875,,,
2.60441088676453,0,0.1875,0.1875,0.1875,0.1875,0.1875,0.1875,,,
2.60641407966614,0,0.1875,0.1875,0.1875,0.1875,0.1875,0.1875,,,
2.60841393470764,0,0.1875,0.1875,0.1875,0.1875,0.1875,0.1875,,,
2.61041688919067,0,0.1875,0.1875,0.1875,0.1875,0.1875,0.1875,,,
2.61241793632507,0,0.1875,0.1875,0.1875,0.1875,0.1875,0.1875,,,
2.61441993713379,0,0.1875,0.1875,0.1875,0.1875,0.1875,0.1875,,,
2.61642289161682,0,0.1875,0.1875,0.1875,0.1875,0.1875,0.1875,,,
2.6184229850769,0,0.1875,0.1875,0.1875,0.1875,0.1875,0.1875,,,
2.62042593955994,0,0.1875,0.1875,0.1875,0.1875,0.1875,0.1875,,,
2.62242698669434,0,0.1875,0.1875,0.1875,0.1875,0.1875,0.1875,,,
2.62442898750305,0,0.1875,0.1875,0.1875,0.1875,0.1875,0.1875,,,
2.62643003463745,0,0.1875,0.1875,0.1875,0.1875,0.1875,0.1875,,,
2.62843298912048,0,0.1875,0.1875,0.1875,0.1875,0.1875,0.1875,,,
2.63043308258057,0,0.1875,0.1875,0.1875,0.1875,0.1875,0.1875,,,
2.6324360370636,0,0.1875,0.1875,0.1875,0.1875,0.1875,0.1875,,,
2.63443803787231,0,0.1875,0.1875,0.1875,0.1875,0.1875,0.1875,,,
2.63643908500671,0,0.1875,0.1875,0.1875,0.1875,0.1875,0.1875,,,
2.63844108581543,0,0.1875,0.1875,0.1875,0.1875,0.1875,0.1875,,,
2.64044189453125,0,0.1875,0.1875,0.1875,0.1875,0.1875,0.1875,,,
2.64244389533997,0,0.1875,0.1875,0.1875,0.1875,0.1875,0.1875,,,
2.64444708824158,0,0.1875,0.1875,0.1875,0.1875,0.1875,0.1875,,,
2.6464478969574,0,0.1875,0.1875,0.1875,0.1875,0.1875,0.1875,,,
2.64844989776611,0,0.1875,0.1875,0.1875,0.1875,0.1875,0.1875,,,
2.65045094490051,0,0.1875,0.1875,0.1875,0.1875,0.1875,0.1875,,,
2.65245389938354,0,0.1875,0.1875,0.1875,0.1875,0.1875,0.1875,,,
2.65445399284363,0,0.1875,0.1875,0.1875,0.1875,0.1875,0.1875,,,
2.65645694732666,0,0.1875,0.1875,0.1875,0.1875,0.1875,0.1875,,,
2.65845704078674,0,0.1875,0.1875,0.1875,0.1875,0.1875,0.1875,,,
2.66045999526978,0,0.1875,0.1875,0.1875,0.1875,0.1875,0.1875,,,
2.66246294975281,0,0.1875,0.1875,0.1875,0.1875,0.1875,0.1875,,,
2.66446304321289,0,0.1875,0.1875,0.1875,0.1875,0.1875,0.1875,,,
2.66646599769592,0,0.1875,0.1875,0.1875,0.1875,0.1875,0.1875,,,
2.66846609115601,0,0.1875,0.1875,0.1875,0.1875,0.1875,0.1875,,,
2.67046904563904,0,0.1875,0.1875,0.1875,0.1875,0.1875,0.1875,,,
2.67246890068054,0,0.1875,0.1875,0.1875,0.1875,0.1875,0.1875,,,
2.67447209358215,0,0.1875,0.1875,0.1875,0.1875,0.1875,0.1875,,,
2.67647194862366,0,0.1875,0.1875,0.1875,0.1875,0.1875,0.1875,,,
2.67847490310669,0,0.1875,0.1875,0.1875,0.1875,0.1875,0.1875,,,
2.6804780960083,0,0.1875,0.1875,0.1875,0.1875,0.1875,0.1875,,,
2.6824779510498,0,0.1875,0.1875,0.1875,0.1875,0.1875,0.1875,,,
2.68448090553284,0,0.1875,0.1875,0.1875,0.1875,0.1875,0.1875,,,
2.68648099899292,0,0.1875,0.1875,0.1875,0.1875,0.1875,0.1875,,,
2.68848395347595,0,0.1875,0.1875,0.1875,0.1875,0.1875,0.1875,,,
2.69048690795898,0,0.1875,0.1875,0.1875,0.1875,0.1875,0.1875,,,
2.69248700141907,0,0.1875,0.1875,0.1875,0.1875,0.1875,0.1875,,,
2.6944899559021,0,0.1875,0.1875,0.1875,0.1875,0.1875,0.1875,,,
2.69649004936218,0,0.1875,0.1875,0.1875,0.1875,0.1875,0.1875,,,
2.69849300384521,0,0.1875,0.1875,0.1875,0.1875,0.1875,0.1875,,,
2.7004930973053,0,0.1875,0.1875,0.1875,0.1875,0.1875,0.1875,,,
2.70249605178833,0,0.1875,0.1875,0.1875,0.1875,0.1875,0.1875,,,
2.70449709892273,0,0.1875,0.1875,0.1875,0.1875,0.1875,0.1875,,,
2.70649909973145,0,0.1875,0.1875,0.1875,0.1875,0.1875,0.1875,,,
2.70850205421448,0,0.1875,0.1875,0.1875,0.1875,0.1875,0.1875,,,
2.71050310134888,0,0.1875,0.1875,0.1875,0.1875,0.1875,0.1875,,,
2.71250510215759,0,0.1875,0.1875,0.1875,0.1875,0.1875,0.1875,,,
2.71450591087341,0,0.1875,0.1875,0.1875,0.1875,0.1875,0.1875,,,
2.71650886535645,0,0.1875,0.1875,0.1875,0.1875,0.1875,0.1875,,,
2.71850895881653,0,0.1875,0.1875,0.1875,0.1875,0.1875,0.1875,,,
2.72051191329956,0,0.1875,0.1875,0.1875,0.1875,0.1875,0.1875,,,
2.72251200675964,0,0.1875,0.1875,0.1875,0.1875,0.1875,0.1875,,,
2.72451496124268,0,0.1875,0.1875,0.1875,0.1875,0.1875,0.1875,,,
2.72651791572571,0,0.1875,0.1875,0.1875,0.1875,0.1875,0.1875,,,
2.72851800918579,0,0.1875,0.1875,0.1875,0.1875,0.1875,0.1875,,,
2.73052096366882,0,0.1875,0.1875,0.1875,0.1875,0.1875,0.1875,,,
2.73252105712891,0,0.1875,0.1875,0.1875,0.1875,0.1875,0.1875,,,
2.73452401161194,0,0.1875,0.1875,0.1875,0.1875,0.1875,0.1875,,,
2.73652386665344,0,0.1875,0.1875,0.1875,0.1875,0.1875,0.1875,,,
2.73852705955505,0,0.1875,0.1875,0.1875,0.1875,0.1875,0.1875,,,
2.74052691459656,0,0.1875,0.1875,0.1875,0.1875,0.1875,0.1875,,,
2.74252986907959,0,0.1875,0.1875,0.1875,0.1875,0.1875,0.1875,,,
2.7445330619812,0,0.1875,0.1875,0.1875,0.1875,0.1875,0.1875,,,
2.74653291702271,0,0.1875,0.1875,0.1875,0.1875,0.1875,0.1875,,,
2.74853587150574,0,0.1875,0.1875,0.1875,0.1875,0.1875,0.1875,,,
2.75053596496582,0,0.1875,0.1875,0.1875,0.1875,0.1875,0.1875,,,
2.75253891944885,0,0.1875,0.1875,0.1875,0.1875,0.1875,0.1875,,,
2.75453901290894,0,0.1875,0.1875,0.1875,0.1875,0.1875,0.1875,,,
2.75654196739197,0,0.1875,0.1875,0.1875,0.1875,0.1875,0.1875,,,
2.758544921875,0,0.1875,0.1875,0.1875,0.1875,0.1875,0.1875,,,
2.76054501533508,0,0.1875,0.1875,0.1875,0.1875,0.1875,0.1875,,,
2.76254796981812,0,0.1875,0.1875,0.1875,0.1875,0.1875,0.1875,,,
2.76454901695251,0,0.1875,0.1875,0.1875,0.1875,0.1875,0.1875,,,
2.76655101776123,0,0.1875,0.1875,0.1875,0.1875,0.1875,0.1875,,,
2.76855206489563,0,0.1875,0.1875,0.1875,0.1875,0.1875,0.1875,,,
2.77055406570435,0,0.1875,0.1875,0.1875,0.1875,0.1875,0.1875,,,
2.77255702018738,0,0.1875,0.1875,0.1875,0.1875,0.1875,0.1875,,,
2.77455806732178,0,0.1875,0.1875,0.1875,0.1875,0.1875,0.1875,,,
2.77656006813049,0,0.1875,0.1875,0.1875,0.1875,0.1875,0.1875,,,
2.77856087684631,0,0.1875,0.1875,0.1875,0.1875,0.1875,0.1875,,,
2.78056287765503,0,0.1875,0.1875,0.1875,0.1875,0.1875,0.1875,,,
2.78256392478943,0,0.1875,0.1875,0.1875,0.1875,0.1875,0.1875,,,
2.78456687927246,0,0.1875,0.1875,0.1875,0.1875,0.1875,0.1875,,,
2.78656888008118,0,0.1875,0.1875,0.1875,0.1875,0.1875,0.1875,,,
2.78856992721558,0,0.1875,0.1875,0.1875,0.1875,0.1875,0.1875,,,
2.79057288169861,0,0.1875,0.1875,0.1875,0.1875,0.1875,0.1875,,,
2.79257297515869,0,0.1875,0.1875,0.1875,0.1875,0.1875,0.1875,,,
2.79457592964172,0,0.1875,0.1875,0.1875,0.1875,0.1875,0.1875,,,
2.79657888412476,0,0.1875,0.1875,0.1875,0.1875,0.1875,0.1875,,,
2.79857897758484,0,0.1875,0.1875,0.1875,0.1875,0.1875,0.1875,,,
2.80058193206787,0,0.1875,0.1875,0.1875,0.1875,0.1875,0.1875,,,
2.80258202552795,0,0.1875,0.1875,0.1875,0.1875,0.1875,0.1875,,,
2.80458498001099,0,0.1875,0.1875,0.1875,0.1875,0.1875,0.1875,,,
2.80658507347107,0,0.1875,0.1875,0.1875,0.1875,0.1875,0.1875,,,
2.8085880279541,0,0.1875,0.1875,0.1875,0.1875,0.1875,0.1875,,,
2.81058788299561,0,0.1875,0.1875,0.1875,0.1875,0.1875,0.1875,,,
2.81259107589722,0,0.1875,0.1875,0.1875,0.1875,0.1875,0.1875,,,
2.81459403038025,0,0.1875,0.1875,0.1875,0.1875,0.1875,0.1875,,,
2.81659388542175,0,0.1875,0.1875,0.1875,0.1875,0.1875,0.1875,,,
2.81859707832336,0,0.1875,0.1875,0.1875,0.1875,0.1875,0.1875,,,
2.82059693336487,0,0.1875,0.1875,0.1875,0.1875,0.1875,0.1875,,,
2.8225998878479,0,0.1875,0.1875,0.1875,0.1875,0.1875,0.1875,,,
2.82459998130798,0,0.1875,0.1875,0.1875,0.1875,0.1875,0.1875,,,
2.82660293579102,0,0.1875,0.1875,0.1875,0.1875,0.1875,0.1875,,,
2.82860589027405,0,0.1875,0.1875,0.1875,0.1875,0.1875,0.1875,,,
2.83060598373413,0,0.1875,0.1875,0.1875,0.1875,0.1875,0.1875,,,
2.83260893821716,0,0.1875,0.1875,0.1875,0.1875,0.1875,0.1875,,,
2.83460903167725,0,0.1875,0.1875,0.1875,0.1875,0.1875,0.1875,,,
2.83661198616028,0,0.1875,0.1875,0.1875,0.1875,0.1875,0.1875,,,
2.83861494064331,0,0.1875,0.1875,0.1875,0.1875,0.1875,0.1875,,,
2.84061503410339,0,0.1875,0.1875,0.1875,0.1875,0.1875,0.1875,,,
2.84261798858643,0,0.1875,0.1875,0.1875,0.1875,0.1875,0.1875,,,
2.84461808204651,0,0.1875,0.1875,0.1875,0.1875,0.1875,0.1875,,,
2.84662103652954,0,0.1875,0.1875,0.1875,0.1875,0.1875,0.1875,,,
2.84862089157104,0,0.1875,0.1875,0.1875,0.1875,0.1875,0.1875,,,
2.85062408447266,0,0.1875,0.1875,0.1875,0.1875,0.1875,0.1875,,,
2.85262489318848,0,0.1875,0.1875,0.1875,0.1875,0.1875,0.1875,,,
2.85462689399719,0,0.1875,0.1875,0.1875,0.1875,0.1875,0.1875,,,
2.8566300868988,0,0.1875,0.1875,0.1875,0.1875,0.1875,0.1875,,,
2.85862994194031,0,0.1875,0.1875,0.1875,0.1875,0.1875,0.1875,,,
2.86063289642334,0,0.1875,0.1875,0.1875,0.1875,0.1875,0.1875,,,
2.86263394355774,0,0.1875,0.1875,0.1875,0.1875,0.1875,0.1875,,,
2.86463594436646,0,0.1875,0.1875,0.1875,0.1875,0.1875,0.1875,,,
2.86663699150085,0,0.1875,0.1875,0.1875,0.1875,0.1875,0.1875,,,
2.86863899230957,0,0.1875,0.1875,0.1875,0.1875,0.1875,0.1875,,,
2.8706419467926,0,0.1875,0.1875,0.1875,0.1875,0.1875,0.1875,,,
2.872642993927,0,0.1875,0.1875,0.1875,0.1875,0.1875,0.1875,,,
2.87464499473572,0,0.1875,0.1875,0.1875,0.1875,0.1875,0.1875,,,
2.87664604187012,0,0.1875,0.1875,0.1875,0.1875,0.1875,0.1875,,,
2.87864804267883,0,0.1875,0.1875,0.1875,0.1875,0.1875,0.1875,,,
2.88065099716187,0,0.1875,0.1875,0.1875,0.1875,0.1875,0.1875,,,
2.88265109062195,0,0.1875,0.1875,0.1875,0.1875,0.1875,0.1875,,,
2.88465404510498,0,0.1875,0.1875,0.1875,0.1875,0.1875,0.1875,,,
2.88665509223938,0,0.1875,0.1875,0.1875,0.1875,0.1875,0.1875,,,
2.8886570930481,0,0.1875,0.1875,0.1875,0.1875,0.1875,0.1875,,,
2.89065790176392,0,0.1875,0.1875,0.1875,0.1875,0.1875,0.1875,,,
2.89265990257263,0,0.1875,0.1875,0.1875,0.1875,0.1875,0.1875,,,
2.89466309547424,0,0.1875,0.1875,0.1875,0.1875,0.1875,0.1875,,,
2.89666295051575,0,0.1875,0.1875,0.1875,0.1875,0.1875,0.1875,,,
2.89866590499878,0,0.1875,0.1875,0.1875,0.1875,0.1875,0.1875,,,
2.90066695213318,0,0.1875,0.1875,0.1875,0.1875,0.1875,0.1875,,,
2.90266895294189,0,0.1875,0.1875,0.1875,0.1875,0.1875,0.1875,,,
2.90467190742493,0,0.1875,0.1875,0.1875,0.1875,0.1875,0.1875,,,
2.90667295455933,0,0.1875,0.1875,0.1875,0.1875,0.1875,0.1875,,,
2.90867495536804,0,0.1875,0.1875,0.1875,0.1875,0.1875,0.1875,,,
2.91067600250244,0,0.1875,0.1875,0.1875,0.1875,0.1875,0.1875,,,
2.91267895698547,0,0.1875,0.1875,0.1875,0.1875,0.1875,0.1875,,,
2.91467905044556,0,0.1875,0.1875,0.1875,0.1875,0.1875,0.1875,,,
2.91668200492859,0,0.1875,0.1875,0.1875,0.1875,0.1875,0.1875,,,
2.9186840057373,0,0.1875,0.1875,0.1875,0.1875,0.1875,0.1875,,,
2.9206850528717,0,0.1875,0.1875,0.1875,0.1875,0.1875,0.1875,,,
2.92268800735474,0,0.1875,0.1875,0.1875,0.1875,0.1875,0.1875,,,
2.92468810081482,0,0.1875,0.1875,0.1875,0.1875,0.1875,0.1875,,,
2.92669105529785,0,0.1875,0.1875,0.1875,0.1875,0.1875,0.1875,,,
2.92869305610657,0,0.1875,0.1875,0.1875,0.1875,0.1875,0.1875,,,
2.93069410324097,0,0.1875,0.1875,0.1875,0.1875,0.1875,0.1875,,,
2.932697057724,0,0.1875,0.1875,0.1875,0.1875,0.1875,0.1875,,,
2.9346969127655,0,0.1875,0.1875,0.1875,0.1875,0.1875,0.1875,,,
2.93669986724854,0,0.1875,0.1875,0.1875,0.1875,0.1875,0.1875,,,
2.93869996070862,0,0.1875,0.1875,0.1875,0.1875,0.1875,0.1875,,,
2.94070291519165,0,0.1875,0.1875,0.1875,0.1875,0.1875,0.1875,,,
2.94270300865173,0,0.1875,0.1875,0.1875,0.1875,0.1875,0.1875,,,
2.94470596313477,0,0.1875,0.1875,0.1875,0.1875,0.1875,0.1875,,,
2.9467089176178,0,0.1875,0.1875,0.1875,0.1875,0.1875,0.1875,,,
2.94870901107788,0,0.1875,0.1875,0.1875,0.1875,0.1875,0.1875,,,
2.95071196556091,0,0.1875,0.1875,0.1875,0.1875,0.1875,0.1875,,,
2.952712059021,0,0.1875,0.1875,0.1875,0.1875,0.1875,0.1875,,,
2.95471501350403,0,0.1875,0.1875,0.1875,0.1875,0.1875,0.1875,,,
2.95671796798706,0,0.1875,0.1875,0.1875,0.1875,0.1875,0.1875,,,
2.95871806144714,0,0.1875,0.1875,0.1875,0.1875,0.1875,0.1875,,,
2.96072101593018,0,0.1875,0.1875,0.1875,0.1875,0.1875,0.1875,,,
2.96272087097168,0,0.1875,0.1875,0.1875,0.1875,0.1875,0.1875,,,
2.96472406387329,0,0.1875,0.1875,0.1875,0.1875,0.1875,0.1875,,,
2.96672391891479,0,0.1875,0.1875,0.1875,0.1875,0.1875,0.1875,,,
2.96872687339783,0,0.1875,0.1875,0.1875,0.1875,0.1875,0.1875,,,
2.97073006629944,0,0.1875,0.1875,0.1875,0.1875,0.1875,0.1875,,,
2.97272992134094,0,0.1875,0.1875,0.1875,0.1875,0.1875,0.1875,,,
2.97473287582397,0,0.1875,0.1875,0.1875,0.1875,0.1875,0.1875,,,
2.97673296928406,0,0.1875,0.1875,0.1875,0.1875,0.1875,0.1875,,,
2.97873592376709,0,0.1875,0.1875,0.1875,0.1875,0.1875,0.1875,,,
2.98073887825012,0,0.1875,0.1875,0.1875,0.1875,0.1875,0.1875,,,
2.98273897171021,0,0.1875,0.1875,0.1875,0.1875,0.1875,0.1875,,,
2.98474192619324,0,0.1875,0.1875,0.1875,0.1875,0.1875,0.1875,,,
2.98674201965332,0,0.1875,0.1875,0.1875,0.1875,0.1875,0.1875,,,
2.98874497413635,0,0.1875,0.1875,0.1875,0.1875,0.1875,0.1875,,,
2.99074792861938,0,0.1875,0.1875,0.1875,0.1875,0.1875,0.1875,,,
2.99274802207947,0,0.1875,0.1875,0.1875,0.1875,0.1875,0.1875,,,
2.9947509765625,0,0.1875,0.1875,0.1875,0.1875,0.1875,0.1875,,,
2.99675107002258,0,0.1875,0.1875,0.1875,0.1875,0.1875,0.1875,,,
2.99875402450562,0,0.1875,0.1875,0.1875,0.1875,0.1875,0.1875,,,
3.00075387954712,0,0.1875,0.1875,0.1875,0.1875,0.1875,0.1875,,,
3.00275707244873,0,0.1875,0.1875,0.1875,0.1875,0.1875,0.1875,,,
3.00476002693176,0,0.1875,0.1875,0.1875,0.1875,0.1875,0.1875,,,
3.00675988197327,0,0.1875,0.1875,0.1875,0.1875,0.1875,0.1875,,,
3.00876307487488,0,0.1875,0.1875,0.1875,0.1875,0.1875,0.1875,,,
3.01076292991638,0,0.1875,0.1875,0.1875,0.1875,0.1875,0.1875,,,
3.01276588439941,0,0.1875,0.1875,0.1875,0.1875,0.1875,0.1875,,,
3.0147659778595,0,0.1875,0.1875,0.1875,0.1875,0.1875,0.1875,,,
3.01676893234253,0,0.1875,0.1875,0.1875,0.1875,0.1875,0.1875,,,
3.01877188682556,0,0.1875,0.1875,0.1875,0.1875,0.1875,0.1875,,,
3.02077198028564,0,0.1875,0.1875,0.1875,0.1875,0.1875,0.1875,,,
3.02277493476868,0,0.1875,0.1875,0.1875,0.1875,0.1875,0.1875,,,
3.02477502822876,0,0.1875,0.1875,0.1875,0.1875,0.1875,0.1875,,,
3.02677798271179,0,0.1875,0.1875,0.1875,0.1875,0.1875,0.1875,,,
3.02877807617188,0,0.1875,0.1875,0.1875,0.1875,0.1875,0.1875,,,
3.03078103065491,0,0.1875,0.1875,0.1875,0.1875,0.1875,0.1875,,,
3.03278398513794,0,0.1875,0.1875,0.1875,0.1875,0.1875,0.1875,,,
3.03478407859802,0,0.1875,0.1875,0.1875,0.1875,0.1875,0.1875,,,
3.03678703308105,0,0.1875,0.1875,0.1875,0.1875,0.1875,0.1875,,,
3.03878808021545,0,0.1875,0.1875,0.1875,0.1875,0.1875,0.1875,,,
3.04079008102417,0,0.1875,0.1875,0.1875,0.1875,0.1875,0.1875,,,
3.04279088973999,0,0.1875,0.1875,0.1875,0.1875,0.1875,0.1875,,,
3.04479289054871,0,0.1875,0.1875,0.1875,0.1875,0.1875,0.1875,,,
3.04679608345032,0,0.1875,0.1875,0.1875,0.1875,0.1875,0.1875,,,
3.04879593849182,0,0.1875,0.1875,0.1875,0.1875,0.1875,0.1875,,,
3.05079889297485,0,0.1875,0.1875,0.1875,0.1875,0.1875,0.1875,,,
3.05279994010925,0,0.1875,0.1875,0.1875,0.1875,0.1875,0.1875,,,
3.05480194091797,0,0.1875,0.1875,0.1875,0.1875,0.1875,0.1875,,,
3.056804895401,0,0.1875,0.1875,0.1875,0.1875,0.1875,0.1875,,,
3.05894994735718,0,0.1875,0.1875,0.1875,0.1875,0.1875,0.1875,,,
3.06095004081726,0,0.1875,0.1875,0.1875,0.1875,0.1875,0.1875,,,
3.06295299530029,0,0.1875,0.1875,0.1875,0.1875,0.1875,0.1875,,,
3.06495594978333,0,0.1875,0.1875,0.1875,0.1875,0.1875,0.1875,,,
3.06695604324341,0,0.1875,0.1875,0.1875,0.1875,0.1875,0.1875,,,
3.06895899772644,0,0.1875,0.1875,0.1875,0.1875,0.1875,0.1875,,,
3.07095909118652,0,0.1875,0.1875,0.1875,0.1875,0.1875,0.1875,,,
3.07296204566956,0,0.1875,0.1875,0.1875,0.1875,0.1875,0.1875,,,
3.07496190071106,0,0.1875,0.1875,0.1875,0.1875,0.1875,0.1875,,,
3.07696509361267,0,0.1875,0.1875,0.1875,0.1875,0.1875,0.1875,,,
3.0789680480957,0,0.1875,0.1875,0.1875,0.1875,0.1875,0.1875,,,
3.08096790313721,0,0.1875,0.1875,0.1875,0.1875,0.1875,0.1875,,,
3.08297109603882,0,0.1875,0.1875,0.1875,0.1875,0.1875,0.1875,,,
3.08497190475464,0,0.1875,0.1875,0.1875,0.1875,0.1875,0.1875,,,
3.08697390556335,0,0.1875,0.1875,0.1875,0.1875,0.1875,0.1875,,,
3.08897495269775,0,0.1875,0.1875,0.1875,0.1875,0.1875,0.1875,,,
3.09097790718079,0,0.1875,0.1875,0.1875,0.1875,0.1875,0.1875,,,
3.09297800064087,0,0.1875,0.1875,0.1875,0.1875,0.1875,0.1875,,,
3.0949809551239,0,0.1875,0.1875,0.1875,0.1875,0.1875,0.1875,,,
3.09698104858398,0,0.1875,0.1875,0.1875,0.1875,0.1875,0.1875,,,
3.09898400306702,0,0.1875,0.1875,0.1875,0.1875,0.1875,0.1875,,,
3.10098695755005,0,0.1875,0.1875,0.1875,0.1875,0.1875,0.1875,,,
3.10298705101013,0,0.1875,0.1875,0.1875,0.1875,0.1875,0.1875,,,
3.10499000549316,0,0.1875,0.1875,0.1875,0.1875,0.1875,0.1875,,,
3.10699105262756,0,0.1875,0.1875,0.1875,0.1875,0.1875,0.1875,,,
3.10899305343628,0,0.1875,0.1875,0.1875,0.1875,0.1875,0.1875,,,
3.11099410057068,0,0.1875,0.1875,0.1875,0.1875,0.1875,0.1875,,,
3.11299705505371,0,0.1875,0.1875,0.1875,0.1875,0.1875,0.1875,,,
3.11499691009521,0,0.1875,0.1875,0.1875,0.1875,0.1875,0.1875,,,
3.11700010299683,0,0.1875,0.1875,0.1875,0.1875,0.1875,0.1875,,,
3.11899995803833,0,0.1875,0.1875,0.1875,0.1875,0.1875,0.1875,,,
3.12100291252136,0,0.1875,0.1875,0.1875,0.1875,0.1875,0.1875,,,
3.12300586700439,0,0.1875,0.1875,0.1875,0.1875,0.1875,0.1875,,,
3.12500596046448,0,0.1875,0.1875,0.1875,0.1875,0.1875,0.1875,,,
3.12700891494751,0,0.1875,0.1875,0.1875,0.1875,0.1875,0.1875,,,
3.12900900840759,0,0.1875,0.1875,0.1875,0.1875,0.1875,0.1875,,,
3.13101196289063,0,0.1875,0.1875,0.1875,0.1875,0.1875,0.1875,,,
3.13301205635071,0,0.1875,0.1875,0.1875,0.1875,0.1875,0.1875,,,
3.13501501083374,0,0.1875,0.1875,0.1875,0.1875,0.1875,0.1875,,,
3.13701486587524,0,0.1875,0.1875,0.1875,0.1875,0.1875,0.1875,,,
3.13901805877686,0,0.1875,0.1875,0.1875,0.1875,0.1875,0.1875,,,
3.14101886749268,0,0.1875,0.1875,0.1875,0.1875,0.1875,0.1875,,,
3.14302086830139,0,0.1875,0.1875,0.1875,0.1875,0.1875,0.1875,,,
3.14502191543579,0,0.1875,0.1875,0.1875,0.1875,0.1875,0.1875,,,
3.14702391624451,0,0.1875,0.1875,0.1875,0.1875,0.1875,0.1875,,,
3.14902496337891,0,0.1875,0.1875,0.1875,0.1875,0.1875,0.1875,,,
3.15102791786194,0,0.1875,0.1875,0.1875,0.1875,0.1875,0.1875,,,
3.15302991867065,0,0.1875,0.1875,0.1875,0.1875,0.1875,0.1875,,,
3.15503096580505,0,0.1875,0.1875,0.1875,0.1875,0.1875,0.1875,,,
3.15703296661377,0,0.1875,0.1875,0.1875,0.1875,0.1875,0.1875,,,
3.15903401374817,0,0.1875,0.1875,0.1875,0.1875,0.1875,0.1875,,,
3.1610369682312,0,0.1875,0.1875,0.1875,0.1875,0.1875,0.1875,,,
3.16303706169128,0,0.1875,0.1875,0.1875,0.1875,0.1875,0.1875,,,
3.16504001617432,0,0.1875,0.1875,0.1875,0.1875,0.1875,0.1875,,,
3.16703987121582,0,0.1875,0.1875,0.1875,0.1875,0.1875,0.1875,,,
3.16904306411743,0,0.1875,0.1875,0.1875,0.1875,0.1875,0.1875,,,
3.17104291915894,0,0.1875,0.1875,0.1875,0.1875,0.1875,0.1875,,,
3.17304587364197,0,0.1875,0.1875,0.1875,0.1875,0.1875,0.1875,,,
3.17504596710205,0,0.1875,0.1875,0.1875,0.1875,0.1875,0.1875,,,
3.17704892158508,0,0.1875,0.1875,0.1875,0.1875,0.1875,0.1875,,,
3.17904901504517,0,0.1875,0.1875,0.1875,0.1875,0.1875,0.1875,,,
3.1810519695282,0,0.1875,0.1875,0.1875,0.1875,0.1875,0.1875,,,
3.18305492401123,0,0.1875,0.1875,0.1875,0.1875,0.1875,0.1875,,,
3.18505501747131,0,0.1875,0.1875,0.1875,0.1875,0.1875,0.1875,,,
3.18705797195435,0,0.1875,0.1875,0.1875,0.1875,0.1875,0.1875,,,
3.18905806541443,0,0.1875,0.1875,0.1875,0.1875,0.1875,0.1875,,,
3.19106101989746,0,0.1875,0.1875,0.1875,0.1875,0.1875,0.1875,,,
3.19306397438049,0,0.1875,0.1875,0.1875,0.1875,0.1875,0.1875,,,
3.19506406784058,0,0.1875,0.1875,0.1875,0.1875,0.1875,0.1875,,,
3.19706702232361,0,0.1875,0.1875,0.1875,0.1875,0.1875,0.1875,,,
3.19906687736511,0,0.1875,0.1875,0.1875,0.1875,0.1875,0.1875,,,
3.20107007026672,0,0.1875,0.1875,0.1875,0.1875,0.1875,0.1875,,,
3.20306992530823,0,0.1875,0.1875,0.1875,0.1875,0.1875,0.1875,,,
3.20507287979126,0,0.1875,0.1875,0.1875,0.1875,0.1875,0.1875,,,
3.20707607269287,0,0.1875,0.1875,0.1875,0.1875,0.1875,0.1875,,,
3.20907592773438,0,0.1875,0.1875,0.1875,0.1875,0.1875,0.1875,,,
3.21107888221741,0,0.1875,0.1875,0.1875,0.1875,0.1875,0.1875,,,
3.21307897567749,0,0.1875,0.1875,0.1875,0.1875,0.1875,0.1875,,,
3.21508193016052,0,0.1875,0.1875,0.1875,0.1875,0.1875,0.1875,,,
3.21708202362061,0,0.1875,0.1875,0.1875,0.1875,0.1875,0.1875,,,
3.21908497810364,0,0.1875,0.1875,0.1875,0.1875,0.1875,0.1875,,,
3.22108507156372,0,0.1875,0.1875,0.1875,0.1875,0.1875,0.1875,,,
3.22308802604675,0,0.1875,0.1875,0.1875,0.1875,0.1875,0.1875,,,
3.22508907318115,0,0.1875,0.1875,0.1875,0.1875,0.1875,0.1875,,,
3.22709107398987,0,0.1875,0.1875,0.1875,0.1875,0.1875,0.1875,,,
3.22909188270569,0,0.1875,0.1875,0.1875,0.1875,0.1875,0.1875,,,
3.2310950756073,0,0.1875,0.1875,0.1875,0.1875,0.1875,0.1875,,,
3.23309707641602,0,0.1875,0.1875,0.1875,0.1875,0.1875,0.1875,,,
3.23509788513184,0,0.1875,0.1875,0.1875,0.1875,0.1875,0.1875,,,
3.23710107803345,0,0.1875,0.1875,0.1875,0.1875,0.1875,0.1875,,,
3.23910093307495,0,0.1875,0.1875,0.1875,0.1875,0.1875,0.1875,,,
3.24110388755798,0,0.1875,0.1875,0.1875,0.1875,0.1875,0.1875,,,
3.24310398101807,0,0.1875,0.1875,0.1875,0.1875,0.1875,0.1875,,,
3.2451069355011,0,0.1875,0.1875,0.1875,0.1875,0.1875,0.1875,,,
3.24710702896118,0,0.1875,0.1875,0.1875,0.1875,0.1875,0.1875,,,
3.24910998344421,0,0.1875,0.1875,0.1875,0.1875,0.1875,0.1875,,,
3.2511100769043,0,0.1875,0.1875,0.1875,0.1875,0.1875,0.1875,,,
3.25311303138733,0,0.1875,0.1875,0.1875,0.1875,0.1875,0.1875,,,
3.25511598587036,0,0.1875,0.1875,0.1875,0.1875,0.1875,0.1875,,,
3.25711607933044,0,0.1875,0.1875,0.1875,0.1875,0.1875,0.1875,,,
3.25911903381348,0,0.1875,0.1875,0.1875,0.1875,0.1875,0.1875,,,
3.26111888885498,0,0.1875,0.1875,0.1875,0.1875,0.1875,0.1875,,,
3.26312208175659,0,0.1875,0.1875,0.1875,0.1875,0.1875,0.1875,,,
3.2651219367981,0,0.1875,0.1875,0.1875,0.1875,0.1875,0.1875,,,
3.26712489128113,0,0.1875,0.1875,0.1875,0.1875,0.1875,0.1875,,,
3.26912808418274,0,0.1875,0.1875,0.1875,0.1875,0.1875,0.1875,,,
3.27112793922424,0,0.1875,0.1875,0.1875,0.1875,0.1875,0.1875,,,
3.27313089370728,0,0.1875,0.1875,0.1875,0.1875,0.1875,0.1875,,,
3.27513098716736,0,0.1875,0.1875,0.1875,0.1875,0.1875,0.1875,,,
3.27713394165039,0,0.1875,0.1875,0.1875,0.1875,0.1875,0.1875,,,
3.27913498878479,0,0.1875,0.1875,0.1875,0.1875,0.1875,0.1875,,,
3.28113698959351,0,0.1875,0.1875,0.1875,0.1875,0.1875,0.1875,,,
3.28313803672791,0,0.1875,0.1875,0.1875,0.1875,0.1875,0.1875,,,
3.28514099121094,0,0.1875,0.1875,0.1875,0.1875,0.1875,0.1875,,,
3.28714108467102,0,0.1875,0.1875,0.1875,0.1875,0.1875,0.1875,,,
3.28914403915405,0,0.1875,0.1875,0.1875,0.1875,0.1875,0.1875,,,
3.29114699363709,0,0.1875,0.1875,0.1875,0.1875,0.1875,0.1875,,,
3.29314708709717,0,0.1875,0.1875,0.1875,0.1875,0.1875,0.1875,,,
3.2951500415802,0,0.1875,0.1875,0.1875,0.1875,0.1875,0.1875,,,
3.2971498966217,0,0.1875,0.1875,0.1875,0.1875,0.1875,0.1875,,,
3.29915308952332,0,0.1875,0.1875,0.1875,0.1875,0.1875,0.1875,,,
3.30115294456482,0,0.1875,0.1875,0.1875,0.1875,0.1875,0.1875,,,
3.30315589904785,0,0.1875,0.1875,0.1875,0.1875,0.1875,0.1875,,,
3.30515909194946,0,0.1875,0.1875,0.1875,0.1875,0.1875,0.1875,,,
3.30715990066528,0,0.1875,0.1875,0.1875,0.1875,0.1875,0.1875,,,
3.30915999412537,0,0.1875,0.1875,0.1875,0.1875,0.1875,0.1875,,,
3.31116199493408,0,0.1875,0.1875,0.1875,0.1875,0.1875,0.1875,,,
3.31316304206848,0,0.1875,0.1875,0.1875,0.1875,0.1875,0.1875,,,
3.31516599655151,0,0.1875,0.1875,0.1875,0.1875,0.1875,0.1875,,,
3.3171660900116,0,0.1875,0.1875,0.1875,0.1875,0.1875,0.1875,,,
3.31916904449463,0,0.1875,0.1875,0.1875,0.1875,0.1875,0.1875,,,
3.32117199897766,0,0.1875,0.1875,0.1875,0.1875,0.1875,0.1875,,,
3.32317304611206,0,0.1875,0.1875,0.1875,0.1875,0.1875,0.1875,,,
3.32517504692078,0,0.1875,0.1875,0.1875,0.1875,0.1875,0.1875,,,
3.32717609405518,0,0.1875,0.1875,0.1875,0.1875,0.1875,0.1875,,,
3.32917904853821,0,0.1875,0.1875,0.1875,0.1875,0.1875,0.1875,,,
3.33117890357971,0,0.1875,0.1875,0.1875,0.1875,0.1875,0.1875,,,
3.33318209648132,0,0.1875,0.1875,0.1875,0.1875,0.1875,0.1875,,,
3.33518290519714,0,0.1875,0.1875,0.1875,0.1875,0.1875,0.1875,,,
3.33718490600586,0,0.1875,0.1875,0.1875,0.1875,0.1875,0.1875,,,
3.33918595314026,0,0.1875,0.1875,0.1875,0.1875,0.1875,0.1875,,,
3.34118890762329,0,0.1875,0.1875,0.1875,0.1875,0.1875,0.1875,,,
3.34318900108337,0,0.1875,0.1875,0.1875,0.1875,0.1875,0.1875,,,
3.34519195556641,0,0.1875,0.1875,0.1875,0.1875,0.1875,0.1875,,,
3.34719204902649,0,0.1875,0.1875,0.1875,0.1875,0.1875,0.1875,,,
3.34919500350952,0,0.1875,0.1875,0.1875,0.1875,0.1875,0.1875,,,
3.35119795799255,0,0.1875,0.1875,0.1875,0.1875,0.1875,0.1875,,,
3.35319900512695,0,0.1875,0.1875,0.1875,0.1875,0.1875,0.1875,,,
3.35519909858704,0,0.1875,0.1875,0.1875,0.1875,0.1875,0.1875,,,
3.35720205307007,0,0.1875,0.1875,0.1875,0.1875,0.1875,0.1875,,,
3.3592050075531,0,0.1875,0.1875,0.1875,0.1875,0.1875,0.1875,,,
3.36120510101318,0,0.1875,0.1875,0.1875,0.1875,0.1875,0.1875,,,
3.36320805549622,0,0.1875,0.1875,0.1875,0.1875,0.1875,0.1875,,,
3.36520791053772,0,0.1875,0.1875,0.1875,0.1875,0.1875,0.1875,,,
3.36721086502075,0,0.1875,0.1875,0.1875,0.1875,0.1875,0.1875,,,
3.36921191215515,0,0.1875,0.1875,0.1875,0.1875,0.1875,0.1875,,,
3.37121391296387,0,0.1875,0.1875,0.1875,0.1875,0.1875,0.1875,,,
3.37321591377258,0,0.1875,0.1875,0.1875,0.1875,0.1875,0.1875,,,
3.37521600723267,0,0.1875,0.1875,0.1875,0.1875,0.1875,0.1875,,,
3.3772189617157,0,0.1875,0.1875,0.1875,0.1875,0.1875,0.1875,,,
3.37922191619873,0,0.1875,0.1875,0.1875,0.1875,0.1875,0.1875,,,
3.38122200965881,0,0.1875,0.1875,0.1875,0.1875,0.1875,0.1875,,,
3.38322401046753,0,0.1875,0.1875,0.1875,0.1875,0.1875,0.1875,,,
3.38522696495056,0,0.1875,0.1875,0.1875,0.1875,0.1875,0.1875,,,
3.38722705841064,0,0.1875,0.1875,0.1875,0.1875,0.1875,0.1875,,,
3.38923001289368,0,0.1875,0.1875,0.1875,0.1875,0.1875,0.1875,,,
3.39122986793518,0,0.1875,0.1875,0.1875,0.1875,0.1875,0.1875,,,
3.39323306083679,0,0.1875,0.1875,0.1875,0.1875,0.1875,0.1875,,,
3.3952329158783,0,0.1875,0.1875,0.1875,0.1875,0.1875,0.1875,,,
3.39723587036133,0,0.1875,0.1875,0.1875,0.1875,0.1875,0.1875,,,
3.39923787117004,0,0.1875,0.1875,0.1875,0.1875,0.1875,0.1875,,,
3.40123891830444,0,0.1875,0.1875,0.1875,0.1875,0.1875,0.1875,,,
3.40324091911316,0,0.1875,0.1875,0.1875,0.1875,0.1875,0.1875,,,
3.40524387359619,0,0.1875,0.1875,0.1875,0.1875,0.1875,0.1875,,,
3.40724396705627,0,0.1875,0.1875,0.1875,0.1875,0.1875,0.1875,,,
3.40924596786499,0,0.1875,0.1875,0.1875,0.1875,0.1875,0.1875,,,
3.41124892234802,0,0.1875,0.1875,0.1875,0.1875,0.1875,0.1875,,,
3.41324901580811,0,0.1875,0.1875,0.1875,0.1875,0.1875,0.1875,,,
3.41525197029114,0,0.1875,0.1875,0.1875,0.1875,0.1875,0.1875,,,
3.41725206375122,0,0.1875,0.1875,0.1875,0.1875,0.1875,0.1875,,,
3.41925501823425,0,0.1875,0.1875,0.1875,0.1875,0.1875,0.1875,,,
3.42125797271729,0,0.1875,0.1875,0.1875,0.1875,0.1875,0.1875,,,
3.42325806617737,0,0.1875,0.1875,0.1875,0.1875,0.1875,0.1875,,,
3.4252610206604,0,0.1875,0.1875,0.1875,0.1875,0.1875,0.1875,,,
3.4272608757019,0,0.1875,0.1875,0.1875,0.1875,0.1875,0.1875,,,
3.42926287651062,0,0.1875,0.1875,0.1875,0.1875,0.1875,0.1875,,,
3.43126606941223,0,0.1875,0.1875,0.1875,0.1875,0.1875,0.1875,,,
3.43326592445374,0,0.1875,0.1875,0.1875,0.1875,0.1875,0.1875,,,
3.43526887893677,0,0.1875,0.1875,0.1875,0.1875,0.1875,0.1875,,,
3.43727207183838,0,0.1875,0.1875,0.1875,0.1875,0.1875,0.1875,,,
3.43927192687988,0,0.1875,0.1875,0.1875,0.1875,0.1875,0.1875,,,
3.44127488136292,0,0.1875,0.1875,0.1875,0.1875,0.1875,0.1875,,,
3.443274974823,0,0.1875,0.1875,0.1875,0.1875,0.1875,0.1875,,,
3.44527697563171,0,0.1875,0.1875,0.1875,0.1875,0.1875,0.1875,,,
3.44727993011475,0,0.1875,0.1875,0.1875,0.1875,0.1875,0.1875,,,
3.44928002357483,0,0.1875,0.1875,0.1875,0.1875,0.1875,0.1875,,,
3.45128297805786,0,0.1875,0.1875,0.1875,0.1875,0.1875,0.1875,,,
3.45328497886658,0,0.1875,0.1875,0.1875,0.1875,0.1875,0.1875,,,
3.45528602600098,0,0.1875,0.1875,0.1875,0.1875,0.1875,0.1875,,,
3.45728802680969,0,0.1875,0.1875,0.1875,0.1875,0.1875,0.1875,,,
3.45929098129272,0,0.1875,0.1875,0.1875,0.1875,0.1875,0.1875,,,
3.46129107475281,0,0.1875,0.1875,0.1875,0.1875,0.1875,0.1875,,,
3.463299036026,0,0.1875,0.1875,0.1875,0.1875,0.1875,0.1875,,,
3.4652988910675,0,0.1875,0.1875,0.1875,0.1875,0.1875,0.1875,,,
3.46730208396912,0,0.1875,0.1875,0.1875,0.1875,0.1875,0.1875,,,
3.46930193901062,0,0.1875,0.1875,0.1875,0.1875,0.1875,0.1875,,,
3.4713020324707,0,0.1875,0.1875,0.1875,0.1875,0.1875,0.1875,,,
3.4733030796051,0,0.1875,0.1875,0.1875,0.1875,0.1875,0.1875,,,
3.47530293464661,0,0.1875,0.1875,0.1875,0.1875,0.1875,0.1875,,,
3.47730588912964,0,0.1875,0.1875,0.1875,0.1875,0.1875,0.1875,,,
3.47930598258972,0,0.1875,0.1875,0.1875,0.1875,0.1875,0.1875,,,
3.48130893707275,0,0.1875,0.1875,0.1875,0.1875,0.1875,0.1875,,,
3.48330903053284,0,0.1875,0.1875,0.1875,0.1875,0.1875,0.1875,,,
3.48531198501587,0,0.1875,0.1875,0.1875,0.1875,0.1875,0.1875,,,
3.4873149394989,0,0.1875,0.1875,0.1875,0.1875,0.1875,0.1875,,,
3.48931503295898,0,0.1875,0.1875,0.1875,0.1875,0.1875,0.1875,,,
3.49131798744202,0,0.1875,0.1875,0.1875,0.1875,0.1875,0.1875,,,
3.4933180809021,0,0.1875,0.1875,0.1875,0.1875,0.1875,0.1875,,,
3.49532103538513,0,0.1875,0.1875,0.1875,0.1875,0.1875,0.1875,,,
3.49732089042664,0,0.1875,0.1875,0.1875,0.1875,0.1875,0.1875,,,
3.49932408332825,0,0.1875,0.1875,0.1875,0.1875,0.1875,0.1875,,,
3.50132703781128,0,0.1875,0.1875,0.1875,0.1875,0.1875,0.1875,,,
3.50332689285278,0,0.1875,0.1875,0.1875,0.1875,0.1875,0.1875,,,
3.50533008575439,0,0.1875,0.1875,0.1875,0.1875,0.1875,0.1875,,,
3.5073299407959,0,0.1875,0.1875,0.1875,0.1875,0.1875,0.1875,,,
3.50933289527893,0,0.1875,0.1875,0.1875,0.1875,0.1875,0.1875,,,
3.51133298873901,0,0.1875,0.1875,0.1875,0.1875,0.1875,0.1875,,,
3.51333594322205,0,0.1875,0.1875,0.1875,0.1875,0.1875,0.1875,,,
3.51533603668213,0,0.1875,0.1875,0.1875,0.1875,0.1875,0.1875,,,
3.51733899116516,0,0.1875,0.1875,0.1875,0.1875,0.1875,0.1875,,,
3.51934003829956,0,0.1875,0.1875,0.1875,0.1875,0.1875,0.1875,,,
3.52134299278259,0,0.1875,0.1875,0.1875,0.1875,0.1875,0.1875,,,
3.52334499359131,0,0.1875,0.1875,0.1875,0.1875,0.1875,0.1875,,,
3.52534604072571,0,0.1875,0.1875,0.1875,0.1875,0.1875,0.1875,,,
3.52734899520874,0,0.1875,0.1875,0.1875,0.1875,0.1875,0.1875,,,
3.52934908866882,0,0.1875,0.1875,0.1875,0.1875,0.1875,0.1875,,,
3.53135204315186,0,0.1875,0.1875,0.1875,0.1875,0.1875,0.1875,,,
3.53335189819336,0,0.1875,0.1875,0.1875,0.1875,0.1875,0.1875,,,
3.53535509109497,0,0.1875,0.1875,0.1875,0.1875,0.1875,0.1875,,,
3.537358045578,0,0.1875,0.1875,0.1875,0.1875,0.1875,0.1875,,,
3.53935790061951,0,0.1875,0.1875,0.1875,0.1875,0.1875,0.1875,,,
3.54136109352112,0,0.1875,0.1875,0.1875,0.1875,0.1875,0.1875,,,
3.54336094856262,0,0.1875,0.1875,0.1875,0.1875,0.1875,0.1875,,,
3.54536390304565,0,0.1875,0.1875,0.1875,0.1875,0.1875,0.1875,,,
3.54736590385437,0,0.1875,0.1875,0.1875,0.1875,0.1875,0.1875,,,
3.54936695098877,0,0.1875,0.1875,0.1875,0.1875,0.1875,0.1875,,,
3.5513699054718,0,0.1875,0.1875,0.1875,0.1875,0.1875,0.1875,,,
3.55336999893188,0,0.1875,0.1875,0.1875,0.1875,0.1875,0.1875,,,
3.55537295341492,0,0.1875,0.1875,0.1875,0.1875,0.1875,0.1875,,,
3.55737495422363,0,0.1875,0.1875,0.1875,0.1875,0.1875,0.1875,,,
3.55937600135803,0,0.1875,0.1875,0.1875,0.1875,0.1875,0.1875,,,
3.56138300895691,0,0.1875,0.1875,0.1875,0.1875,0.1875,0.1875,,,
3.56338405609131,0,0.1875,0.1875,0.1875,0.1875,0.1875,0.1875,,,
3.56538701057434,0,0.1875,0.1875,0.1875,0.1875,0.1875,0.1875,,,
3.56738901138306,0,0.1875,0.1875,0.1875,0.1875,0.1875,0.1875,,,
3.56939005851746,0,0.1875,0.1875,0.1875,0.1875,0.1875,0.1875,,,
3.57139301300049,0,0.1875,0.1875,0.1875,0.1875,0.1875,0.1875,,,
3.57339286804199,0,0.1875,0.1875,0.1875,0.1875,0.1875,0.1875,,,
3.5753960609436,0,0.1875,0.1875,0.1875,0.1875,0.1875,0.1875,,,
3.57739591598511,0,0.1875,0.1875,0.1875,0.1875,0.1875,0.1875,,,
3.57939887046814,0,0.1875,0.1875,0.1875,0.1875,0.1875,0.1875,,,
3.58139896392822,0,0.1875,0.1875,0.1875,0.1875,0.1875,0.1875,,,
3.58340191841125,0,0.1875,0.1875,0.1875,0.1875,0.1875,0.1875,,,
3.58540487289429,0,0.1875,0.1875,0.1875,0.1875,0.1875,0.1875,,,
3.58740496635437,0,0.1875,0.1875,0.1875,0.1875,0.1875,0.1875,,,
3.5894079208374,0,0.1875,0.1875,0.1875,0.1875,0.1875,0.1875,,,
3.59140801429749,0,0.1875,0.1875,0.1875,0.1875,0.1875,0.1875,,,
3.59341096878052,0,0.1875,0.1875,0.1875,0.1875,0.1875,0.1875,,,
3.5954110622406,0,0.1875,0.1875,0.1875,0.1875,0.1875,0.1875,,,
3.59741401672363,0,0.1875,0.1875,0.1875,0.1875,0.1875,0.1875,,,
3.59941387176514,0,0.1875,0.1875,0.1875,0.1875,0.1875,0.1875,,,
3.60141706466675,0,0.1875,0.1875,0.1875,0.1875,0.1875,0.1875,,,
3.60342001914978,0,0.1875,0.1875,0.1875,0.1875,0.1875,0.1875,,,
3.60541987419128,0,0.1875,0.1875,0.1875,0.1875,0.1875,0.1875,,,
3.6074230670929,0,0.1875,0.1875,0.1875,0.1875,0.1875,0.1875,,,
3.60942387580872,0,0.1875,0.1875,0.1875,0.1875,0.1875,0.1875,,,
3.61142587661743,0,0.1875,0.1875,0.1875,0.1875,0.1875,0.1875,,,
3.61342692375183,0,0.1875,0.1875,0.1875,0.1875,0.1875,0.1875,,,
3.61542892456055,0,0.1875,0.1875,0.1875,0.1875,0.1875,0.1875,,,
3.61743187904358,0,0.1875,0.1875,0.1875,0.1875,0.1875,0.1875,,,
3.61943292617798,0,0.1875,0.1875,0.1875,0.1875,0.1875,0.1875,,,
3.62143492698669,0,0.1875,0.1875,0.1875,0.1875,0.1875,0.1875,,,
3.62343597412109,0,0.1875,0.1875,0.1875,0.1875,0.1875,0.1875,,,
3.62543892860413,0,0.1875,0.1875,0.1875,0.1875,0.1875,0.1875,,,
3.62743902206421,0,0.1875,0.1875,0.1875,0.1875,0.1875,0.1875,,,
3.62944197654724,0,0.1875,0.1875,0.1875,0.1875,0.1875,0.1875,,,
3.63144493103027,0,0.1875,0.1875,0.1875,0.1875,0.1875,0.1875,,,
3.63344502449036,0,0.1875,0.1875,0.1875,0.1875,0.1875,0.1875,,,
3.63544797897339,0,0.1875,0.1875,0.1875,0.1875,0.1875,0.1875,,,
3.63744807243347,0,0.1875,0.1875,0.1875,0.1875,0.1875,0.1875,,,
3.6394510269165,0,0.1875,0.1875,0.1875,0.1875,0.1875,0.1875,,,
3.64145398139954,0,0.1875,0.1875,0.1875,0.1875,0.1875,0.1875,,,
3.64345407485962,0,0.1875,0.1875,0.1875,0.1875,0.1875,0.1875,,,
3.64545702934265,0,0.1875,0.1875,0.1875,0.1875,0.1875,0.1875,,,
3.64745688438416,0,0.1875,0.1875,0.1875,0.1875,0.1875,0.1875,,,
3.64946007728577,0,0.1875,0.1875,0.1875,0.1875,0.1875,0.1875,,,
3.6514630317688,0,0.1875,0.1875,0.1875,0.1875,0.1875,0.1875,,,
3.6534628868103,0,0.1875,0.1875,0.1875,0.1875,0.1875,0.1875,,,
3.65546607971191,0,0.1875,0.1875,0.1875,0.1875,0.1875,0.1875,,,
3.65746593475342,0,0.1875,0.1875,0.1875,0.1875,0.1875,0.1875,,,
3.65946888923645,0,0.1875,0.1875,0.1875,0.1875,0.1875,0.1875,,,
3.66146898269653,0,0.1875,0.1875,0.1875,0.1875,0.1875,0.1875,,,
3.66347193717957,0,0.1875,0.1875,0.1875,0.1875,0.1875,0.1875,,,
3.66547298431396,0,0.1875,0.1875,0.1875,0.1875,0.1875,0.1875,,,
3.66747498512268,0,0.1875,0.1875,0.1875,0.1875,0.1875,0.1875,,,
3.66947793960571,0,0.1875,0.1875,0.1875,0.1875,0.1875,0.1875,,,
3.67147898674011,0,0.1875,0.1875,0.1875,0.1875,0.1875,0.1875,,,
3.67348098754883,0,0.1875,0.1875,0.1875,0.1875,0.1875,0.1875,,,
3.67548203468323,0,0.1875,0.1875,0.1875,0.1875,0.1875,0.1875,,,
3.67748403549194,0,0.1875,0.1875,0.1875,0.1875,0.1875,0.1875,,,
3.67948508262634,0,0.1875,0.1875,0.1875,0.1875,0.1875,0.1875,,,
3.68148803710938,0,0.1875,0.1875,0.1875,0.1875,0.1875,0.1875,,,
3.68349003791809,0,0.1875,0.1875,0.1875,0.1875,0.1875,0.1875,,,
3.68549108505249,0,0.1875,0.1875,0.1875,0.1875,0.1875,0.1875,,,
3.68749403953552,0,0.1875,0.1875,0.1875,0.1875,0.1875,0.1875,,,
3.68949389457703,0,0.1875,0.1875,0.1875,0.1875,0.1875,0.1875,,,
3.69149708747864,0,0.1875,0.1875,0.1875,0.1875,0.1875,0.1875,,,
3.69349694252014,0,0.1875,0.1875,0.1875,0.1875,0.1875,0.1875,,,
3.69549989700317,0,0.1875,0.1875,0.1875,0.1875,0.1875,0.1875,,,
3.69750189781189,0,0.1875,0.1875,0.1875,0.1875,0.1875,0.1875,,,
3.69950294494629,0,0.1875,0.1875,0.1875,0.1875,0.1875,0.1875,,,
3.701504945755,0,0.1875,0.1875,0.1875,0.1875,0.1875,0.1875,,,
3.7035059928894,0,0.1875,0.1875,0.1875,0.1875,0.1875,0.1875,,,
3.70550894737244,0,0.1875,0.1875,0.1875,0.1875,0.1875,0.1875,,,
3.70751094818115,0,0.1875,0.1875,0.1875,0.1875,0.1875,0.1875,,,
3.70951199531555,0,0.1875,0.1875,0.1875,0.1875,0.1875,0.1875,,,
3.71151494979858,0,0.1875,0.1875,0.1875,0.1875,0.1875,0.1875,,,
3.71351504325867,0,0.1875,0.1875,0.1875,0.1875,0.1875,0.1875,,,
3.7155179977417,0,0.1875,0.1875,0.1875,0.1875,0.1875,0.1875,,,
3.71751809120178,0,0.1875,0.1875,0.1875,0.1875,0.1875,0.1875,,,
3.71952104568481,0,0.1875,0.1875,0.1875,0.1875,0.1875,0.1875,,,
3.72152090072632,0,0.1875,0.1875,0.1875,0.1875,0.1875,0.1875,,,
3.72352409362793,0,0.1875,0.1875,0.1875,0.1875,0.1875,0.1875,,,
3.72552394866943,0,0.1875,0.1875,0.1875,0.1875,0.1875,0.1875,,,
3.72752690315247,0,0.1875,0.1875,0.1875,0.1875,0.1875,0.1875,,,
3.72953009605408,0,0.1875,0.1875,0.1875,0.1875,0.1875,0.1875,,,
3.73152995109558,0,0.1875,0.1875,0.1875,0.1875,0.1875,0.1875,,,
3.73353290557861,0,0.1875,0.1875,0.1875,0.1875,0.1875,0.1875,,,
3.7355329990387,0,0.1875,0.1875,0.1875,0.1875,0.1875,0.1875,,,
3.73753595352173,0,0.1875,0.1875,0.1875,0.1875,0.1875,0.1875,,,
3.73953604698181,0,0.1875,0.1875,0.1875,0.1875,0.1875,0.1875,,,
3.74153900146484,0,0.1875,0.1875,0.1875,0.1875,0.1875,0.1875,,,
3.74354004859924,0,0.1875,0.1875,0.1875,0.1875,0.1875,0.1875,,,
3.74554204940796,0,0.1875,0.1875,0.1875,0.1875,0.1875,0.1875,,,
3.74754309654236,0,0.1875,0.1875,0.1875,0.1875,0.1875,0.1875,,,
3.74954509735107,0,0.1875,0.1875,0.1875,0.1875,0.1875,0.1875,,,
3.75154805183411,0,0.1875,0.1875,0.1875,0.1875,0.1875,0.1875,,,
3.75354790687561,0,0.1875,0.1875,0.1875,0.1875,0.1875,0.1875,,,
3.75555109977722,0,0.1875,0.1875,0.1875,0.1875,0.1875,0.1875,,,
3.75755190849304,0,0.1875,0.1875,0.1875,0.1875,0.1875,0.1875,,,
3.75955390930176,0,0.1875,0.1875,0.1875,0.1875,0.1875,0.1875,,,
3.76155495643616,0,0.1875,0.1875,0.1875,0.1875,0.1875,0.1875,,,
3.76355695724487,0,0.1875,0.1875,0.1875,0.1875,0.1875,0.1875,,,
3.76555991172791,0,0.1875,0.1875,0.1875,0.1875,0.1875,0.1875,,,
3.76756000518799,0,0.1875,0.1875,0.1875,0.1875,0.1875,0.1875,,,
3.76956295967102,0,0.1875,0.1875,0.1875,0.1875,0.1875,0.1875,,,
3.7715630531311,0,0.1875,0.1875,0.1875,0.1875,0.1875,0.1875,,,
3.77356600761414,0,0.1875,0.1875,0.1875,0.1875,0.1875,0.1875,,,
3.77556705474854,0,0.1875,0.1875,0.1875,0.1875,0.1875,0.1875,,,
3.77756905555725,0,0.1875,0.1875,0.1875,0.1875,0.1875,0.1875,,,
3.77957201004028,0,0.1875,0.1875,0.1875,0.1875,0.1875,0.1875,,,
3.78157305717468,0,0.1875,0.1875,0.1875,0.1875,0.1875,0.1875,,,
3.7835750579834,0,0.1875,0.1875,0.1875,0.1875,0.1875,0.1875,,,
3.78557586669922,0,0.1875,0.1875,0.1875,0.1875,0.1875,0.1875,,,
3.78757786750793,0,0.1875,0.1875,0.1875,0.1875,0.1875,0.1875,,,
3.78957891464233,0,0.1875,0.1875,0.1875,0.1875,0.1875,0.1875,,,
3.79158186912537,0,0.1875,0.1875,0.1875,0.1875,0.1875,0.1875,,,
3.79358196258545,0,0.1875,0.1875,0.1875,0.1875,0.1875,0.1875,,,
3.79558491706848,0,0.1875,0.1875,0.1875,0.1875,0.1875,0.1875,,,
3.79758787155151,0,0.1875,0.1875,0.1875,0.1875,0.1875,0.1875,,,
3.7995879650116,0,0.1875,0.1875,0.1875,0.1875,0.1875,0.1875,,,
3.80159091949463,0,0.1875,0.1875,0.1875,0.1875,0.1875,0.1875,,,
3.80359101295471,0,0.1875,0.1875,0.1875,0.1875,0.1875,0.1875,,,
3.80559396743774,0,0.1875,0.1875,0.1875,0.1875,0.1875,0.1875,,,
3.80759406089783,0,0.1875,0.1875,0.1875,0.1875,0.1875,0.1875,,,
3.80959701538086,0,0.1875,0.1875,0.1875,0.1875,0.1875,0.1875,,,
3.81159806251526,0,0.1875,0.1875,0.1875,0.1875,0.1875,0.1875,,,
3.81360006332397,0,0.1875,0.1875,0.1875,0.1875,0.1875,0.1875,,,
3.81560087203979,0,0.1875,0.1875,0.1875,0.1875,0.1875,0.1875,,,
3.81760287284851,0,0.1875,0.1875,0.1875,0.1875,0.1875,0.1875,,,
3.81960606575012,0,0.1875,0.1875,0.1875,0.1875,0.1875,0.1875,,,
3.82160687446594,0,0.1875,0.1875,0.1875,0.1875,0.1875,0.1875,,,
3.82360887527466,0,0.1875,0.1875,0.1875,0.1875,0.1875,0.1875,,,
3.82560992240906,0,0.1875,0.1875,0.1875,0.1875,0.1875,0.1875,,,
3.82761192321777,0,0.1875,0.1875,0.1875,0.1875,0.1875,0.1875,,,
3.82961297035217,0,0.1875,0.1875,0.1875,0.1875,0.1875,0.1875,,,
3.83161497116089,0,0.1875,0.1875,0.1875,0.1875,0.1875,0.1875,,,
3.83361792564392,0,0.1875,0.1875,0.1875,0.1875,0.1875,0.1875,,,
3.83561897277832,0,0.1875,0.1875,0.1875,0.1875,0.1875,0.1875,,,
3.83762097358704,0,0.1875,0.1875,0.1875,0.1875,0.1875,0.1875,,,
3.83962202072144,0,0.1875,0.1875,0.1875,0.1875,0.1875,0.1875,,,
3.84162497520447,0,0.1875,0.1875,0.1875,0.1875,0.1875,0.1875,,,
3.84362506866455,0,0.1875,0.1875,0.1875,0.1875,0.1875,0.1875,,,
3.84562802314758,0,0.1875,0.1875,0.1875,0.1875,0.1875,0.1875,,,
3.84762787818909,0,0.1875,0.1875,0.1875,0.1875,0.1875,0.1875,,,
3.8496310710907,0,0.1875,0.1875,0.1875,0.1875,0.1875,0.1875,,,
3.85163402557373,0,0.1875,0.1875,0.1875,0.1875,0.1875,0.1875,,,
3.85363388061523,0,0.1875,0.1875,0.1875,0.1875,0.1875,0.1875,,,
3.85563707351685,0,0.1875,0.1875,0.1875,0.1875,0.1875,0.1875,,,
3.85763692855835,0,0.1875,0.1875,0.1875,0.1875,0.1875,0.1875,,,
3.85963988304138,0,0.1875,0.1875,0.1875,0.1875,0.1875,0.1875,,,
3.86164307594299,0,0.1875,0.1875,0.1875,0.1875,0.1875,0.1875,,,
3.8636429309845,0,0.1875,0.1875,0.1875,0.1875,0.1875,0.1875,,,
3.86564588546753,0,0.1875,0.1875,0.1875,0.1875,0.1875,0.1875,,,
3.86764597892761,0,0.1875,0.1875,0.1875,0.1875,0.1875,0.1875,,,
3.86964893341064,0,0.1875,0.1875,0.1875,0.1875,0.1875,0.1875,,,
3.87165188789368,0,0.1875,0.1875,0.1875,0.1875,0.1875,0.1875,,,
3.87365198135376,0,0.1875,0.1875,0.1875,0.1875,0.1875,0.1875,,,
3.87565493583679,0,0.1875,0.1875,0.1875,0.1875,0.1875,0.1875,,,
3.87765502929688,0,0.1875,0.1875,0.1875,0.1875,0.1875,0.1875,,,
3.87965798377991,0,0.1875,0.1875,0.1875,0.1875,0.1875,0.1875,,,
3.88166093826294,0,0.1875,0.1875,0.1875,0.1875,0.1875,0.1875,,,
3.88366103172302,0,0.1875,0.1875,0.1875,0.1875,0.1875,0.1875,,,
3.88566398620605,0,0.1875,0.1875,0.1875,0.1875,0.1875,0.1875,,,
3.88766407966614,0,0.1875,0.1875,0.1875,0.1875,0.1875,0.1875,,,
3.88966703414917,0,0.1875,0.1875,0.1875,0.1875,0.1875,0.1875,,,
3.8916699886322,0,0.1875,0.1875,0.1875,0.1875,0.1875,0.1875,,,
3.89367008209229,0,0.1875,0.1875,0.1875,0.1875,0.1875,0.1875,,,
3.89567303657532,0,0.1875,0.1875,0.1875,0.1875,0.1875,0.1875,,,
3.89767289161682,0,0.1875,0.1875,0.1875,0.1875,0.1875,0.1875,,,
3.89967608451843,0,0.1875,0.1875,0.1875,0.1875,0.1875,0.1875,,,
3.90167593955994,0,0.1875,0.1875,0.1875,0.1875,0.1875,0.1875,,,
3.90367889404297,0,0.1875,0.1875,0.1875,0.1875,0.1875,0.1875,,,
3.90568208694458,0,0.1875,0.1875,0.1875,0.1875,0.1875,0.1875,,,
3.90768194198608,0,0.1875,0.1875,0.1875,0.1875,0.1875,0.1875,,,
3.90968489646912,0,0.1875,0.1875,0.1875,0.1875,0.1875,0.1875,,,
3.9116849899292,0,0.1875,0.1875,0.1875,0.1875,0.1875,0.1875,,,
3.91368794441223,0,0.1875,0.1875,0.1875,0.1875,0.1875,0.1875,,,
3.91569089889526,0,0.1875,0.1875,0.1875,0.1875,0.1875,0.1875,,,
3.91769099235535,0,0.1875,0.1875,0.1875,0.1875,0.1875,0.1875,,,
3.91969394683838,0,0.1875,0.1875,0.1875,0.1875,0.1875,0.1875,,,
3.92169499397278,0,0.1875,0.1875,0.1875,0.1875,0.1875,0.1875,,,
3.92369699478149,0,0.1875,0.1875,0.1875,0.1875,0.1875,0.1875,,,
3.92569994926453,0,0.1875,0.1875,0.1875,0.1875,0.1875,0.1875,,,
3.92770099639893,0,0.1875,0.1875,0.1875,0.1875,0.1875,0.1875,,,
3.92970299720764,0,0.1875,0.1875,0.1875,0.1875,0.1875,0.1875,,,
3.93170404434204,0,0.1875,0.1875,0.1875,0.1875,0.1875,0.1875,,,
3.93370699882507,0,0.1875,0.1875,0.1875,0.1875,0.1875,0.1875,,,
3.93570899963379,0,0.1875,0.1875,0.1875,0.1875,0.1875,0.1875,,,
3.93771004676819,0,0.1875,0.1875,0.1875,0.1875,0.1875,0.1875,,,
3.93971300125122,0,0.1875,0.1875,0.1875,0.1875,0.1875,0.1875,,,
3.9417130947113,0,0.1875,0.1875,0.1875,0.1875,0.1875,0.1875,,,
3.94371604919434,0,0.1875,0.1875,0.1875,0.1875,0.1875,0.1875,,,
3.94571590423584,0,0.1875,0.1875,0.1875,0.1875,0.1875,0.1875,,,
3.94771909713745,0,0.1875,0.1875,0.1875,0.1875,0.1875,0.1875,,,
3.94971895217896,0,0.1875,0.1875,0.1875,0.1875,0.1875,0.1875,,,
3.95172190666199,0,0.1875,0.1875,0.1875,0.1875,0.1875,0.1875,,,
3.9537250995636,0,0.1875,0.1875,0.1875,0.1875,0.1875,0.1875,,,
3.9557249546051,0,0.1875,0.1875,0.1875,0.1875,0.1875,0.1875,,,
3.95772790908813,0,0.1875,0.1875,0.1875,0.1875,0.1875,0.1875,,,
3.95972800254822,0,0.1875,0.1875,0.1875,0.1875,0.1875,0.1875,,,
3.96173095703125,0,0.1875,0.1875,0.1875,0.1875,0.1875,0.1875,,,
3.96373200416565,0,0.1875,0.1875,0.1875,0.1875,0.1875,0.1875,,,
3.96573495864868,0,0.1875,0.1875,0.1875,0.1875,0.1875,0.1875,,,
3.9677369594574,0,0.1875,0.1875,0.1875,0.1875,0.1875,0.1875,,,
3.9697380065918,0,0.1875,0.1875,0.1875,0.1875,0.1875,0.1875,,,
3.97174000740051,0,0.1875,0.1875,0.1875,0.1875,0.1875,0.1875,,,
3.97374105453491,0,0.1875,0.1875,0.1875,0.1875,0.1875,0.1875,,,
3.97574400901794,0,0.1875,0.1875,0.1875,0.1875,0.1875,0.1875,,,
3.97774410247803,0,0.1875,0.1875,0.1875,0.1875,0.1875,0.1875,,,
3.97974705696106,0,0.1875,0.1875,0.1875,0.1875,0.1875,0.1875,,,
3.98174691200256,0,0.1875,0.1875,0.1875,0.1875,0.1875,0.1875,,,
3.9837498664856,0,0.1875,0.1875,0.1875,0.1875,0.1875,0.1875,,,
3.98575305938721,0,0.1875,0.1875,0.1875,0.1875,0.1875,0.1875,,,
3.98775291442871,0,0.1875,0.1875,0.1875,0.1875,0.1875,0.1875,,,
3.98975586891174,0,0.1875,0.1875,0.1875,0.1875,0.1875,0.1875,,,
3.99175786972046,0,0.1875,0.1875,0.1875,0.1875,0.1875,0.1875,,,
3.99375891685486,0,0.1875,0.1875,0.1875,0.1875,0.1875,0.1875,,,
3.99576187133789,0,0.1875,0.1875,0.1875,0.1875,0.1875,0.1875,,,
3.99776196479797,0,0.1875,0.1875,0.1875,0.1875,0.1875,0.1875,,,
3.99976491928101,0,0.1875,0.1875,0.1875,0.1875,0.1875,0.1875,,,
4.00176501274109,0,0.1875,0.1875,0.1875,0.1875,0.1875,0.1875,,,
4.00376796722412,0,0.1875,0.1875,0.1875,0.1875,0.1875,0.1875,,,
4.00577092170715,0,0.1875,0.1875,0.1875,0.1875,0.1875,0.1875,,,
4.00777101516724,0,0.1875,0.1875,0.1875,0.1875,0.1875,0.1875,,,
4.00977396965027,0,0.1875,0.1875,0.1875,0.1875,0.1875,0.1875,,,
4.01177406311035,0,0.1875,0.1875,0.1875,0.1875,0.1875,0.1875,,,
4.01377701759338,0,0.1875,0.1875,0.1875,0.1875,0.1875,0.1875,,,
4.01577687263489,0,0.1875,0.1875,0.1875,0.1875,0.1875,0.1875,,,
4.0177800655365,0,0.1875,0.1875,0.1875,0.1875,0.1875,0.1875,,,
4.01978087425232,0,0.1875,0.1875,0.1875,0.1875,0.1875,0.1875,,,
4.02178287506104,0,0.1875,0.1875,0.1875,0.1875,0.1875,0.1875,,,
4.02378606796265,0,0.1875,0.1875,0.1875,0.1875,0.1875,0.1875,,,
4.02578687667847,0,0.1875,0.1875,0.1875,0.1875,0.1875,0.1875,,,
4.02778887748718,0,0.1875,0.1875,0.1875,0.1875,0.1875,0.1875,,,
4.02978992462158,0,0.1875,0.1875,0.1875,0.1875,0.1875,0.1875,,,
4.03179287910461,0,0.1875,0.1875,0.1875,0.1875,0.1875,0.1875,,,
4.0337929725647,0,0.1875,0.1875,0.1875,0.1875,0.1875,0.1875,,,
4.03579592704773,0,0.1875,0.1875,0.1875,0.1875,0.1875,0.1875,,,
4.03779792785645,0,0.1875,0.1875,0.1875,0.1875,0.1875,0.1875,,,
4.03979897499084,0,0.1875,0.1875,0.1875,0.1875,0.1875,0.1875,,,
4.04180192947388,0,0.1875,0.1875,0.1875,0.1875,0.1875,0.1875,,,
4.04380202293396,0,0.1875,0.1875,0.1875,0.1875,0.1875,0.1875,,,
4.04580497741699,0,0.1875,0.1875,0.1875,0.1875,0.1875,0.1875,,,
4.04780507087708,0,0.1875,0.1875,0.1875,0.1875,0.1875,0.1875,,,
4.04969787597656,0,0.1875,0.1875,0.1875,0.1875,0.1875,0.1875,,,
4.05169987678528,0,0.1875,0.1875,0.1875,0.1875,0.1875,0.1875,,,
4.05370092391968,0,0.1875,0.1875,0.1875,0.1875,0.1875,0.1875,,,
4.05570292472839,0,0.1875,0.1875,0.1875,0.1875,0.1875,0.1875,,,
4.05770397186279,0,0.1875,0.1875,0.1875,0.1875,0.1875,0.1875,,,
4.05970692634583,0,0.1875,0.1875,0.1875,0.1875,0.1875,0.1875,,,
4.06170701980591,0,0.1875,0.1875,0.1875,0.1875,0.1875,0.1875,,,
4.06370997428894,0,0.1875,0.1875,0.1875,0.1875,0.1875,0.1875,,,
4.06571006774902,0,0.1875,0.1875,0.1875,0.1875,0.1875,0.1875,,,
4.06771302223206,0,0.1875,0.1875,0.1875,0.1875,0.1875,0.1875,,,
4.06971597671509,0,0.1875,0.1875,0.1875,0.1875,0.1875,0.1875,,,
4.07171607017517,0,0.1875,0.1875,0.1875,0.1875,0.1875,0.1875,,,
4.0737190246582,0,0.1875,0.1875,0.1875,0.1875,0.1875,0.1875,,,
4.07571887969971,0,0.1875,0.1875,0.1875,0.1875,0.1875,0.1875,,,
4.07772207260132,0,0.1875,0.1875,0.1875,0.1875,0.1875,0.1875,,,
4.07972502708435,0,0.1875,0.1875,0.1875,0.1875,0.1875,0.1875,,,
4.08172488212585,0,0.1875,0.1875,0.1875,0.1875,0.1875,0.1875,,,
4.08372807502747,0,0.1875,0.1875,0.1875,0.1875,0.1875,0.1875,,,
4.08572793006897,0,0.1875,0.1875,0.1875,0.1875,0.1875,0.1875,,,
4.087730884552,0,0.1875,0.1875,0.1875,0.1875,0.1875,0.1875,,,
4.08973097801209,0,0.1875,0.1875,0.1875,0.1875,0.1875,0.1875,,,
4.09173393249512,0,0.1875,0.1875,0.1875,0.1875,0.1875,0.1875,,,
4.09373688697815,0,0.1875,0.1875,0.1875,0.1875,0.1875,0.1875,,,
4.09573793411255,0,0.1875,0.1875,0.1875,0.1875,0.1875,0.1875,,,
4.09773993492126,0,0.1875,0.1875,0.1875,0.1875,0.1875,0.1875,,,
4.09974098205566,0,0.1875,0.1875,0.1875,0.1875,0.1875,0.1875,,,
4.1017439365387,0,0.1875,0.1875,0.1875,0.1875,0.1875,0.1875,,,
4.10374402999878,0,0.1875,0.1875,0.1875,0.1875,0.1875,0.1875,,,
4.10574698448181,0,0.1875,0.1875,0.1875,0.1875,0.1875,0.1875,,,
4.10774993896484,0,0.1875,0.1875,0.1875,0.1875,0.1875,0.1875,,,
4.10975003242493,0,0.1875,0.1875,0.1875,0.1875,0.1875,0.1875,,,
4.11175298690796,0,0.1875,0.1875,0.1875,0.1875,0.1875,0.1875,,,
4.11375308036804,0,0.1875,0.1875,0.1875,0.1875,0.1875,0.1875,,,
4.11575603485107,0,0.1875,0.1875,0.1875,0.1875,0.1875,0.1875,,,
4.11775588989258,0,0.1875,0.1875,0.1875,0.1875,0.1875,0.1875,,,
4.11975908279419,0,0.1875,0.1875,0.1875,0.1875,0.1875,0.1875,,,
4.12176203727722,0,0.1875,0.1875,0.1875,0.1875,0.1875,0.1875,,,
4.12376308441162,0,0.1875,0.1875,0.1875,0.1875,0.1875,0.1875,,,
4.12576508522034,0,0.1875,0.1875,0.1875,0.1875,0.1875,0.1875,,,
4.12776589393616,0,0.1875,0.1875,0.1875,0.1875,0.1875,0.1875,,,
4.12976789474487,0,0.1875,0.1875,0.1875,0.1875,0.1875,0.1875,,,
4.13176894187927,0,0.1875,0.1875,0.1875,0.1875,0.1875,0.1875,,,
4.1337718963623,0,0.1875,0.1875,0.1875,0.1875,0.1875,0.1875,,,
4.13577389717102,0,0.1875,0.1875,0.1875,0.1875,0.1875,0.1875,,,
4.13777494430542,0,0.1875,0.1875,0.1875,0.1875,0.1875,0.1875,,,
4.13977694511414,0,0.1875,0.1875,0.1875,0.1875,0.1875,0.1875,,,
4.14177989959717,0,0.1875,0.1875,0.1875,0.1875,0.1875,0.1875,,,
4.14377999305725,0,0.1875,0.1875,0.1875,0.1875,0.1875,0.1875,,,
4.14578294754028,0,0.1875,0.1875,0.1875,0.1875,0.1875,0.1875,,,
4.14778304100037,0,0.1875,0.1875,0.1875,0.1875,0.1875,0.1875,,,
4.1497859954834,0,0.1875,0.1875,0.1875,0.1875,0.1875,0.1875,,,
4.15178894996643,0,0.1875,0.1875,0.1875,0.1875,0.1875,0.1875,,,
4.15378904342651,0,0.1875,0.1875,0.1875,0.1875,0.1875,0.1875,,,
4.15579199790955,0,0.1875,0.1875,0.1875,0.1875,0.1875,0.1875,,,
4.15779495239258,0,0.1875,0.1875,0.1875,0.1875,0.1875,0.1875,,,
4.15979504585266,0,0.1875,0.1875,0.1875,0.1875,0.1875,0.1875,,,
4.16179800033569,0,0.1875,0.1875,0.1875,0.1875,0.1875,0.1875,,,
4.16379904747009,0,0.1875,0.1875,0.1875,0.1875,0.1875,0.1875,,,
4.16580104827881,0,0.1875,0.1875,0.1875,0.1875,0.1875,0.1875,,,
4.16780209541321,0,0.1875,0.1875,0.1875,0.1875,0.1875,0.1875,,,
4.16980409622192,0,0.1875,0.1875,0.1875,0.1875,0.1875,0.1875,,,
4.17180705070496,0,0.1875,0.1875,0.1875,0.1875,0.1875,0.1875,,,
4.17380690574646,0,0.1875,0.1875,0.1875,0.1875,0.1875,0.1875,,,
4.17581009864807,0,0.1875,0.1875,0.1875,0.1875,0.1875,0.1875,,,
4.17781090736389,0,0.1875,0.1875,0.1875,0.1875,0.1875,0.1875,,,
4.17981290817261,0,0.1875,0.1875,0.1875,0.1875,0.1875,0.1875,,,
4.18181610107422,0,0.1875,0.1875,0.1875,0.1875,0.1875,0.1875,,,
4.18381690979004,0,0.1875,0.1875,0.1875,0.1875,0.1875,0.1875,,,
4.18581891059875,0,0.1875,0.1875,0.1875,0.1875,0.1875,0.1875,,,
4.18781995773315,0,0.1875,0.1875,0.1875,0.1875,0.1875,0.1875,,,
4.18982291221619,0,0.1875,0.1875,0.1875,0.1875,0.1875,0.1875,,,
4.1918249130249,0,0.1875,0.1875,0.1875,0.1875,0.1875,0.1875,,,
4.1938259601593,0,0.1875,0.1875,0.1875,0.1875,0.1875,0.1875,,,
4.19582891464233,0,0.1875,0.1875,0.1875,0.1875,0.1875,0.1875,,,
4.19782900810242,0,0.1875,0.1875,0.1875,0.1875,0.1875,0.1875,,,
4.19983196258545,0,0.1875,0.1875,0.1875,0.1875,0.1875,0.1875,,,
4.20183396339417,0,0.1875,0.1875,0.1875,0.1875,0.1875,0.1875,,,
4.20383501052856,0,0.1875,0.1875,0.1875,0.1875,0.1875,0.1875,,,
4.2058379650116,0,0.1875,0.1875,0.1875,0.1875,0.1875,0.1875,,,
4.20783996582031,0,0.1875,0.1875,0.1875,0.1875,0.1875,0.1875,,,
4.20984101295471,0,0.1875,0.1875,0.1875,0.1875,0.1875,0.1875,,,
4.21184301376343,0,0.1875,0.1875,0.1875,0.1875,0.1875,0.1875,,,
4.21384406089783,0,0.1875,0.1875,0.1875,0.1875,0.1875,0.1875,,,
4.21584701538086,0,0.1875,0.1875,0.1875,0.1875,0.1875,0.1875,,,
4.21784901618958,0,0.1875,0.1875,0.1875,0.1875,0.1875,0.1875,,,
4.21985006332397,0,0.1875,0.1875,0.1875,0.1875,0.1875,0.1875,,,
4.22185301780701,0,0.1875,0.1875,0.1875,0.1875,0.1875,0.1875,,,
4.22385287284851,0,0.1875,0.1875,0.1875,0.1875,0.1875,0.1875,,,
4.22585606575012,0,0.1875,0.1875,0.1875,0.1875,0.1875,0.1875,,,
4.22785902023315,0,0.1875,0.1875,0.1875,0.1875,0.1875,0.1875,,,
4.22985887527466,0,0.1875,0.1875,0.1875,0.1875,0.1875,0.1875,,,
4.23186206817627,0,0.1875,0.1875,0.1875,0.1875,0.1875,0.1875,,,
4.2338650226593,0,0.1875,0.1875,0.1875,0.1875,0.1875,0.1875,,,
4.23586487770081,0,0.1875,0.1875,0.1875,0.1875,0.1875,0.1875,,,
4.23786807060242,0,0.1875,0.1875,0.1875,0.1875,0.1875,0.1875,,,
4.23986792564392,0,0.1875,0.1875,0.1875,0.1875,0.1875,0.1875,,,
4.24187088012695,0,0.1875,0.1875,0.1875,0.1875,0.1875,0.1875,,,
4.24387407302856,0,0.1875,0.1875,0.1875,0.1875,0.1875,0.1875,,,
4.24587392807007,0,0.1875,0.1875,0.1875,0.1875,0.1875,0.1875,,,
4.2478768825531,0,0.1875,0.1875,0.1875,0.1875,0.1875,0.1875,,,
4.24987697601318,0,0.1875,0.1875,0.1875,0.1875,0.1875,0.1875,,,
4.25187993049622,0,0.1875,0.1875,0.1875,0.1875,0.1875,0.1875,,,
4.25388288497925,0,0.1875,0.1875,0.1875,0.1875,0.1875,0.1875,,,
4.25588297843933,0,0.1875,0.1875,0.1875,0.1875,0.1875,0.1875,,,
4.25788593292236,0,0.1875,0.1875,0.1875,0.1875,0.1875,0.1875,,,
4.25988602638245,0,0.1875,0.1875,0.1875,0.1875,0.1875,0.1875,,,
4.26188898086548,0,0.1875,0.1875,0.1875,0.1875,0.1875,0.1875,,,
4.26389193534851,0,0.1875,0.1875,0.1875,0.1875,0.1875,0.1875,,,
4.26589202880859,0,0.1875,0.1875,0.1875,0.1875,0.1875,0.1875,,,
4.26789498329163,0,0.1875,0.1875,0.1875,0.1875,0.1875,0.1875,,,
4.26989507675171,0,0.1875,0.1875,0.1875,0.1875,0.1875,0.1875,,,
4.27189803123474,0,0.1875,0.1875,0.1875,0.1875,0.1875,0.1875,,,
4.27390098571777,0,0.1875,0.1875,0.1875,0.1875,0.1875,0.1875,,,
4.27590107917786,0,0.1875,0.1875,0.1875,0.1875,0.1875,0.1875,,,
4.27790403366089,0,0.1875,0.1875,0.1875,0.1875,0.1875,0.1875,,,
4.27990388870239,0,0.1875,0.1875,0.1875,0.1875,0.1875,0.1875,,,
4.281907081604,0,0.1875,0.1875,0.1875,0.1875,0.1875,0.1875,,,
4.28391003608704,0,0.1875,0.1875,0.1875,0.1875,0.1875,0.1875,,,
4.28590989112854,0,0.1875,0.1875,0.1875,0.1875,0.1875,0.1875,,,
4.28791308403015,0,0.1875,0.1875,0.1875,0.1875,0.1875,0.1875,,,
4.28991293907166,0,0.1875,0.1875,0.1875,0.1875,0.1875,0.1875,,,
4.29191589355469,0,0.1875,0.1875,0.1875,0.1875,0.1875,0.1875,,,
4.2939190864563,0,0.1875,0.1875,0.1875,0.1875,0.1875,0.1875,,,
4.2959189414978,0,0.1875,0.1875,0.1875,0.1875,0.1875,0.1875,,,
4.29792189598084,0,0.1875,0.1875,0.1875,0.1875,0.1875,0.1875,,,
4.29992198944092,0,0.1875,0.1875,0.1875,0.1875,0.1875,0.1875,,,
4.30192494392395,0,0.1875,0.1875,0.1875,0.1875,0.1875,0.1875,,,
4.30392789840698,0,0.1875,0.1875,0.1875,0.1875,0.1875,0.1875,,,
4.30592799186707,0,0.1875,0.1875,0.1875,0.1875,0.1875,0.1875,,,
4.3079309463501,0,0.1875,0.1875,0.1875,0.1875,0.1875,0.1875,,,
4.30993103981018,0,0.1875,0.1875,0.1875,0.1875,0.1875,0.1875,,,
4.31193399429321,0,0.1875,0.1875,0.1875,0.1875,0.1875,0.1875,,,
4.31393504142761,0,0.1875,0.1875,0.1875,0.1875,0.1875,0.1875,,,
4.31593704223633,0,0.1875,0.1875,0.1875,0.1875,0.1875,0.1875,,,
4.31793999671936,0,0.1875,0.1875,0.1875,0.1875,0.1875,0.1875,,,
4.31994009017944,0,0.1875,0.1875,0.1875,0.1875,0.1875,0.1875,,,
4.32194304466248,0,0.1875,0.1875,0.1875,0.1875,0.1875,0.1875,,,
4.32394599914551,0,0.1875,0.1875,0.1875,0.1875,0.1875,0.1875,,,
4.32594609260559,0,0.1875,0.1875,0.1875,0.1875,0.1875,0.1875,,,
4.32794904708862,0,0.1875,0.1875,0.1875,0.1875,0.1875,0.1875,,,
4.32994890213013,0,0.1875,0.1875,0.1875,0.1875,0.1875,0.1875,,,
4.33195209503174,0,0.1875,0.1875,0.1875,0.1875,0.1875,0.1875,,,
4.33395504951477,0,0.1875,0.1875,0.1875,0.1875,0.1875,0.1875,,,
4.33595490455627,0,0.1875,0.1875,0.1875,0.1875,0.1875,0.1875,,,
4.33795809745789,0,0.1875,0.1875,0.1875,0.1875,0.1875,0.1875,,,
4.33996105194092,0,0.1875,0.1875,0.1875,0.1875,0.1875,0.1875,,,
4.34196090698242,0,0.1875,0.1875,0.1875,0.1875,0.1875,0.1875,,,
4.34396409988403,0,0.1875,0.1875,0.1875,0.1875,0.1875,0.1875,,,
4.34596395492554,0,0.1875,0.1875,0.1875,0.1875,0.1875,0.1875,,,
4.34796690940857,0,0.1875,0.1875,0.1875,0.1875,0.1875,0.1875,,,
4.34997010231018,0,0.1875,0.1875,0.1875,0.1875,0.1875,0.1875,,,
4.35196995735168,0,0.1875,0.1875,0.1875,0.1875,0.1875,0.1875,,,
4.35397291183472,0,0.1875,0.1875,0.1875,0.1875,0.1875,0.1875,,,
4.3559730052948,0,0.1875,0.1875,0.1875,0.1875,0.1875,0.1875,,,
4.35797595977783,0,0.1875,0.1875,0.1875,0.1875,0.1875,0.1875,,,
4.35997891426086,0,0.1875,0.1875,0.1875,0.1875,0.1875,0.1875,,,
4.36197900772095,0,0.1875,0.1875,0.1875,0.1875,0.1875,0.1875,,,
4.36398196220398,0,0.1875,0.1875,0.1875,0.1875,0.1875,0.1875,,,
4.36598205566406,0,0.1875,0.1875,0.1875,0.1875,0.1875,0.1875,,,
4.36798501014709,0,0.1875,0.1875,0.1875,0.1875,0.1875,0.1875,,,
4.36998796463013,0,0.1875,0.1875,0.1875,0.1875,0.1875,0.1875,,,
4.37198805809021,0,0.1875,0.1875,0.1875,0.1875,0.1875,0.1875,,,
4.37399101257324,0,0.1875,0.1875,0.1875,0.1875,0.1875,0.1875,,,
4.37599396705627,0,0.1875,0.1875,0.1875,0.1875,0.1875,0.1875,,,
4.37799406051636,0,0.1875,0.1875,0.1875,0.1875,0.1875,0.1875,,,
4.37999701499939,0,0.1875,0.1875,0.1875,0.1875,0.1875,0.1875,,,
4.38199806213379,0,0.1875,0.1875,0.1875,0.1875,0.1875,0.1875,,,
4.3840000629425,0,0.1875,0.1875,0.1875,0.1875,0.1875,0.1875,,,
4.38600087165833,0,0.1875,0.1875,0.1875,0.1875,0.1875,0.1875,,,
4.38800406455994,0,0.1875,0.1875,0.1875,0.1875,0.1875,0.1875,,,
4.39000606536865,0,0.1875,0.1875,0.1875,0.1875,0.1875,0.1875,,,
4.39200687408447,0,0.1875,0.1875,0.1875,0.1875,0.1875,0.1875,,,
4.39400887489319,0,0.1875,0.1875,0.1875,0.1875,0.1875,0.1875,,,
4.3960120677948,0,0.1875,0.1875,0.1875,0.1875,0.1875,0.1875,,,
4.39801287651062,0,0.1875,0.1875,0.1875,0.1875,0.1875,0.1875,,,
4.40001487731934,0,0.1875,0.1875,0.1875,0.1875,0.1875,0.1875,,,
4.40201592445374,0,0.1875,0.1875,0.1875,0.1875,0.1875,0.1875,,,
4.40401792526245,0,0.1875,0.1875,0.1875,0.1875,0.1875,0.1875,,,
4.40602087974548,0,0.1875,0.1875,0.1875,0.1875,0.1875,0.1875,,,
4.40802192687988,0,0.1875,0.1875,0.1875,0.1875,0.1875,0.1875,,,
4.4100239276886,0,0.1875,0.1875,0.1875,0.1875,0.1875,0.1875,,,
4.412024974823,0,0.1875,0.1875,0.1875,0.1875,0.1875,0.1875,,,
4.41402792930603,0,0.1875,0.1875,0.1875,0.1875,0.1875,0.1875,,,
4.41602993011475,0,0.1875,0.1875,0.1875,0.1875,0.1875,0.1875,,,
4.41803097724915,0,0.1875,0.1875,0.1875,0.1875,0.1875,0.1875,,,
4.42003297805786,0,0.1875,0.1875,0.1875,0.1875,0.1875,0.1875,,,
4.42203402519226,0,0.1875,0.1875,0.1875,0.1875,0.1875,0.1875,,,
4.42403697967529,0,0.1875,0.1875,0.1875,0.1875,0.1875,0.1875,,,
4.42603898048401,0,0.1875,0.1875,0.1875,0.1875,0.1875,0.1875,,,
4.42804002761841,0,0.1875,0.1875,0.1875,0.1875,0.1875,0.1875,,,
4.43004298210144,0,0.1875,0.1875,0.1875,0.1875,0.1875,0.1875,,,
4.43204307556152,0,0.1875,0.1875,0.1875,0.1875,0.1875,0.1875,,,
4.43404603004456,0,0.1875,0.1875,0.1875,0.1875,0.1875,0.1875,,,
4.43604803085327,0,0.1875,0.1875,0.1875,0.1875,0.1875,0.1875,,,
4.43804907798767,0,0.1875,0.1875,0.1875,0.1875,0.1875,0.1875,,,
4.4400520324707,0,0.1875,0.1875,0.1875,0.1875,0.1875,0.1875,,,
4.44205188751221,0,0.1875,0.1875,0.1875,0.1875,0.1875,0.1875,,,
4.44405508041382,0,0.1875,0.1875,0.1875,0.1875,0.1875,0.1875,,,
4.44605708122253,0,0.1875,0.1875,0.1875,0.1875,0.1875,0.1875,,,
4.44805788993835,0,0.1875,0.1875,0.1875,0.1875,0.1875,0.1875,,,
4.45006108283997,0,0.1875,0.1875,0.1875,0.1875,0.1875,0.1875,,,
4.45206093788147,0,0.1875,0.1875,0.1875,0.1875,0.1875,0.1875,,,
4.4540638923645,0,0.1875,0.1875,0.1875,0.1875,0.1875,0.1875,,,
4.45606398582459,0,0.1875,0.1875,0.1875,0.1875,0.1875,0.1875,,,
4.45806694030762,0,0.1875,0.1875,0.1875,0.1875,0.1875,0.1875,,,
4.46006989479065,0,0.1875,0.1875,0.1875,0.1875,0.1875,0.1875,,,
4.46207094192505,0,0.1875,0.1875,0.1875,0.1875,0.1875,0.1875,,,
4.46407389640808,0,0.1875,0.1875,0.1875,0.1875,0.1875,0.1875,,,
4.46607398986816,0,0.1875,0.1875,0.1875,0.1875,0.1875,0.1875,,,
4.4680769443512,0,0.1875,0.1875,0.1875,0.1875,0.1875,0.1875,,,
4.4700779914856,0,0.1875,0.1875,0.1875,0.1875,0.1875,0.1875,,,
4.47208094596863,0,0.1875,0.1875,0.1875,0.1875,0.1875,0.1875,,,
4.47408103942871,0,0.1875,0.1875,0.1875,0.1875,0.1875,0.1875,,,
4.47608399391174,0,0.1875,0.1875,0.1875,0.1875,0.1875,0.1875,,,
4.47808694839478,0,0.1875,0.1875,0.1875,0.1875,0.1875,0.1875,,,
4.48008704185486,0,0.1875,0.1875,0.1875,0.1875,0.1875,0.1875,,,
4.48208999633789,0,0.1875,0.1875,0.1875,0.1875,0.1875,0.1875,,,
4.48409008979797,0,0.1875,0.1875,0.1875,0.1875,0.1875,0.1875,,,
4.48609304428101,0,0.1875,0.1875,0.1875,0.1875,0.1875,0.1875,,,
4.48809409141541,0,0.1875,0.1875,0.1875,0.1875,0.1875,0.1875,,,
4.49009704589844,0,0.1875,0.1875,0.1875,0.1875,0.1875,0.1875,,,
4.49209690093994,0,0.1875,0.1875,0.1875,0.1875,0.1875,0.1875,,,
4.49410009384155,0,0.1875,0.1875,0.1875,0.1875,0.1875,0.1875,,,
4.49610304832459,0,0.1875,0.1875,0.1875,0.1875,0.1875,0.1875,,,
4.49810290336609,0,0.1875,0.1875,0.1875,0.1875,0.1875,0.1875,,,
4.5001060962677,0,0.1875,0.1875,0.1875,0.1875,0.1875,0.1875,,,
4.5021059513092,0,0.1875,0.1875,0.1875,0.1875,0.1875,0.1875,,,
4.50410890579224,0,0.1875,0.1875,0.1875,0.1875,0.1875,0.1875,,,
4.50611090660095,0,0.1875,0.1875,0.1875,0.1875,0.1875,0.1875,,,
4.50811409950256,0,0.1875,0.1875,0.1875,0.1875,0.1875,0.1875,,,
4.51011395454407,0,0.1875,0.1875,0.1875,0.1875,0.1875,0.1875,,,
4.5121169090271,0,0.1875,0.1875,0.1875,0.1875,0.1875,0.1875,,,
4.51411890983582,0,0.1875,0.1875,0.1875,0.1875,0.1875,0.1875,,,
4.5161190032959,0,0.1875,0.1875,0.1875,0.1875,0.1875,0.1875,,,
4.51812195777893,0,0.1875,0.1875,0.1875,0.1875,0.1875,0.1875,,,
4.52012300491333,0,0.1875,0.1875,0.1875,0.1875,0.1875,0.1875,,,
4.52212500572205,0,0.1875,0.1875,0.1875,0.1875,0.1875,0.1875,,,
4.52412796020508,0,0.1875,0.1875,0.1875,0.1875,0.1875,0.1875,,,
4.52612805366516,0,0.1875,0.1875,0.1875,0.1875,0.1875,0.1875,,,
4.52813100814819,0,0.1875,0.1875,0.1875,0.1875,0.1875,0.1875,,,
4.53013300895691,0,0.1875,0.1875,0.1875,0.1875,0.1875,0.1875,,,
4.53213405609131,0,0.1875,0.1875,0.1875,0.1875,0.1875,0.1875,,,
4.53413605690002,0,0.1875,0.1875,0.1875,0.1875,0.1875,0.1875,,,
4.53613901138306,0,0.1875,0.1875,0.1875,0.1875,0.1875,0.1875,,,
4.53813886642456,0,0.1875,0.1875,0.1875,0.1875,0.1875,0.1875,,,
4.54014086723328,0,0.1875,0.1875,0.1875,0.1875,0.1875,0.1875,,,
4.54214406013489,0,0.1875,0.1875,0.1875,0.1875,0.1875,0.1875,,,
4.54414701461792,0,0.1875,0.1875,0.1875,0.1875,0.1875,0.1875,,,
4.54614686965942,0,0.1875,0.1875,0.1875,0.1875,0.1875,0.1875,,,
4.54815006256104,0,0.1875,0.1875,0.1875,0.1875,0.1875,0.1875,,,
4.55015087127686,0,0.1875,0.1875,0.1875,0.1875,0.1875,0.1875,,,
4.55215287208557,0,0.1875,0.1875,0.1875,0.1875,0.1875,0.1875,,,
4.55415606498718,0,0.1875,0.1875,0.1875,0.1875,0.1875,0.1875,,,
4.55615592002869,0,0.1875,0.1875,0.1875,0.1875,0.1875,0.1875,,,
4.5581579208374,0,0.1875,0.1875,0.1875,0.1875,0.1875,0.1875,,,
4.56015801429749,0,0.1875,0.1875,0.1875,0.1875,0.1875,0.1875,,,
4.56216096878052,0,0.1875,0.1875,0.1875,0.1875,0.1875,0.1875,,,
4.56412196159363,0,0.1875,0.1875,0.1875,0.1875,0.1875,0.1875,,,
4.56612300872803,0,0.1875,0.1875,0.1875,0.1875,0.1875,0.1875,,,
4.56812596321106,0,0.1875,0.1875,0.1875,0.1875,0.1875,0.1875,,,
4.57012891769409,0,0.1875,0.1875,0.1875,0.1875,0.1875,0.1875,,,
4.57212901115417,0,0.1875,0.1875,0.1875,0.1875,0.1875,0.1875,,,
4.57413101196289,0,0.1875,0.1875,0.1875,0.1875,0.1875,0.1875,,,
4.57613205909729,0,0.1875,0.1875,0.1875,0.1875,0.1875,0.1875,,,
4.57813405990601,0,0.1875,0.1875,0.1875,0.1875,0.1875,0.1875,,,
4.58013701438904,0,0.1875,0.1875,0.1875,0.1875,0.1875,0.1875,,,
4.58213686943054,0,0.1875,0.1875,0.1875,0.1875,0.1875,0.1875,,,
4.58413887023926,0,0.1875,0.1875,0.1875,0.1875,0.1875,0.1875,,,
4.58614206314087,0,0.1875,0.1875,0.1875,0.1875,0.1875,0.1875,,,
4.58814191818237,0,0.1875,0.1875,0.1875,0.1875,0.1875,0.1875,,,
4.59014487266541,0,0.1875,0.1875,0.1875,0.1875,0.1875,0.1875,,,
4.5921459197998,0,0.1875,0.1875,0.1875,0.1875,0.1875,0.1875,,,
4.59415292739868,0,0.1875,0.1875,0.1875,0.1875,0.1875,0.1875,,,
4.59615397453308,0,0.1875,0.1875,0.1875,0.1875,0.1875,0.1875,,,
4.5981559753418,0,0.1875,0.1875,0.1875,0.1875,0.1875,0.1875,,,
4.6001570224762,0,0.1875,0.1875,0.1875,0.1875,0.1875,0.1875,,,
4.6021568775177,0,0.1875,0.1875,0.1875,0.1875,0.1875,0.1875,,,
4.60415697097778,0,0.1875,0.1875,0.1875,0.1875,0.1875,0.1875,,,
4.60615801811218,0,0.1875,0.1875,0.1875,0.1875,0.1875,0.1875,,,
4.6081600189209,0,0.1875,0.1875,0.1875,0.1875,0.1875,0.1875,,,
4.6101610660553,0,0.1875,0.1875,0.1875,0.1875,0.1875,0.1875,,,
4.61216306686401,0,0.1875,0.1875,0.1875,0.1875,0.1875,0.1875,,,
4.61416602134705,0,0.1875,0.1875,0.1875,0.1875,0.1875,0.1875,,,
4.61616587638855,0,0.1875,0.1875,0.1875,0.1875,0.1875,0.1875,,,
4.61816906929016,0,0.1875,0.1875,0.1875,0.1875,0.1875,0.1875,,,
4.62016987800598,0,0.1875,0.1875,0.1875,0.1875,0.1875,0.1875,,,
4.6221718788147,0,0.1875,0.1875,0.1875,0.1875,0.1875,0.1875,,,
4.6241729259491,0,0.1875,0.1875,0.1875,0.1875,0.1875,0.1875,,,
4.62617492675781,0,0.1875,0.1875,0.1875,0.1875,0.1875,0.1875,,,
4.62817597389221,0,0.1875,0.1875,0.1875,0.1875,0.1875,0.1875,,,
4.63017892837524,0,0.1875,0.1875,0.1875,0.1875,0.1875,0.1875,,,
4.63218092918396,0,0.1875,0.1875,0.1875,0.1875,0.1875,0.1875,,,
4.63418197631836,0,0.1875,0.1875,0.1875,0.1875,0.1875,0.1875,,,
4.63618493080139,0,0.1875,0.1875,0.1875,0.1875,0.1875,0.1875,,,
4.63818502426147,0,0.1875,0.1875,0.1875,0.1875,0.1875,0.1875,,,
4.64018797874451,0,0.1875,0.1875,0.1875,0.1875,0.1875,0.1875,,,
4.64218807220459,0,0.1875,0.1875,0.1875,0.1875,0.1875,0.1875,,,
4.64419102668762,0,0.1875,0.1875,0.1875,0.1875,0.1875,0.1875,,,
4.64619088172913,0,0.1875,0.1875,0.1875,0.1875,0.1875,0.1875,,,
4.64819407463074,0,0.1875,0.1875,0.1875,0.1875,0.1875,0.1875,,,
4.65019392967224,0,0.1875,0.1875,0.1875,0.1875,0.1875,0.1875,,,
4.65219688415527,0,0.1875,0.1875,0.1875,0.1875,0.1875,0.1875,,,
4.65420007705688,0,0.1875,0.1875,0.1875,0.1875,0.1875,0.1875,,,
4.65619993209839,0,0.1875,0.1875,0.1875,0.1875,0.1875,0.1875,,,
4.65820288658142,0,0.1875,0.1875,0.1875,0.1875,0.1875,0.1875,,,
4.6602029800415,0,0.1875,0.1875,0.1875,0.1875,0.1875,0.1875,,,
4.66220593452454,0,0.1875,0.1875,0.1875,0.1875,0.1875,0.1875,,,
4.66420888900757,0,0.1875,0.1875,0.1875,0.1875,0.1875,0.1875,,,
4.66620898246765,0,0.1875,0.1875,0.1875,0.1875,0.1875,0.1875,,,
4.66821193695068,0,0.1875,0.1875,0.1875,0.1875,0.1875,0.1875,,,
4.67021203041077,0,0.1875,0.1875,0.1875,0.1875,0.1875,0.1875,,,
4.6722149848938,0,0.1875,0.1875,0.1875,0.1875,0.1875,0.1875,,,
4.67421793937683,0,0.1875,0.1875,0.1875,0.1875,0.1875,0.1875,,,
4.67621803283691,0,0.1875,0.1875,0.1875,0.1875,0.1875,0.1875,,,
4.67822098731995,0,0.1875,0.1875,0.1875,0.1875,0.1875,0.1875,,,
4.68022108078003,0,0.1875,0.1875,0.1875,0.1875,0.1875,0.1875,,,
4.68222403526306,0,0.1875,0.1875,0.1875,0.1875,0.1875,0.1875,,,
4.68422508239746,0,0.1875,0.1875,0.1875,0.1875,0.1875,0.1875,,,
4.68622708320618,0,0.1875,0.1875,0.1875,0.1875,0.1875,0.1875,,,
4.68823003768921,0,0.1875,0.1875,0.1875,0.1875,0.1875,0.1875,,,
4.69023108482361,0,0.1875,0.1875,0.1875,0.1875,0.1875,0.1875,,,
4.69223403930664,0,0.1875,0.1875,0.1875,0.1875,0.1875,0.1875,,,
4.69423389434814,0,0.1875,0.1875,0.1875,0.1875,0.1875,0.1875,,,
4.69623708724976,0,0.1875,0.1875,0.1875,0.1875,0.1875,0.1875,,,
4.69823694229126,0,0.1875,0.1875,0.1875,0.1875,0.1875,0.1875,,,
4.70023989677429,0,0.1875,0.1875,0.1875,0.1875,0.1875,0.1875,,,
4.70223999023438,0,0.1875,0.1875,0.1875,0.1875,0.1875,0.1875,,,
4.70424294471741,0,0.1875,0.1875,0.1875,0.1875,0.1875,0.1875,,,
4.70624589920044,0,0.1875,0.1875,0.1875,0.1875,0.1875,0.1875,,,
4.70824599266052,0,0.1875,0.1875,0.1875,0.1875,0.1875,0.1875,,,
4.71024894714355,0,0.1875,0.1875,0.1875,0.1875,0.1875,0.1875,,,
4.71224904060364,0,0.1875,0.1875,0.1875,0.1875,0.1875,0.1875,,,
4.71425199508667,0,0.1875,0.1875,0.1875,0.1875,0.1875,0.1875,,,
4.71625304222107,0,0.1875,0.1875,0.1875,0.1875,0.1875,0.1875,,,
4.71825504302979,0,0.1875,0.1875,0.1875,0.1875,0.1875,0.1875,,,
4.72025609016418,0,0.1875,0.1875,0.1875,0.1875,0.1875,0.1875,,,
4.7222580909729,0,0.1875,0.1875,0.1875,0.1875,0.1875,0.1875,,,
4.72426104545593,0,0.1875,0.1875,0.1875,0.1875,0.1875,0.1875,,,
4.72626090049744,0,0.1875,0.1875,0.1875,0.1875,0.1875,0.1875,,,
4.72826409339905,0,0.1875,0.1875,0.1875,0.1875,0.1875,0.1875,,,
4.73026490211487,0,0.1875,0.1875,0.1875,0.1875,0.1875,0.1875,,,
4.73226690292358,0,0.1875,0.1875,0.1875,0.1875,0.1875,0.1875,,,
4.7342700958252,0,0.1875,0.1875,0.1875,0.1875,0.1875,0.1875,,,
4.7362699508667,0,0.1875,0.1875,0.1875,0.1875,0.1875,0.1875,,,
4.73827290534973,0,0.1875,0.1875,0.1875,0.1875,0.1875,0.1875,,,
4.74027395248413,0,0.1875,0.1875,0.1875,0.1875,0.1875,0.1875,,,
4.74227595329285,0,0.1875,0.1875,0.1875,0.1875,0.1875,0.1875,,,
4.74427890777588,0,0.1875,0.1875,0.1875,0.1875,0.1875,0.1875,,,
4.74627900123596,0,0.1875,0.1875,0.1875,0.1875,0.1875,0.1875,,,
4.74828195571899,0,0.1875,0.1875,0.1875,0.1875,0.1875,0.1875,,,
4.75028300285339,0,0.1875,0.1875,0.1875,0.1875,0.1875,0.1875,,,
4.75228500366211,0,0.1875,0.1875,0.1875,0.1875,0.1875,0.1875,,,
4.75428605079651,0,0.1875,0.1875,0.1875,0.1875,0.1875,0.1875,,,
4.75628805160522,0,0.1875,0.1875,0.1875,0.1875,0.1875,0.1875,,,
4.75829100608826,0,0.1875,0.1875,0.1875,0.1875,0.1875,0.1875,,,
4.76029205322266,0,0.1875,0.1875,0.1875,0.1875,0.1875,0.1875,,,
4.76229405403137,0,0.1875,0.1875,0.1875,0.1875,0.1875,0.1875,,,
4.76429510116577,0,0.1875,0.1875,0.1875,0.1875,0.1875,0.1875,,,
4.7662980556488,0,0.1875,0.1875,0.1875,0.1875,0.1875,0.1875,,,
4.76829791069031,0,0.1875,0.1875,0.1875,0.1875,0.1875,0.1875,,,
4.77030086517334,0,0.1875,0.1875,0.1875,0.1875,0.1875,0.1875,,,
4.77230405807495,0,0.1875,0.1875,0.1875,0.1875,0.1875,0.1875,,,
4.77430391311646,0,0.1875,0.1875,0.1875,0.1875,0.1875,0.1875,,,
4.77630686759949,0,0.1875,0.1875,0.1875,0.1875,0.1875,0.1875,,,
4.77830696105957,0,0.1875,0.1875,0.1875,0.1875,0.1875,0.1875,,,
4.7803099155426,0,0.1875,0.1875,0.1875,0.1875,0.1875,0.1875,,,
4.78231000900269,0,0.1875,0.1875,0.1875,0.1875,0.1875,0.1875,,,
4.78431296348572,0,0.1875,0.1875,0.1875,0.1875,0.1875,0.1875,,,
4.78631401062012,0,0.1875,0.1875,0.1875,0.1875,0.1875,0.1875,,,
4.78831601142883,0,0.1875,0.1875,0.1875,0.1875,0.1875,0.1875,,,
4.79031896591187,0,0.1875,0.1875,0.1875,0.1875,0.1875,0.1875,,,
4.79232001304626,0,0.1875,0.1875,0.1875,0.1875,0.1875,0.1875,,,
4.79432201385498,0,0.1875,0.1875,0.1875,0.1875,0.1875,0.1875,,,
4.79632306098938,0,0.1875,0.1875,0.1875,0.1875,0.1875,0.1875,,,
4.79832601547241,0,0.1875,0.1875,0.1875,0.1875,0.1875,0.1875,,,
4.80032587051392,0,0.1875,0.1875,0.1875,0.1875,0.1875,0.1875,,,
4.80232906341553,0,0.1875,0.1875,0.1875,0.1875,0.1875,0.1875,,,
4.80433201789856,0,0.1875,0.1875,0.1875,0.1875,0.1875,0.1875,,,
4.80633187294006,0,0.1875,0.1875,0.1875,0.1875,0.1875,0.1875,,,
4.80833506584167,0,0.1875,0.1875,0.1875,0.1875,0.1875,0.1875,,,
4.81033492088318,0,0.1875,0.1875,0.1875,0.1875,0.1875,0.1875,,,
4.81233787536621,0,0.1875,0.1875,0.1875,0.1875,0.1875,0.1875,,,
4.81433796882629,0,0.1875,0.1875,0.1875,0.1875,0.1875,0.1875,,,
4.81634092330933,0,0.1875,0.1875,0.1875,0.1875,0.1875,0.1875,,,
4.81834387779236,0,0.1875,0.1875,0.1875,0.1875,0.1875,0.1875,,,
4.82034397125244,0,0.1875,0.1875,0.1875,0.1875,0.1875,0.1875,,,
4.82234692573547,0,0.1875,0.1875,0.1875,0.1875,0.1875,0.1875,,,
4.82434701919556,0,0.1875,0.1875,0.1875,0.1875,0.1875,0.1875,,,
4.82634997367859,0,0.1875,0.1875,0.1875,0.1875,0.1875,0.1875,,,
4.82835006713867,0,0.1875,0.1875,0.1875,0.1875,0.1875,0.1875,,,
4.8303530216217,0,0.1875,0.1875,0.1875,0.1875,0.1875,0.1875,,,
4.83235597610474,0,0.1875,0.1875,0.1875,0.1875,0.1875,0.1875,,,
4.83435606956482,0,0.1875,0.1875,0.1875,0.1875,0.1875,0.1875,,,
4.83635902404785,0,0.1875,0.1875,0.1875,0.1875,0.1875,0.1875,,,
4.83835887908936,0,0.1875,0.1875,0.1875,0.1875,0.1875,0.1875,,,
4.84036207199097,0,0.1875,0.1875,0.1875,0.1875,0.1875,0.1875,,,
4.84236192703247,0,0.1875,0.1875,0.1875,0.1875,0.1875,0.1875,,,
4.8443648815155,0,0.1875,0.1875,0.1875,0.1875,0.1875,0.1875,,,
4.84636497497559,0,0.1875,0.1875,0.1875,0.1875,0.1875,0.1875,,,
4.84836792945862,0,0.1875,0.1875,0.1875,0.1875,0.1875,0.1875,,,
4.8503680229187,0,0.1875,0.1875,0.1875,0.1875,0.1875,0.1875,,,
4.85237097740173,0,0.1875,0.1875,0.1875,0.1875,0.1875,0.1875,,,
4.85437393188477,0,0.1875,0.1875,0.1875,0.1875,0.1875,0.1875,,,
4.85637402534485,0,0.1875,0.1875,0.1875,0.1875,0.1875,0.1875,,,
4.85837697982788,0,0.1875,0.1875,0.1875,0.1875,0.1875,0.1875,,,
4.86037707328796,0,0.1875,0.1875,0.1875,0.1875,0.1875,0.1875,,,
4.862380027771,0,0.1875,0.1875,0.1875,0.1875,0.1875,0.1875,,,
4.8643810749054,0,0.1875,0.1875,0.1875,0.1875,0.1875,0.1875,,,
4.86638307571411,0,0.1875,0.1875,0.1875,0.1875,0.1875,0.1875,,,
4.86838388442993,0,0.1875,0.1875,0.1875,0.1875,0.1875,0.1875,,,
4.87038707733154,0,0.1875,0.1875,0.1875,0.1875,0.1875,0.1875,,,
4.87238693237305,0,0.1875,0.1875,0.1875,0.1875,0.1875,0.1875,,,
4.87438988685608,0,0.1875,0.1875,0.1875,0.1875,0.1875,0.1875,,,
4.87639188766479,0,0.1875,0.1875,0.1875,0.1875,0.1875,0.1875,,,
4.87839293479919,0,0.1875,0.1875,0.1875,0.1875,0.1875,0.1875,,,
4.88039588928223,0,0.1875,0.1875,0.1875,0.1875,0.1875,0.1875,,,
4.88239598274231,0,0.1875,0.1875,0.1875,0.1875,0.1875,0.1875,,,
4.88439893722534,0,0.1875,0.1875,0.1875,0.1875,0.1875,0.1875,,,
4.88639903068542,0,0.1875,0.1875,0.1875,0.1875,0.1875,0.1875,,,
4.88840198516846,0,0.1875,0.1875,0.1875,0.1875,0.1875,0.1875,,,
4.89040207862854,0,0.1875,0.1875,0.1875,0.1875,0.1875,0.1875,,,
4.89240503311157,0,0.1875,0.1875,0.1875,0.1875,0.1875,0.1875,,,
4.89440703392029,0,0.1875,0.1875,0.1875,0.1875,0.1875,0.1875,,,
4.89640808105469,0,0.1875,0.1875,0.1875,0.1875,0.1875,0.1875,,,
4.89841103553772,0,0.1875,0.1875,0.1875,0.1875,0.1875,0.1875,,,
4.90041089057922,0,0.1875,0.1875,0.1875,0.1875,0.1875,0.1875,,,
4.90241408348084,0,0.1875,0.1875,0.1875,0.1875,0.1875,0.1875,,,
4.90441393852234,0,0.1875,0.1875,0.1875,0.1875,0.1875,0.1875,,,
4.90641689300537,0,0.1875,0.1875,0.1875,0.1875,0.1875,0.1875,,,
4.90841698646545,0,0.1875,0.1875,0.1875,0.1875,0.1875,0.1875,,,
4.91041994094849,0,0.1875,0.1875,0.1875,0.1875,0.1875,0.1875,,,
4.91242289543152,0,0.1875,0.1875,0.1875,0.1875,0.1875,0.1875,,,
4.9144229888916,0,0.1875,0.1875,0.1875,0.1875,0.1875,0.1875,,,
4.91642594337463,0,0.1875,0.1875,0.1875,0.1875,0.1875,0.1875,,,
4.91842603683472,0,0.1875,0.1875,0.1875,0.1875,0.1875,0.1875,,,
4.92042899131775,0,0.1875,0.1875,0.1875,0.1875,0.1875,0.1875,,,
4.92242908477783,0,0.1875,0.1875,0.1875,0.1875,0.1875,0.1875,,,
4.92443203926086,0,0.1875,0.1875,0.1875,0.1875,0.1875,0.1875,,,
4.9264349937439,0,0.1875,0.1875,0.1875,0.1875,0.1875,0.1875,,,
4.92843508720398,0,0.1875,0.1875,0.1875,0.1875,0.1875,0.1875,,,
4.93043804168701,0,0.1875,0.1875,0.1875,0.1875,0.1875,0.1875,,,
4.93243789672852,0,0.1875,0.1875,0.1875,0.1875,0.1875,0.1875,,,
4.93444108963013,0,0.1875,0.1875,0.1875,0.1875,0.1875,0.1875,,,
4.93644189834595,0,0.1875,0.1875,0.1875,0.1875,0.1875,0.1875,,,
4.93844389915466,0,0.1875,0.1875,0.1875,0.1875,0.1875,0.1875,,,
4.94044709205627,0,0.1875,0.1875,0.1875,0.1875,0.1875,0.1875,,,
4.94244694709778,0,0.1875,0.1875,0.1875,0.1875,0.1875,0.1875,,,
4.94444990158081,0,0.1875,0.1875,0.1875,0.1875,0.1875,0.1875,,,
4.94645094871521,0,0.1875,0.1875,0.1875,0.1875,0.1875,0.1875,,,
4.94845294952393,0,0.1875,0.1875,0.1875,0.1875,0.1875,0.1875,,,
4.95045399665833,0,0.1875,0.1875,0.1875,0.1875,0.1875,0.1875,,,
4.95245599746704,0,0.1875,0.1875,0.1875,0.1875,0.1875,0.1875,,,
4.95445895195007,0,0.1875,0.1875,0.1875,0.1875,0.1875,0.1875,,,
4.95645904541016,0,0.1875,0.1875,0.1875,0.1875,0.1875,0.1875,,,
4.95846199989319,0,0.1875,0.1875,0.1875,0.1875,0.1875,0.1875,,,
4.96046304702759,0,0.1875,0.1875,0.1875,0.1875,0.1875,0.1875,,,
4.9624650478363,0,0.1875,0.1875,0.1875,0.1875,0.1875,0.1875,,,
4.9644660949707,0,0.1875,0.1875,0.1875,0.1875,0.1875,0.1875,,,
4.96646809577942,0,0.1875,0.1875,0.1875,0.1875,0.1875,0.1875,,,
4.96846890449524,0,0.1875,0.1875,0.1875,0.1875,0.1875,0.1875,,,
4.97047090530396,0,0.1875,0.1875,0.1875,0.1875,0.1875,0.1875,,,
4.97247409820557,0,0.1875,0.1875,0.1875,0.1875,0.1875,0.1875,,,
4.97447490692139,0,0.1875,0.1875,0.1875,0.1875,0.1875,0.1875,,,
4.9764769077301,0,0.1875,0.1875,0.1875,0.1875,0.1875,0.1875,,,
4.9784779548645,0,0.1875,0.1875,0.1875,0.1875,0.1875,0.1875,,,
4.98048090934753,0,0.1875,0.1875,0.1875,0.1875,0.1875,0.1875,,,
4.98248100280762,0,0.1875,0.1875,0.1875,0.1875,0.1875,0.1875,,,
4.98448395729065,0,0.1875,0.1875,0.1875,0.1875,0.1875,0.1875,,,
4.98648405075073,0,0.1875,0.1875,0.1875,0.1875,0.1875,0.1875,,,
4.98848700523376,0,0.1875,0.1875,0.1875,0.1875,0.1875,0.1875,,,
4.9904899597168,0,0.1875,0.1875,0.1875,0.1875,0.1875,0.1875,,,
4.99249005317688,0,0.1875,0.1875,0.1875,0.1875,0.1875,0.1875,,,
4.99449300765991,0,0.1875,0.1875,0.1875,0.1875,0.1875,0.1875,,,
4.99649310112,0,0.1875,0.1875,0.1875,0.1875,0.1875,0.1875,,,
4.99849605560303,0,0.1875,0.1875,0.1875,0.1875,0.1875,0.1875,,,
5.00049591064453,0,0.1875,0.1875,0.1875,0.1875,0.1875,0.1875,,,
5.00249886512756,0,0.1875,0.1875,0.1875,0.1875,0.1875,0.1875,,,
5.00449895858765,0,0.1875,0.1875,0.1875,0.1875,0.1875,0.1875,,,
5.00650191307068,0,0.1875,0.1875,0.1875,0.1875,0.1875,0.1875,,,
5.00850486755371,0,0.1875,0.1875,0.1875,0.1875,0.1875,0.1875,,,
5.01050496101379,0,0.1875,0.1875,0.1875,0.1875,0.1875,0.1875,,,
5.01250791549683,0,0.1875,0.1875,0.1875,0.1875,0.1875,0.1875,,,
5.01451086997986,0,0.1875,0.1875,0.1875,0.1875,0.1875,0.1875,,,
5.01651096343994,0,0.1875,0.1875,0.1875,0.1875,0.1875,0.1875,,,
5.01851391792297,0,0.1875,0.1875,0.1875,0.1875,0.1875,0.1875,,,
5.02051401138306,0,0.1875,0.1875,0.1875,0.1875,0.1875,0.1875,,,
5.02251696586609,0,0.1875,0.1875,0.1875,0.1875,0.1875,0.1875,,,
5.02451992034912,0,0.1875,0.1875,0.1875,0.1875,0.1875,0.1875,,,
5.0265200138092,0,0.1875,0.1875,0.1875,0.1875,0.1875,0.1875,,,
5.02852296829224,0,0.1875,0.1875,0.1875,0.1875,0.1875,0.1875,,,
5.03052401542664,0,0.1875,0.1875,0.1875,0.1875,0.1875,0.1875,,,
5.03252601623535,0,0.1875,0.1875,0.1875,0.1875,0.1875,0.1875,,,
5.03452897071838,0,0.1875,0.1875,0.1875,0.1875,0.1875,0.1875,,,
5.03652906417847,0,0.1875,0.1875,0.1875,0.1875,0.1875,0.1875,,,
5.0385320186615,0,0.1875,0.1875,0.1875,0.1875,0.1875,0.1875,,,
5.04053497314453,0,0.1875,0.1875,0.1875,0.1875,0.1875,0.1875,,,
5.04253506660461,0,0.1875,0.1875,0.1875,0.1875,0.1875,0.1875,,,
5.04453802108765,0,0.1875,0.1875,0.1875,0.1875,0.1875,0.1875,,,
5.04653906822205,0,0.1875,0.1875,0.1875,0.1875,0.1875,0.1875,,,
5.04854106903076,0,0.1875,0.1875,0.1875,0.1875,0.1875,0.1875,,,
5.05054402351379,0,0.1875,0.1875,0.1875,0.1875,0.1875,0.1875,,,
5.0525438785553,0,0.1875,0.1875,0.1875,0.1875,0.1875,0.1875,,,
5.05454707145691,0,0.1875,0.1875,0.1875,0.1875,0.1875,0.1875,,,
5.05654692649841,0,0.1875,0.1875,0.1875,0.1875,0.1875,0.1875,,,
5.05854988098145,0,0.1875,0.1875,0.1875,0.1875,0.1875,0.1875,,,
5.06055307388306,0,0.1875,0.1875,0.1875,0.1875,0.1875,0.1875,,,
5.06264686584473,0,0.1875,0.1875,0.1875,0.1875,0.1875,0.1875,,,
5.06465005874634,0,0.1875,0.1875,0.1875,0.1875,0.1875,0.1875,,,
5.06664991378784,0,0.1875,0.1875,0.1875,0.1875,0.1875,0.1875,,,
5.06865286827087,0,0.1875,0.1875,0.1875,0.1875,0.1875,0.1875,,,
5.07065391540527,0,0.1875,0.1875,0.1875,0.1875,0.1875,0.1875,,,
5.07265591621399,0,0.1875,0.1875,0.1875,0.1875,0.1875,0.1875,,,
5.07465887069702,0,0.1875,0.1875,0.1875,0.1875,0.1875,0.1875,,,
5.0766589641571,0,0.1875,0.1875,0.1875,0.1875,0.1875,0.1875,,,
5.07866191864014,0,0.1875,0.1875,0.1875,0.1875,0.1875,0.1875,,,
5.08066201210022,0,0.1875,0.1875,0.1875,0.1875,0.1875,0.1875,,,
5.08266496658325,0,0.1875,0.1875,0.1875,0.1875,0.1875,0.1875,,,
5.08466792106628,0,0.1875,0.1875,0.1875,0.1875,0.1875,0.1875,,,
5.08666801452637,0,0.1875,0.1875,0.1875,0.1875,0.1875,0.1875,,,
5.0886709690094,0,0.1875,0.1875,0.1875,0.1875,0.1875,0.1875,,,
5.09067106246948,0,0.1875,0.1875,0.1875,0.1875,0.1875,0.1875,,,
5.09267401695251,0,0.1875,0.1875,0.1875,0.1875,0.1875,0.1875,,,
5.09467387199402,0,0.1875,0.1875,0.1875,0.1875,0.1875,0.1875,,,
5.09667706489563,0,0.1875,0.1875,0.1875,0.1875,0.1875,0.1875,,,
5.09868001937866,0,0.1875,0.1875,0.1875,0.1875,0.1875,0.1875,,,
5.10067987442017,0,0.1875,0.1875,0.1875,0.1875,0.1875,0.1875,,,
5.10268306732178,0,0.1875,0.1875,0.1875,0.1875,0.1875,0.1875,,,
5.10468292236328,0,0.1875,0.1875,0.1875,0.1875,0.1875,0.1875,,,
5.10668587684631,0,0.1875,0.1875,0.1875,0.1875,0.1875,0.1875,,,
5.10868906974792,0,0.1875,0.1875,0.1875,0.1875,0.1875,0.1875,,,
5.11068892478943,0,0.1875,0.1875,0.1875,0.1875,0.1875,0.1875,,,
5.11269187927246,0,0.1875,0.1875,0.1875,0.1875,0.1875,0.1875,,,
5.11469197273254,0,0.1875,0.1875,0.1875,0.1875,0.1875,0.1875,,,
5.11669492721558,0,0.1875,0.1875,0.1875,0.1875,0.1875,0.1875,,,
5.11869788169861,0,0.1875,0.1875,0.1875,0.1875,0.1875,0.1875,,,
5.12069797515869,0,0.1875,0.1875,0.1875,0.1875,0.1875,0.1875,,,
5.12270092964172,0,0.1875,0.1875,0.1875,0.1875,0.1875,0.1875,,,
5.12470102310181,0,0.1875,0.1875,0.1875,0.1875,0.1875,0.1875,,,
5.12670397758484,0,0.1875,0.1875,0.1875,0.1875,0.1875,0.1875,,,
5.12870693206787,0,0.1875,0.1875,0.1875,0.1875,0.1875,0.1875,,,
5.13070702552795,0,0.1875,0.1875,0.1875,0.1875,0.1875,0.1875,,,
5.13270998001099,0,0.1875,0.1875,0.1875,0.1875,0.1875,0.1875,,,
5.13471007347107,0,0.1875,0.1875,0.1875,0.1875,0.1875,0.1875,,,
5.1367130279541,0,0.1875,0.1875,0.1875,0.1875,0.1875,0.1875,,,
5.13871598243713,0,0.1875,0.1875,0.1875,0.1875,0.1875,0.1875,,,
5.14071607589722,0,0.1875,0.1875,0.1875,0.1875,0.1875,0.1875,,,
5.14271903038025,0,0.1875,0.1875,0.1875,0.1875,0.1875,0.1875,,,
5.14471888542175,0,0.1875,0.1875,0.1875,0.1875,0.1875,0.1875,,,
5.14672207832336,0,0.1875,0.1875,0.1875,0.1875,0.1875,0.1875,,,
5.1487250328064,0,0.1875,0.1875,0.1875,0.1875,0.1875,0.1875,,,
5.1507248878479,0,0.1875,0.1875,0.1875,0.1875,0.1875,0.1875,,,
5.15272808074951,0,0.1875,0.1875,0.1875,0.1875,0.1875,0.1875,,,
5.15472793579102,0,0.1875,0.1875,0.1875,0.1875,0.1875,0.1875,,,
5.15673089027405,0,0.1875,0.1875,0.1875,0.1875,0.1875,0.1875,,,
5.15873193740845,0,0.1875,0.1875,0.1875,0.1875,0.1875,0.1875,,,
5.16073393821716,0,0.1875,0.1875,0.1875,0.1875,0.1875,0.1875,,,
5.1627368927002,0,0.1875,0.1875,0.1875,0.1875,0.1875,0.1875,,,
5.16473698616028,0,0.1875,0.1875,0.1875,0.1875,0.1875,0.1875,,,
5.16673994064331,0,0.1875,0.1875,0.1875,0.1875,0.1875,0.1875,,,
5.16874003410339,0,0.1875,0.1875,0.1875,0.1875,0.1875,0.1875,,,
5.17074298858643,0,0.1875,0.1875,0.1875,0.1875,0.1875,0.1875,,,
5.17274403572083,0,0.1875,0.1875,0.1875,0.1875,0.1875,0.1875,,,
5.17474603652954,0,0.1875,0.1875,0.1875,0.1875,0.1875,0.1875,,,
5.17674899101257,0,0.1875,0.1875,0.1875,0.1875,0.1875,0.1875,,,
5.17874908447266,0,0.1875,0.1875,0.1875,0.1875,0.1875,0.1875,,,
5.18075203895569,0,0.1875,0.1875,0.1875,0.1875,0.1875,0.1875,,,
5.18275308609009,0,0.1875,0.1875,0.1875,0.1875,0.1875,0.1875,,,
5.18475604057312,0,0.1875,0.1875,0.1875,0.1875,0.1875,0.1875,,,
5.18675589561462,0,0.1875,0.1875,0.1875,0.1875,0.1875,0.1875,,,
5.18875908851624,0,0.1875,0.1875,0.1875,0.1875,0.1875,0.1875,,,
5.19075894355774,0,0.1875,0.1875,0.1875,0.1875,0.1875,0.1875,,,
5.19276189804077,0,0.1875,0.1875,0.1875,0.1875,0.1875,0.1875,,,
5.19476509094238,0,0.1875,0.1875,0.1875,0.1875,0.1875,0.1875,,,
5.19676494598389,0,0.1875,0.1875,0.1875,0.1875,0.1875,0.1875,,,
5.19876790046692,0,0.1875,0.1875,0.1875,0.1875,0.1875,0.1875,,,
5.200767993927,0,0.1875,0.1875,0.1875,0.1875,0.1875,0.1875,,,
5.20277094841003,0,0.1875,0.1875,0.1875,0.1875,0.1875,0.1875,,,
5.20477390289307,0,0.1875,0.1875,0.1875,0.1875,0.1875,0.1875,,,
5.20677399635315,0,0.1875,0.1875,0.1875,0.1875,0.1875,0.1875,,,
5.20877695083618,0,0.1875,0.1875,0.1875,0.1875,0.1875,0.1875,,,
5.21077704429626,0,0.1875,0.1875,0.1875,0.1875,0.1875,0.1875,,,
5.2127799987793,0,0.1875,0.1875,0.1875,0.1875,0.1875,0.1875,,,
5.21478009223938,0,0.1875,0.1875,0.1875,0.1875,0.1875,0.1875,,,
5.21678304672241,0,0.1875,0.1875,0.1875,0.1875,0.1875,0.1875,,,
5.21878600120544,0,0.1875,0.1875,0.1875,0.1875,0.1875,0.1875,,,
5.22078609466553,0,0.1875,0.1875,0.1875,0.1875,0.1875,0.1875,,,
5.22278904914856,0,0.1875,0.1875,0.1875,0.1875,0.1875,0.1875,,,
5.22478890419006,0,0.1875,0.1875,0.1875,0.1875,0.1875,0.1875,,,
5.22679209709167,0,0.1875,0.1875,0.1875,0.1875,0.1875,0.1875,,,
5.22879505157471,0,0.1875,0.1875,0.1875,0.1875,0.1875,0.1875,,,
5.23079490661621,0,0.1875,0.1875,0.1875,0.1875,0.1875,0.1875,,,
5.23279809951782,0,0.1875,0.1875,0.1875,0.1875,0.1875,0.1875,,,
5.23479795455933,0,0.1875,0.1875,0.1875,0.1875,0.1875,0.1875,,,
5.23680090904236,0,0.1875,0.1875,0.1875,0.1875,0.1875,0.1875,,,
5.23880100250244,0,0.1875,0.1875,0.1875,0.1875,0.1875,0.1875,,,
5.24080395698547,0,0.1875,0.1875,0.1875,0.1875,0.1875,0.1875,,,
5.24280691146851,0,0.1875,0.1875,0.1875,0.1875,0.1875,0.1875,,,
5.24480700492859,0,0.1875,0.1875,0.1875,0.1875,0.1875,0.1875,,,
5.24680995941162,0,0.1875,0.1875,0.1875,0.1875,0.1875,0.1875,,,
5.24881100654602,0,0.1875,0.1875,0.1875,0.1875,0.1875,0.1875,,,
5.25081396102905,0,0.1875,0.1875,0.1875,0.1875,0.1875,0.1875,,,
5.25281405448914,0,0.1875,0.1875,0.1875,0.1875,0.1875,0.1875,,,
5.25481700897217,0,0.1875,0.1875,0.1875,0.1875,0.1875,0.1875,,,
5.25681900978088,0,0.1875,0.1875,0.1875,0.1875,0.1875,0.1875,,,
5.25882005691528,0,0.1875,0.1875,0.1875,0.1875,0.1875,0.1875,,,
5.260822057724,0,0.1875,0.1875,0.1875,0.1875,0.1875,0.1875,,,
5.26282286643982,0,0.1875,0.1875,0.1875,0.1875,0.1875,0.1875,,,
5.26482605934143,0,0.1875,0.1875,0.1875,0.1875,0.1875,0.1875,,,
5.26682591438293,0,0.1875,0.1875,0.1875,0.1875,0.1875,0.1875,,,
5.26882886886597,0,0.1875,0.1875,0.1875,0.1875,0.1875,0.1875,,,
5.27083206176758,0,0.1875,0.1875,0.1875,0.1875,0.1875,0.1875,,,
5.27283191680908,0,0.1875,0.1875,0.1875,0.1875,0.1875,0.1875,,,
5.27483487129211,0,0.1875,0.1875,0.1875,0.1875,0.1875,0.1875,,,
5.2768349647522,0,0.1875,0.1875,0.1875,0.1875,0.1875,0.1875,,,
5.27883791923523,0,0.1875,0.1875,0.1875,0.1875,0.1875,0.1875,,,
5.28083801269531,0,0.1875,0.1875,0.1875,0.1875,0.1875,0.1875,,,
5.28284096717834,0,0.1875,0.1875,0.1875,0.1875,0.1875,0.1875,,,
5.28484392166138,0,0.1875,0.1875,0.1875,0.1875,0.1875,0.1875,,,
5.28684401512146,0,0.1875,0.1875,0.1875,0.1875,0.1875,0.1875,,,
5.28884696960449,0,0.1875,0.1875,0.1875,0.1875,0.1875,0.1875,,,
5.29084706306458,0,0.1875,0.1875,0.1875,0.1875,0.1875,0.1875,,,
5.29285001754761,0,0.1875,0.1875,0.1875,0.1875,0.1875,0.1875,,,
5.29485297203064,0,0.1875,0.1875,0.1875,0.1875,0.1875,0.1875,,,
5.29685306549072,0,0.1875,0.1875,0.1875,0.1875,0.1875,0.1875,,,
5.29885601997375,0,0.1875,0.1875,0.1875,0.1875,0.1875,0.1875,,,
5.30085587501526,0,0.1875,0.1875,0.1875,0.1875,0.1875,0.1875,,,
5.30285906791687,0,0.1875,0.1875,0.1875,0.1875,0.1875,0.1875,,,
5.30485987663269,0,0.1875,0.1875,0.1875,0.1875,0.1875,0.1875,,,
5.30686187744141,0,0.1875,0.1875,0.1875,0.1875,0.1875,0.1875,,,
5.30886292457581,0,0.1875,0.1875,0.1875,0.1875,0.1875,0.1875,,,
5.31086587905884,0,0.1875,0.1875,0.1875,0.1875,0.1875,0.1875,,,
5.31286787986755,0,0.1875,0.1875,0.1875,0.1875,0.1875,0.1875,,,
5.31486892700195,0,0.1875,0.1875,0.1875,0.1875,0.1875,0.1875,,,
5.31687188148499,0,0.1875,0.1875,0.1875,0.1875,0.1875,0.1875,,,
5.31887197494507,0,0.1875,0.1875,0.1875,0.1875,0.1875,0.1875,,,
5.3208749294281,0,0.1875,0.1875,0.1875,0.1875,0.1875,0.1875,,,
5.32287502288818,0,0.1875,0.1875,0.1875,0.1875,0.1875,0.1875,,,
5.32487797737122,0,0.1875,0.1875,0.1875,0.1875,0.1875,0.1875,,,
5.3268780708313,0,0.1875,0.1875,0.1875,0.1875,0.1875,0.1875,,,
5.32888102531433,0,0.1875,0.1875,0.1875,0.1875,0.1875,0.1875,,,
5.33088207244873,0,0.1875,0.1875,0.1875,0.1875,0.1875,0.1875,,,
5.33288502693176,0,0.1875,0.1875,0.1875,0.1875,0.1875,0.1875,,,
5.33488702774048,0,0.1875,0.1875,0.1875,0.1875,0.1875,0.1875,,,
5.33688807487488,0,0.1875,0.1875,0.1875,0.1875,0.1875,0.1875,,,
5.33889102935791,0,0.1875,0.1875,0.1875,0.1875,0.1875,0.1875,,,
5.34089088439941,0,0.1875,0.1875,0.1875,0.1875,0.1875,0.1875,,,
5.34289407730103,0,0.1875,0.1875,0.1875,0.1875,0.1875,0.1875,,,
5.34489393234253,0,0.1875,0.1875,0.1875,0.1875,0.1875,0.1875,,,
5.34689688682556,0,0.1875,0.1875,0.1875,0.1875,0.1875,0.1875,,,
5.34890007972717,0,0.1875,0.1875,0.1875,0.1875,0.1875,0.1875,,,
5.35089993476868,0,0.1875,0.1875,0.1875,0.1875,0.1875,0.1875,,,
5.35290288925171,0,0.1875,0.1875,0.1875,0.1875,0.1875,0.1875,,,
5.35490298271179,0,0.1875,0.1875,0.1875,0.1875,0.1875,0.1875,,,
5.35690593719482,0,0.1875,0.1875,0.1875,0.1875,0.1875,0.1875,,,
5.35890603065491,0,0.1875,0.1875,0.1875,0.1875,0.1875,0.1875,,,
5.36090898513794,0,0.1875,0.1875,0.1875,0.1875,0.1875,0.1875,,,
5.36291193962097,0,0.1875,0.1875,0.1875,0.1875,0.1875,0.1875,,,
5.36491203308105,0,0.1875,0.1875,0.1875,0.1875,0.1875,0.1875,,,
5.36691498756409,0,0.1875,0.1875,0.1875,0.1875,0.1875,0.1875,,,
5.36891508102417,0,0.1875,0.1875,0.1875,0.1875,0.1875,0.1875,,,
5.3709180355072,0,0.1875,0.1875,0.1875,0.1875,0.1875,0.1875,,,
5.37291789054871,0,0.1875,0.1875,0.1875,0.1875,0.1875,0.1875,,,
5.37492108345032,0,0.1875,0.1875,0.1875,0.1875,0.1875,0.1875,,,
5.37692403793335,0,0.1875,0.1875,0.1875,0.1875,0.1875,0.1875,,,
5.37892389297485,0,0.1875,0.1875,0.1875,0.1875,0.1875,0.1875,,,
5.38092708587646,0,0.1875,0.1875,0.1875,0.1875,0.1875,0.1875,,,
5.38292694091797,0,0.1875,0.1875,0.1875,0.1875,0.1875,0.1875,,,
5.384929895401,0,0.1875,0.1875,0.1875,0.1875,0.1875,0.1875,,,
5.38693308830261,0,0.1875,0.1875,0.1875,0.1875,0.1875,0.1875,,,
5.38893294334412,0,0.1875,0.1875,0.1875,0.1875,0.1875,0.1875,,,
5.39093589782715,0,0.1875,0.1875,0.1875,0.1875,0.1875,0.1875,,,
5.39293599128723,0,0.1875,0.1875,0.1875,0.1875,0.1875,0.1875,,,
5.39493894577026,0,0.1875,0.1875,0.1875,0.1875,0.1875,0.1875,,,
5.39693903923035,0,0.1875,0.1875,0.1875,0.1875,0.1875,0.1875,,,
5.39894199371338,0,0.1875,0.1875,0.1875,0.1875,0.1875,0.1875,,,
5.40094494819641,0,0.1875,0.1875,0.1875,0.1875,0.1875,0.1875,,,
5.40294504165649,0,0.1875,0.1875,0.1875,0.1875,0.1875,0.1875,,,
5.40494799613953,0,0.1875,0.1875,0.1875,0.1875,0.1875,0.1875,,,
5.40695095062256,0,0.1875,0.1875,0.1875,0.1875,0.1875,0.1875,,,
5.40895104408264,0,0.1875,0.1875,0.1875,0.1875,0.1875,0.1875,,,
5.41095399856567,0,0.1875,0.1875,0.1875,0.1875,0.1875,0.1875,,,
5.41295409202576,0,0.1875,0.1875,0.1875,0.1875,0.1875,0.1875,,,
5.41495704650879,0,0.1875,0.1875,0.1875,0.1875,0.1875,0.1875,,,
5.41695690155029,0,0.1875,0.1875,0.1875,0.1875,0.1875,0.1875,,,
5.4189600944519,0,0.1875,0.1875,0.1875,0.1875,0.1875,0.1875,,,
5.42096304893494,0,0.1875,0.1875,0.1875,0.1875,0.1875,0.1875,,,
5.42296290397644,0,0.1875,0.1875,0.1875,0.1875,0.1875,0.1875,,,
5.42496609687805,0,0.1875,0.1875,0.1875,0.1875,0.1875,0.1875,,,
5.42696690559387,0,0.1875,0.1875,0.1875,0.1875,0.1875,0.1875,,,
5.42896890640259,0,0.1875,0.1875,0.1875,0.1875,0.1875,0.1875,,,
5.4309720993042,0,0.1875,0.1875,0.1875,0.1875,0.1875,0.1875,,,
5.43297290802002,0,0.1875,0.1875,0.1875,0.1875,0.1875,0.1875,,,
5.43497490882874,0,0.1875,0.1875,0.1875,0.1875,0.1875,0.1875,,,
5.43697595596313,0,0.1875,0.1875,0.1875,0.1875,0.1875,0.1875,,,
5.43897891044617,0,0.1875,0.1875,0.1875,0.1875,0.1875,0.1875,,,
5.44098091125488,0,0.1875,0.1875,0.1875,0.1875,0.1875,0.1875,,,
5.44298195838928,0,0.1875,0.1875,0.1875,0.1875,0.1875,0.1875,,,
5.444983959198,0,0.1875,0.1875,0.1875,0.1875,0.1875,0.1875,,,
5.4469850063324,0,0.1875,0.1875,0.1875,0.1875,0.1875,0.1875,,,
5.44898700714111,0,0.1875,0.1875,0.1875,0.1875,0.1875,0.1875,,,
5.45098996162415,0,0.1875,0.1875,0.1875,0.1875,0.1875,0.1875,,,
5.45299005508423,0,0.1875,0.1875,0.1875,0.1875,0.1875,0.1875,,,
5.45499300956726,0,0.1875,0.1875,0.1875,0.1875,0.1875,0.1875,,,
5.45699405670166,0,0.1875,0.1875,0.1875,0.1875,0.1875,0.1875,,,
5.45899605751038,0,0.1875,0.1875,0.1875,0.1875,0.1875,0.1875,,,
5.46099901199341,0,0.1875,0.1875,0.1875,0.1875,0.1875,0.1875,,,
5.46300005912781,0,0.1875,0.1875,0.1875,0.1875,0.1875,0.1875,,,
5.46500205993652,0,0.1875,0.1875,0.1875,0.1875,0.1875,0.1875,,,
5.46700286865234,0,0.1875,0.1875,0.1875,0.1875,0.1875,0.1875,,,
5.46900486946106,0,0.1875,0.1875,0.1875,0.1875,0.1875,0.1875,,,
5.47100591659546,0,0.1875,0.1875,0.1875,0.1875,0.1875,0.1875,,,
5.47300887107849,0,0.1875,0.1875,0.1875,0.1875,0.1875,0.1875,,,
5.47501087188721,0,0.1875,0.1875,0.1875,0.1875,0.1875,0.1875,,,
5.47701191902161,0,0.1875,0.1875,0.1875,0.1875,0.1875,0.1875,,,
5.47901391983032,0,0.1875,0.1875,0.1875,0.1875,0.1875,0.1875,,,
5.48101496696472,0,0.1875,0.1875,0.1875,0.1875,0.1875,0.1875,,,
5.48301792144775,0,0.1875,0.1875,0.1875,0.1875,0.1875,0.1875,,,
5.48501801490784,0,0.1875,0.1875,0.1875,0.1875,0.1875,0.1875,,,
5.48702096939087,0,0.1875,0.1875,0.1875,0.1875,0.1875,0.1875,,,
5.4890239238739,0,0.1875,0.1875,0.1875,0.1875,0.1875,0.1875,,,
5.49102401733398,0,0.1875,0.1875,0.1875,0.1875,0.1875,0.1875,,,
5.49302697181702,0,0.1875,0.1875,0.1875,0.1875,0.1875,0.1875,,,
5.4950270652771,0,0.1875,0.1875,0.1875,0.1875,0.1875,0.1875,,,
5.49703001976013,0,0.1875,0.1875,0.1875,0.1875,0.1875,0.1875,,,
5.49902987480164,0,0.1875,0.1875,0.1875,0.1875,0.1875,0.1875,,,
5.50103306770325,0,0.1875,0.1875,0.1875,0.1875,0.1875,0.1875,,,
5.50303602218628,0,0.1875,0.1875,0.1875,0.1875,0.1875,0.1875,,,
5.50503587722778,0,0.1875,0.1875,0.1875,0.1875,0.1875,0.1875,,,
5.50703907012939,0,0.1875,0.1875,0.1875,0.1875,0.1875,0.1875,,,
5.5090389251709,0,0.1875,0.1875,0.1875,0.1875,0.1875,0.1875,,,
5.51104187965393,0,0.1875,0.1875,0.1875,0.1875,0.1875,0.1875,,,
5.51304197311401,0,0.1875,0.1875,0.1875,0.1875,0.1875,0.1875,,,
5.51504492759705,0,0.1875,0.1875,0.1875,0.1875,0.1875,0.1875,,,
5.51704788208008,0,0.1875,0.1875,0.1875,0.1875,0.1875,0.1875,,,
5.51904797554016,0,0.1875,0.1875,0.1875,0.1875,0.1875,0.1875,,,
5.52105093002319,0,0.1875,0.1875,0.1875,0.1875,0.1875,0.1875,,,
5.52305197715759,0,0.1875,0.1875,0.1875,0.1875,0.1875,0.1875,,,
5.52505397796631,0,0.1875,0.1875,0.1875,0.1875,0.1875,0.1875,,,
5.52705693244934,0,0.1875,0.1875,0.1875,0.1875,0.1875,0.1875,,,
5.52905702590942,0,0.1875,0.1875,0.1875,0.1875,0.1875,0.1875,,,
5.53105998039246,0,0.1875,0.1875,0.1875,0.1875,0.1875,0.1875,,,
5.53306007385254,0,0.1875,0.1875,0.1875,0.1875,0.1875,0.1875,,,
5.53506302833557,0,0.1875,0.1875,0.1875,0.1875,0.1875,0.1875,,,
5.5370659828186,0,0.1875,0.1875,0.1875,0.1875,0.1875,0.1875,,,
5.53906607627869,0,0.1875,0.1875,0.1875,0.1875,0.1875,0.1875,,,
5.54106903076172,0,0.1875,0.1875,0.1875,0.1875,0.1875,0.1875,,,
5.54307007789612,0,0.1875,0.1875,0.1875,0.1875,0.1875,0.1875,,,
5.54507303237915,0,0.1875,0.1875,0.1875,0.1875,0.1875,0.1875,,,
5.54707288742065,0,0.1875,0.1875,0.1875,0.1875,0.1875,0.1875,,,
5.54907608032227,0,0.1875,0.1875,0.1875,0.1875,0.1875,0.1875,,,
5.5510790348053,0,0.1875,0.1875,0.1875,0.1875,0.1875,0.1875,,,
5.5530788898468,0,0.1875,0.1875,0.1875,0.1875,0.1875,0.1875,,,
5.55508208274841,0,0.1875,0.1875,0.1875,0.1875,0.1875,0.1875,,,
5.55708193778992,0,0.1875,0.1875,0.1875,0.1875,0.1875,0.1875,,,
5.55908489227295,0,0.1875,0.1875,0.1875,0.1875,0.1875,0.1875,,,
5.56108808517456,0,0.1875,0.1875,0.1875,0.1875,0.1875,0.1875,,,
5.56309008598328,0,0.1875,0.1875,0.1875,0.1875,0.1875,0.1875,,,
5.5650908946991,0,0.1875,0.1875,0.1875,0.1875,0.1875,0.1875,,,
5.56709408760071,0,0.1875,0.1875,0.1875,0.1875,0.1875,0.1875,,,
5.56909608840942,0,0.1875,0.1875,0.1875,0.1875,0.1875,0.1875,,,
5.57109689712524,0,0.1875,0.1875,0.1875,0.1875,0.1875,0.1875,,,
5.57309889793396,0,0.1875,0.1875,0.1875,0.1875,0.1875,0.1875,,,
5.57509994506836,0,0.1875,0.1875,0.1875,0.1875,0.1875,0.1875,,,
5.57710194587708,0,0.1875,0.1875,0.1875,0.1875,0.1875,0.1875,,,
5.57910299301147,0,0.1875,0.1875,0.1875,0.1875,0.1875,0.1875,,,
5.58110594749451,0,0.1875,0.1875,0.1875,0.1875,0.1875,0.1875,,,
5.58310794830322,0,0.1875,0.1875,0.1875,0.1875,0.1875,0.1875,,,
5.58510899543762,0,0.1875,0.1875,0.1875,0.1875,0.1875,0.1875,,,
5.58711099624634,0,0.1875,0.1875,0.1875,0.1875,0.1875,0.1875,,,
5.58911204338074,0,0.1875,0.1875,0.1875,0.1875,0.1875,0.1875,,,
5.59111499786377,0,0.1875,0.1875,0.1875,0.1875,0.1875,0.1875,,,
5.59311509132385,0,0.1875,0.1875,0.1875,0.1875,0.1875,0.1875,,,
5.59511804580688,0,0.1875,0.1875,0.1875,0.1875,0.1875,0.1875,,,
5.59712100028992,0,0.1875,0.1875,0.1875,0.1875,0.1875,0.1875,,,
5.59912109375,0,0.1875,0.1875,0.1875,0.1875,0.1875,0.1875,,,
5.60112404823303,0,0.1875,0.1875,0.1875,0.1875,0.1875,0.1875,,,
5.60312509536743,0,0.1875,0.1875,0.1875,0.1875,0.1875,0.1875,,,
5.60512804985046,0,0.1875,0.1875,0.1875,0.1875,0.1875,0.1875,,,
5.60712790489197,0,0.1875,0.1875,0.1875,0.1875,0.1875,0.1875,,,
5.60913109779358,0,0.1875,0.1875,0.1875,0.1875,0.1875,0.1875,,,
5.61113405227661,0,0.1875,0.1875,0.1875,0.1875,0.1875,0.1875,,,
5.61313390731812,0,0.1875,0.1875,0.1875,0.1875,0.1875,0.1875,,,
5.61513710021973,0,0.1875,0.1875,0.1875,0.1875,0.1875,0.1875,,,
5.61713790893555,0,0.1875,0.1875,0.1875,0.1875,0.1875,0.1875,,,
5.61914110183716,0,0.1875,0.1875,0.1875,0.1875,0.1875,0.1875,,,
5.62114095687866,0,0.1875,0.1875,0.1875,0.1875,0.1875,0.1875,,,
5.62314391136169,0,0.1875,0.1875,0.1875,0.1875,0.1875,0.1875,,,
5.62514400482178,0,0.1875,0.1875,0.1875,0.1875,0.1875,0.1875,,,
5.62714695930481,0,0.1875,0.1875,0.1875,0.1875,0.1875,0.1875,,,
5.62914800643921,0,0.1875,0.1875,0.1875,0.1875,0.1875,0.1875,,,
5.63115096092224,0,0.1875,0.1875,0.1875,0.1875,0.1875,0.1875,,,
5.63315105438232,0,0.1875,0.1875,0.1875,0.1875,0.1875,0.1875,,,
5.63515400886536,0,0.1875,0.1875,0.1875,0.1875,0.1875,0.1875,,,
5.63715410232544,0,0.1875,0.1875,0.1875,0.1875,0.1875,0.1875,,,
5.63915705680847,0,0.1875,0.1875,0.1875,0.1875,0.1875,0.1875,,,
5.6411600112915,0,0.1875,0.1875,0.1875,0.1875,0.1875,0.1875,,,
5.64315986633301,0,0.1875,0.1875,0.1875,0.1875,0.1875,0.1875,,,
5.64516305923462,0,0.1875,0.1875,0.1875,0.1875,0.1875,0.1875,,,
5.64716506004334,0,0.1875,0.1875,0.1875,0.1875,0.1875,0.1875,,,
5.64916491508484,0,0.1875,0.1875,0.1875,0.1875,0.1875,0.1875,,,
5.65116786956787,0,0.1875,0.1875,0.1875,0.1875,0.1875,0.1875,,,
5.65317106246948,0,0.1875,0.1875,0.1875,0.1875,0.1875,0.1875,,,
5.65517091751099,0,0.1875,0.1875,0.1875,0.1875,0.1875,0.1875,,,
5.6571729183197,0,0.1875,0.1875,0.1875,0.1875,0.1875,0.1875,,,
5.65917587280273,0,0.1875,0.1875,0.1875,0.1875,0.1875,0.1875,,,
5.66117596626282,0,0.1875,0.1875,0.1875,0.1875,0.1875,0.1875,,,
5.66317892074585,0,0.1875,0.1875,0.1875,0.1875,0.1875,0.1875,,,
5.66517901420593,0,0.1875,0.1875,0.1875,0.1875,0.1875,0.1875,,,
5.66718196868896,0,0.1875,0.1875,0.1875,0.1875,0.1875,0.1875,,,
5.669184923172,0,0.1875,0.1875,0.1875,0.1875,0.1875,0.1875,,,
5.67118501663208,0,0.1875,0.1875,0.1875,0.1875,0.1875,0.1875,,,
5.6731870174408,0,0.1875,0.1875,0.1875,0.1875,0.1875,0.1875,,,
5.6751880645752,0,0.1875,0.1875,0.1875,0.1875,0.1875,0.1875,,,
5.67719006538391,0,0.1875,0.1875,0.1875,0.1875,0.1875,0.1875,,,
5.67919301986694,0,0.1875,0.1875,0.1875,0.1875,0.1875,0.1875,,,
5.68119287490845,0,0.1875,0.1875,0.1875,0.1875,0.1875,0.1875,,,
5.68319487571716,0,0.1875,0.1875,0.1875,0.1875,0.1875,0.1875,,,
5.68519806861877,0,0.1875,0.1875,0.1875,0.1875,0.1875,0.1875,,,
5.68719792366028,0,0.1875,0.1875,0.1875,0.1875,0.1875,0.1875,,,
5.68920087814331,0,0.1875,0.1875,0.1875,0.1875,0.1875,0.1875,,,
5.69120407104492,0,0.1875,0.1875,0.1875,0.1875,0.1875,0.1875,,,
5.69320392608643,0,0.1875,0.1875,0.1875,0.1875,0.1875,0.1875,,,
5.69520688056946,0,0.1875,0.1875,0.1875,0.1875,0.1875,0.1875,,,
5.69720888137817,0,0.1875,0.1875,0.1875,0.1875,0.1875,0.1875,,,
5.69920992851257,0,0.1875,0.1875,0.1875,0.1875,0.1875,0.1875,,,
5.70121192932129,0,0.1875,0.1875,0.1875,0.1875,0.1875,0.1875,,,
5.70321202278137,0,0.1875,0.1875,0.1875,0.1875,0.1875,0.1875,,,
5.7052149772644,0,0.1875,0.1875,0.1875,0.1875,0.1875,0.1875,,,
5.70721793174744,0,0.1875,0.1875,0.1875,0.1875,0.1875,0.1875,,,
5.70921802520752,0,0.1875,0.1875,0.1875,0.1875,0.1875,0.1875,,,
5.71122097969055,0,0.1875,0.1875,0.1875,0.1875,0.1875,0.1875,,,
5.71322107315063,0,0.1875,0.1875,0.1875,0.1875,0.1875,0.1875,,,
5.71522402763367,0,0.1875,0.1875,0.1875,0.1875,0.1875,0.1875,,,
5.71722602844238,0,0.1875,0.1875,0.1875,0.1875,0.1875,0.1875,,,
5.71922707557678,0,0.1875,0.1875,0.1875,0.1875,0.1875,0.1875,,,
5.7212290763855,0,0.1875,0.1875,0.1875,0.1875,0.1875,0.1875,,,
5.72323203086853,0,0.1875,0.1875,0.1875,0.1875,0.1875,0.1875,,,
5.72523188591003,0,0.1875,0.1875,0.1875,0.1875,0.1875,0.1875,,,
5.72723388671875,0,0.1875,0.1875,0.1875,0.1875,0.1875,0.1875,,,
5.72923707962036,0,0.1875,0.1875,0.1875,0.1875,0.1875,0.1875,,,
5.73123788833618,0,0.1875,0.1875,0.1875,0.1875,0.1875,0.1875,,,
5.73324108123779,0,0.1875,0.1875,0.1875,0.1875,0.1875,0.1875,,,
5.7352409362793,0,0.1875,0.1875,0.1875,0.1875,0.1875,0.1875,,,
5.73724889755249,0,0.1875,0.1875,0.1875,0.1875,0.1875,0.1875,,,
5.73925089836121,0,0.1875,0.1875,0.1875,0.1875,0.1875,0.1875,,,
5.74125194549561,0,0.1875,0.1875,0.1875,0.1875,0.1875,0.1875,,,
5.74325203895569,0,0.1875,0.1875,0.1875,0.1875,0.1875,0.1875,,,
5.74525189399719,0,0.1875,0.1875,0.1875,0.1875,0.1875,0.1875,,,
5.74725294113159,0,0.1875,0.1875,0.1875,0.1875,0.1875,0.1875,,,
5.74925494194031,0,0.1875,0.1875,0.1875,0.1875,0.1875,0.1875,,,
5.75125598907471,0,0.1875,0.1875,0.1875,0.1875,0.1875,0.1875,,,
5.75325798988342,0,0.1875,0.1875,0.1875,0.1875,0.1875,0.1875,,,
5.75525903701782,0,0.1875,0.1875,0.1875,0.1875,0.1875,0.1875,,,
5.75726103782654,0,0.1875,0.1875,0.1875,0.1875,0.1875,0.1875,,,
5.75926399230957,0,0.1875,0.1875,0.1875,0.1875,0.1875,0.1875,,,
5.76126408576965,0,0.1875,0.1875,0.1875,0.1875,0.1875,0.1875,,,
5.76326704025269,0,0.1875,0.1875,0.1875,0.1875,0.1875,0.1875,,,
5.76526689529419,0,0.1875,0.1875,0.1875,0.1875,0.1875,0.1875,,,
5.7672700881958,0,0.1875,0.1875,0.1875,0.1875,0.1875,0.1875,,,
5.7692699432373,0,0.1875,0.1875,0.1875,0.1875,0.1875,0.1875,,,
5.77127289772034,0,0.1875,0.1875,0.1875,0.1875,0.1875,0.1875,,,
5.77327609062195,0,0.1875,0.1875,0.1875,0.1875,0.1875,0.1875,,,
5.77527594566345,0,0.1875,0.1875,0.1875,0.1875,0.1875,0.1875,,,
5.77727890014648,0,0.1875,0.1875,0.1875,0.1875,0.1875,0.1875,,,
5.77927899360657,0,0.1875,0.1875,0.1875,0.1875,0.1875,0.1875,,,
5.7812819480896,0,0.1875,0.1875,0.1875,0.1875,0.1875,0.1875,,,
5.78328490257263,0,0.1875,0.1875,0.1875,0.1875,0.1875,0.1875,,,
5.78528594970703,0,0.1875,0.1875,0.1875,0.1875,0.1875,0.1875,,,
5.78728795051575,0,0.1875,0.1875,0.1875,0.1875,0.1875,0.1875,,,
5.78928899765015,0,0.1875,0.1875,0.1875,0.1875,0.1875,0.1875,,,
5.79129099845886,0,0.1875,0.1875,0.1875,0.1875,0.1875,0.1875,,,
5.79329395294189,0,0.1875,0.1875,0.1875,0.1875,0.1875,0.1875,,,
5.79529404640198,0,0.1875,0.1875,0.1875,0.1875,0.1875,0.1875,,,
5.79729700088501,0,0.1875,0.1875,0.1875,0.1875,0.1875,0.1875,,,
5.79929804801941,0,0.1875,0.1875,0.1875,0.1875,0.1875,0.1875,,,
5.80130100250244,0,0.1875,0.1875,0.1875,0.1875,0.1875,0.1875,,,
5.80330109596252,0,0.1875,0.1875,0.1875,0.1875,0.1875,0.1875,,,
5.80530405044556,0,0.1875,0.1875,0.1875,0.1875,0.1875,0.1875,,,
5.80730605125427,0,0.1875,0.1875,0.1875,0.1875,0.1875,0.1875,,,
5.80930709838867,0,0.1875,0.1875,0.1875,0.1875,0.1875,0.1875,,,
5.81130909919739,0,0.1875,0.1875,0.1875,0.1875,0.1875,0.1875,,,
5.81330990791321,0,0.1875,0.1875,0.1875,0.1875,0.1875,0.1875,,,
5.81531190872192,0,0.1875,0.1875,0.1875,0.1875,0.1875,0.1875,,,
5.81731510162354,0,0.1875,0.1875,0.1875,0.1875,0.1875,0.1875,,,
5.81931495666504,0,0.1875,0.1875,0.1875,0.1875,0.1875,0.1875,,,
5.82131791114807,0,0.1875,0.1875,0.1875,0.1875,0.1875,0.1875,,,
5.82331895828247,0,0.1875,0.1875,0.1875,0.1875,0.1875,0.1875,,,
5.82532095909119,0,0.1875,0.1875,0.1875,0.1875,0.1875,0.1875,,,
5.82732391357422,0,0.1875,0.1875,0.1875,0.1875,0.1875,0.1875,,,
5.82932496070862,0,0.1875,0.1875,0.1875,0.1875,0.1875,0.1875,,,
5.83132696151733,0,0.1875,0.1875,0.1875,0.1875,0.1875,0.1875,,,
5.83332800865173,0,0.1875,0.1875,0.1875,0.1875,0.1875,0.1875,,,
5.83533096313477,0,0.1875,0.1875,0.1875,0.1875,0.1875,0.1875,,,
5.83733105659485,0,0.1875,0.1875,0.1875,0.1875,0.1875,0.1875,,,
5.83933401107788,0,0.1875,0.1875,0.1875,0.1875,0.1875,0.1875,,,
5.84133696556091,0,0.1875,0.1875,0.1875,0.1875,0.1875,0.1875,,,
5.843337059021,0,0.1875,0.1875,0.1875,0.1875,0.1875,0.1875,,,
5.84534001350403,0,0.1875,0.1875,0.1875,0.1875,0.1875,0.1875,,,
5.84733986854553,0,0.1875,0.1875,0.1875,0.1875,0.1875,0.1875,,,
5.84934306144714,0,0.1875,0.1875,0.1875,0.1875,0.1875,0.1875,,,
5.85134291648865,0,0.1875,0.1875,0.1875,0.1875,0.1875,0.1875,,,
5.85334587097168,0,0.1875,0.1875,0.1875,0.1875,0.1875,0.1875,,,
5.85534906387329,0,0.1875,0.1875,0.1875,0.1875,0.1875,0.1875,,,
5.85734891891479,0,0.1875,0.1875,0.1875,0.1875,0.1875,0.1875,,,
5.85935187339783,0,0.1875,0.1875,0.1875,0.1875,0.1875,0.1875,,,
5.86135506629944,0,0.1875,0.1875,0.1875,0.1875,0.1875,0.1875,,,
5.86335492134094,0,0.1875,0.1875,0.1875,0.1875,0.1875,0.1875,,,
5.86535787582397,0,0.1875,0.1875,0.1875,0.1875,0.1875,0.1875,,,
5.86735796928406,0,0.1875,0.1875,0.1875,0.1875,0.1875,0.1875,,,
5.86936092376709,0,0.1875,0.1875,0.1875,0.1875,0.1875,0.1875,,,
5.87136101722717,0,0.1875,0.1875,0.1875,0.1875,0.1875,0.1875,,,
5.87336397171021,0,0.1875,0.1875,0.1875,0.1875,0.1875,0.1875,,,
5.87536692619324,0,0.1875,0.1875,0.1875,0.1875,0.1875,0.1875,,,
5.87736701965332,0,0.1875,0.1875,0.1875,0.1875,0.1875,0.1875,,,
5.87936997413635,0,0.1875,0.1875,0.1875,0.1875,0.1875,0.1875,,,
5.88137006759644,0,0.1875,0.1875,0.1875,0.1875,0.1875,0.1875,,,
5.88337302207947,0,0.1875,0.1875,0.1875,0.1875,0.1875,0.1875,,,
5.88537287712097,0,0.1875,0.1875,0.1875,0.1875,0.1875,0.1875,,,
5.88737607002258,0,0.1875,0.1875,0.1875,0.1875,0.1875,0.1875,,,
5.88937902450562,0,0.1875,0.1875,0.1875,0.1875,0.1875,0.1875,,,
5.89137887954712,0,0.1875,0.1875,0.1875,0.1875,0.1875,0.1875,,,
5.89338207244873,0,0.1875,0.1875,0.1875,0.1875,0.1875,0.1875,,,
5.89538192749023,0,0.1875,0.1875,0.1875,0.1875,0.1875,0.1875,,,
5.89738488197327,0,0.1875,0.1875,0.1875,0.1875,0.1875,0.1875,,,
5.89938807487488,0,0.1875,0.1875,0.1875,0.1875,0.1875,0.1875,,,
5.90138792991638,0,0.1875,0.1875,0.1875,0.1875,0.1875,0.1875,,,
5.90339088439941,0,0.1875,0.1875,0.1875,0.1875,0.1875,0.1875,,,
5.9053909778595,0,0.1875,0.1875,0.1875,0.1875,0.1875,0.1875,,,
5.90739393234253,0,0.1875,0.1875,0.1875,0.1875,0.1875,0.1875,,,
5.90939497947693,0,0.1875,0.1875,0.1875,0.1875,0.1875,0.1875,,,
5.91139698028564,0,0.1875,0.1875,0.1875,0.1875,0.1875,0.1875,,,
5.91339993476868,0,0.1875,0.1875,0.1875,0.1875,0.1875,0.1875,,,
5.91540098190308,0,0.1875,0.1875,0.1875,0.1875,0.1875,0.1875,,,
5.91740298271179,0,0.1875,0.1875,0.1875,0.1875,0.1875,0.1875,,,
5.91940402984619,0,0.1875,0.1875,0.1875,0.1875,0.1875,0.1875,,,
5.92140603065491,0,0.1875,0.1875,0.1875,0.1875,0.1875,0.1875,,,
5.92340898513794,0,0.1875,0.1875,0.1875,0.1875,0.1875,0.1875,,,
5.92541003227234,0,0.1875,0.1875,0.1875,0.1875,0.1875,0.1875,,,
5.92741203308105,0,0.1875,0.1875,0.1875,0.1875,0.1875,0.1875,,,
5.92941308021545,0,0.1875,0.1875,0.1875,0.1875,0.1875,0.1875,,,
5.93141603469849,0,0.1875,0.1875,0.1875,0.1875,0.1875,0.1875,,,
5.93341588973999,0,0.1875,0.1875,0.1875,0.1875,0.1875,0.1875,,,
5.9354190826416,0,0.1875,0.1875,0.1875,0.1875,0.1875,0.1875,,,
5.93741893768311,0,0.1875,0.1875,0.1875,0.1875,0.1875,0.1875,,,
5.93942189216614,0,0.1875,0.1875,0.1875,0.1875,0.1875,0.1875,,,
5.94142389297485,0,0.1875,0.1875,0.1875,0.1875,0.1875,0.1875,,,
5.94342494010925,0,0.1875,0.1875,0.1875,0.1875,0.1875,0.1875,,,
5.94542694091797,0,0.1875,0.1875,0.1875,0.1875,0.1875,0.1875,,,
5.94742798805237,0,0.1875,0.1875,0.1875,0.1875,0.1875,0.1875,,,
5.9494309425354,0,0.1875,0.1875,0.1875,0.1875,0.1875,0.1875,,,
5.95143389701843,0,0.1875,0.1875,0.1875,0.1875,0.1875,0.1875,,,
5.95343399047852,0,0.1875,0.1875,0.1875,0.1875,0.1875,0.1875,,,
5.95543694496155,0,0.1875,0.1875,0.1875,0.1875,0.1875,0.1875,,,
5.95743703842163,0,0.1875,0.1875,0.1875,0.1875,0.1875,0.1875,,,
5.95943999290466,0,0.1875,0.1875,0.1875,0.1875,0.1875,0.1875,,,
5.96144008636475,0,0.1875,0.1875,0.1875,0.1875,0.1875,0.1875,,,
5.96344304084778,0,0.1875,0.1875,0.1875,0.1875,0.1875,0.1875,,,
5.96544599533081,0,0.1875,0.1875,0.1875,0.1875,0.1875,0.1875,,,
5.96744608879089,0,0.1875,0.1875,0.1875,0.1875,0.1875,0.1875,,,
5.96944904327393,0,0.1875,0.1875,0.1875,0.1875,0.1875,0.1875,,,
5.97144889831543,0,0.1875,0.1875,0.1875,0.1875,0.1875,0.1875,,,
5.97345209121704,0,0.1875,0.1875,0.1875,0.1875,0.1875,0.1875,,,
5.97545409202576,0,0.1875,0.1875,0.1875,0.1875,0.1875,0.1875,,,
5.97745490074158,0,0.1875,0.1875,0.1875,0.1875,0.1875,0.1875,,,
5.97945690155029,0,0.1875,0.1875,0.1875,0.1875,0.1875,0.1875,,,
5.98145794868469,0,0.1875,0.1875,0.1875,0.1875,0.1875,0.1875,,,
5.98346090316772,0,0.1875,0.1875,0.1875,0.1875,0.1875,0.1875,,,
5.98546290397644,0,0.1875,0.1875,0.1875,0.1875,0.1875,0.1875,,,
5.98746395111084,0,0.1875,0.1875,0.1875,0.1875,0.1875,0.1875,,,
5.98946595191956,0,0.1875,0.1875,0.1875,0.1875,0.1875,0.1875,,,
5.99146699905396,0,0.1875,0.1875,0.1875,0.1875,0.1875,0.1875,,,
5.99346899986267,0,0.1875,0.1875,0.1875,0.1875,0.1875,0.1875,,,
5.9954719543457,0,0.1875,0.1875,0.1875,0.1875,0.1875,0.1875,,,
5.99747204780579,0,0.1875,0.1875,0.1875,0.1875,0.1875,0.1875,,,
5.99947500228882,0,0.1875,0.1875,0.1875,0.1875,0.1875,0.1875,,,
6.00147604942322,0,0.1875,0.1875,0.1875,0.1875,0.1875,0.1875,,,
6.00347805023193,0,0.1875,0.1875,0.1875,0.1875,0.1875,0.1875,,,
6.00548100471497,0,0.1875,0.1875,0.1875,0.1875,0.1875,0.1875,,,
6.00748205184937,0,0.1875,0.1875,0.1875,0.1875,0.1875,0.1875,,,
6.00948405265808,0,0.1875,0.1875,0.1875,0.1875,0.1875,0.1875,,,
6.01148509979248,0,0.1875,0.1875,0.1875,0.1875,0.1875,0.1875,,,
6.01348805427551,0,0.1875,0.1875,0.1875,0.1875,0.1875,0.1875,,,
6.01548790931702,0,0.1875,0.1875,0.1875,0.1875,0.1875,0.1875,,,
6.01749110221863,0,0.1875,0.1875,0.1875,0.1875,0.1875,0.1875,,,
6.01949310302734,0,0.1875,0.1875,0.1875,0.1875,0.1875,0.1875,,,
6.02149391174316,0,0.1875,0.1875,0.1875,0.1875,0.1875,0.1875,,,
6.0234968662262,0,0.1875,0.1875,0.1875,0.1875,0.1875,0.1875,,,
6.02549695968628,0,0.1875,0.1875,0.1875,0.1875,0.1875,0.1875,,,
6.02749991416931,0,0.1875,0.1875,0.1875,0.1875,0.1875,0.1875,,,
6.02950286865234,0,0.1875,0.1875,0.1875,0.1875,0.1875,0.1875,,,
6.03150296211243,0,0.1875,0.1875,0.1875,0.1875,0.1875,0.1875,,,
6.03350591659546,0,0.1875,0.1875,0.1875,0.1875,0.1875,0.1875,,,
6.03550601005554,0,0.1875,0.1875,0.1875,0.1875,0.1875,0.1875,,,
6.03750896453857,0,0.1875,0.1875,0.1875,0.1875,0.1875,0.1875,,,
6.03951096534729,0,0.1875,0.1875,0.1875,0.1875,0.1875,0.1875,,,
6.04151201248169,0,0.1875,0.1875,0.1875,0.1875,0.1875,0.1875,,,
6.04351496696472,0,0.1875,0.1875,0.1875,0.1875,0.1875,0.1875,,,
6.0455150604248,0,0.1875,0.1875,0.1875,0.1875,0.1875,0.1875,,,
6.04751801490784,0,0.1875,0.1875,0.1875,0.1875,0.1875,0.1875,,,
6.04952096939087,0,0.1875,0.1875,0.1875,0.1875,0.1875,0.1875,,,
6.05152106285095,0,0.1875,0.1875,0.1875,0.1875,0.1875,0.1875,,,
6.05352401733398,0,0.1875,0.1875,0.1875,0.1875,0.1875,0.1875,,,
6.05552387237549,0,0.1875,0.1875,0.1875,0.1875,0.1875,0.1875,,,
6.0575270652771,0,0.1875,0.1875,0.1875,0.1875,0.1875,0.1875,,,
6.05953001976013,0,0.1875,0.1875,0.1875,0.1875,0.1875,0.1875,,,
6.0615930557251,0,0.1875,0.1875,0.1875,0.1875,0.1875,0.1875,,,
6.0635929107666,0,0.1875,0.1875,0.1875,0.1875,0.1875,0.1875,,,
6.06559586524963,0,0.1875,0.1875,0.1875,0.1875,0.1875,0.1875,,,
6.06759905815125,0,0.1875,0.1875,0.1875,0.1875,0.1875,0.1875,,,
6.06959891319275,0,0.1875,0.1875,0.1875,0.1875,0.1875,0.1875,,,
6.07160186767578,0,0.1875,0.1875,0.1875,0.1875,0.1875,0.1875,,,
6.07360291481018,0,0.1875,0.1875,0.1875,0.1875,0.1875,0.1875,,,
6.0756049156189,0,0.1875,0.1875,0.1875,0.1875,0.1875,0.1875,,,
6.07760787010193,0,0.1875,0.1875,0.1875,0.1875,0.1875,0.1875,,,
6.07960796356201,0,0.1875,0.1875,0.1875,0.1875,0.1875,0.1875,,,
6.08161091804504,0,0.1875,0.1875,0.1875,0.1875,0.1875,0.1875,,,
6.08361387252808,0,0.1875,0.1875,0.1875,0.1875,0.1875,0.1875,,,
6.08561396598816,0,0.1875,0.1875,0.1875,0.1875,0.1875,0.1875,,,
6.08761692047119,0,0.1875,0.1875,0.1875,0.1875,0.1875,0.1875,,,
6.08961987495422,0,0.1875,0.1875,0.1875,0.1875,0.1875,0.1875,,,
6.09161996841431,0,0.1875,0.1875,0.1875,0.1875,0.1875,0.1875,,,
6.09362292289734,0,0.1875,0.1875,0.1875,0.1875,0.1875,0.1875,,,
6.09562301635742,0,0.1875,0.1875,0.1875,0.1875,0.1875,0.1875,,,
6.09762597084045,0,0.1875,0.1875,0.1875,0.1875,0.1875,0.1875,,,
6.09962892532349,0,0.1875,0.1875,0.1875,0.1875,0.1875,0.1875,,,
6.10162901878357,0,0.1875,0.1875,0.1875,0.1875,0.1875,0.1875,,,
6.1036319732666,0,0.1875,0.1875,0.1875,0.1875,0.1875,0.1875,,,
6.10563206672668,0,0.1875,0.1875,0.1875,0.1875,0.1875,0.1875,,,
6.10763502120972,0,0.1875,0.1875,0.1875,0.1875,0.1875,0.1875,,,
6.10963606834412,0,0.1875,0.1875,0.1875,0.1875,0.1875,0.1875,,,
6.11163806915283,0,0.1875,0.1875,0.1875,0.1875,0.1875,0.1875,,,
6.11364102363586,0,0.1875,0.1875,0.1875,0.1875,0.1875,0.1875,,,
6.11564087867737,0,0.1875,0.1875,0.1875,0.1875,0.1875,0.1875,,,
6.11764407157898,0,0.1875,0.1875,0.1875,0.1875,0.1875,0.1875,,,
6.1196448802948,0,0.1875,0.1875,0.1875,0.1875,0.1875,0.1875,,,
6.12164807319641,0,0.1875,0.1875,0.1875,0.1875,0.1875,0.1875,,,
6.12364792823792,0,0.1875,0.1875,0.1875,0.1875,0.1875,0.1875,,,
6.12565088272095,0,0.1875,0.1875,0.1875,0.1875,0.1875,0.1875,,,
6.12765407562256,0,0.1875,0.1875,0.1875,0.1875,0.1875,0.1875,,,
6.12965393066406,0,0.1875,0.1875,0.1875,0.1875,0.1875,0.1875,,,
6.13165688514709,0,0.1875,0.1875,0.1875,0.1875,0.1875,0.1875,,,
6.13365697860718,0,0.1875,0.1875,0.1875,0.1875,0.1875,0.1875,,,
6.13565993309021,0,0.1875,0.1875,0.1875,0.1875,0.1875,0.1875,,,
6.13766002655029,0,0.1875,0.1875,0.1875,0.1875,0.1875,0.1875,,,
6.13966298103333,0,0.1875,0.1875,0.1875,0.1875,0.1875,0.1875,,,
6.14166593551636,0,0.1875,0.1875,0.1875,0.1875,0.1875,0.1875,,,
6.14366602897644,0,0.1875,0.1875,0.1875,0.1875,0.1875,0.1875,,,
6.14566898345947,0,0.1875,0.1875,0.1875,0.1875,0.1875,0.1875,,,
6.14766907691956,0,0.1875,0.1875,0.1875,0.1875,0.1875,0.1875,,,
6.14967203140259,0,0.1875,0.1875,0.1875,0.1875,0.1875,0.1875,,,
6.15167498588562,0,0.1875,0.1875,0.1875,0.1875,0.1875,0.1875,,,
6.1536750793457,0,0.1875,0.1875,0.1875,0.1875,0.1875,0.1875,,,
6.15567803382874,0,0.1875,0.1875,0.1875,0.1875,0.1875,0.1875,,,
6.15767788887024,0,0.1875,0.1875,0.1875,0.1875,0.1875,0.1875,,,
6.15968108177185,0,0.1875,0.1875,0.1875,0.1875,0.1875,0.1875,,,
6.16168189048767,0,0.1875,0.1875,0.1875,0.1875,0.1875,0.1875,,,
6.16368389129639,0,0.1875,0.1875,0.1875,0.1875,0.1875,0.1875,,,
6.165687084198,0,0.1875,0.1875,0.1875,0.1875,0.1875,0.1875,,,
6.16768789291382,0,0.1875,0.1875,0.1875,0.1875,0.1875,0.1875,,,
6.16968989372253,0,0.1875,0.1875,0.1875,0.1875,0.1875,0.1875,,,
6.17169094085693,0,0.1875,0.1875,0.1875,0.1875,0.1875,0.1875,,,
6.17369389533997,0,0.1875,0.1875,0.1875,0.1875,0.1875,0.1875,,,
6.17569398880005,0,0.1875,0.1875,0.1875,0.1875,0.1875,0.1875,,,
6.17769694328308,0,0.1875,0.1875,0.1875,0.1875,0.1875,0.1875,,,
6.1796989440918,0,0.1875,0.1875,0.1875,0.1875,0.1875,0.1875,,,
6.1816999912262,0,0.1875,0.1875,0.1875,0.1875,0.1875,0.1875,,,
6.18370294570923,0,0.1875,0.1875,0.1875,0.1875,0.1875,0.1875,,,
6.18570303916931,0,0.1875,0.1875,0.1875,0.1875,0.1875,0.1875,,,
6.18770599365234,0,0.1875,0.1875,0.1875,0.1875,0.1875,0.1875,,,
6.18970608711243,0,0.1875,0.1875,0.1875,0.1875,0.1875,0.1875,,,
6.19170904159546,0,0.1875,0.1875,0.1875,0.1875,0.1875,0.1875,,,
6.19371199607849,0,0.1875,0.1875,0.1875,0.1875,0.1875,0.1875,,,
6.19571208953857,0,0.1875,0.1875,0.1875,0.1875,0.1875,0.1875,,,
6.19771504402161,0,0.1875,0.1875,0.1875,0.1875,0.1875,0.1875,,,
6.19971489906311,0,0.1875,0.1875,0.1875,0.1875,0.1875,0.1875,,,
6.20171809196472,0,0.1875,0.1875,0.1875,0.1875,0.1875,0.1875,,,
6.20371794700623,0,0.1875,0.1875,0.1875,0.1875,0.1875,0.1875,,,
6.20572090148926,0,0.1875,0.1875,0.1875,0.1875,0.1875,0.1875,,,
6.20772409439087,0,0.1875,0.1875,0.1875,0.1875,0.1875,0.1875,,,
6.20972394943237,0,0.1875,0.1875,0.1875,0.1875,0.1875,0.1875,,,
6.21172690391541,0,0.1875,0.1875,0.1875,0.1875,0.1875,0.1875,,,
6.21372699737549,0,0.1875,0.1875,0.1875,0.1875,0.1875,0.1875,,,
6.21572995185852,0,0.1875,0.1875,0.1875,0.1875,0.1875,0.1875,,,
6.21773290634155,0,0.1875,0.1875,0.1875,0.1875,0.1875,0.1875,,,
6.21973299980164,0,0.1875,0.1875,0.1875,0.1875,0.1875,0.1875,,,
6.22173595428467,0,0.1875,0.1875,0.1875,0.1875,0.1875,0.1875,,,
6.22373700141907,0,0.1875,0.1875,0.1875,0.1875,0.1875,0.1875,,,
6.22573900222778,0,0.1875,0.1875,0.1875,0.1875,0.1875,0.1875,,,
6.22774004936218,0,0.1875,0.1875,0.1875,0.1875,0.1875,0.1875,,,
6.22974300384521,0,0.1875,0.1875,0.1875,0.1875,0.1875,0.1875,,,
6.23174500465393,0,0.1875,0.1875,0.1875,0.1875,0.1875,0.1875,,,
6.23374605178833,0,0.1875,0.1875,0.1875,0.1875,0.1875,0.1875,,,
6.23574805259705,0,0.1875,0.1875,0.1875,0.1875,0.1875,0.1875,,,
6.23775100708008,0,0.1875,0.1875,0.1875,0.1875,0.1875,0.1875,,,
6.23975110054016,0,0.1875,0.1875,0.1875,0.1875,0.1875,0.1875,,,
6.24175405502319,0,0.1875,0.1875,0.1875,0.1875,0.1875,0.1875,,,
6.24375510215759,0,0.1875,0.1875,0.1875,0.1875,0.1875,0.1875,,,
6.24575710296631,0,0.1875,0.1875,0.1875,0.1875,0.1875,0.1875,,,
6.24776005744934,0,0.1875,0.1875,0.1875,0.1875,0.1875,0.1875,,,
6.24975991249084,0,0.1875,0.1875,0.1875,0.1875,0.1875,0.1875,,,
6.25176286697388,0,0.1875,0.1875,0.1875,0.1875,0.1875,0.1875,,,
6.25376391410828,0,0.1875,0.1875,0.1875,0.1875,0.1875,0.1875,,,
6.25576591491699,0,0.1875,0.1875,0.1875,0.1875,0.1875,0.1875,,,
6.25776886940002,0,0.1875,0.1875,0.1875,0.1875,0.1875,0.1875,,,
6.25976991653442,0,0.1875,0.1875,0.1875,0.1875,0.1875,0.1875,,,
6.26177191734314,0,0.1875,0.1875,0.1875,0.1875,0.1875,0.1875,,,
6.26377296447754,0,0.1875,0.1875,0.1875,0.1875,0.1875,0.1875,,,
6.26577496528625,0,0.1875,0.1875,0.1875,0.1875,0.1875,0.1875,,,
6.26777791976929,0,0.1875,0.1875,0.1875,0.1875,0.1875,0.1875,,,
6.26977896690369,0,0.1875,0.1875,0.1875,0.1875,0.1875,0.1875,,,
6.2717809677124,0,0.1875,0.1875,0.1875,0.1875,0.1875,0.1875,,,
6.2737820148468,0,0.1875,0.1875,0.1875,0.1875,0.1875,0.1875,,,
6.27578496932983,0,0.1875,0.1875,0.1875,0.1875,0.1875,0.1875,,,
6.27778792381287,0,0.1875,0.1875,0.1875,0.1875,0.1875,0.1875,,,
6.27978801727295,0,0.1875,0.1875,0.1875,0.1875,0.1875,0.1875,,,
6.28179097175598,0,0.1875,0.1875,0.1875,0.1875,0.1875,0.1875,,,
6.28379106521606,0,0.1875,0.1875,0.1875,0.1875,0.1875,0.1875,,,
6.2857940196991,0,0.1875,0.1875,0.1875,0.1875,0.1875,0.1875,,,
6.2877938747406,0,0.1875,0.1875,0.1875,0.1875,0.1875,0.1875,,,
6.28979706764221,0,0.1875,0.1875,0.1875,0.1875,0.1875,0.1875,,,
6.29180002212524,0,0.1875,0.1875,0.1875,0.1875,0.1875,0.1875,,,
6.29379987716675,0,0.1875,0.1875,0.1875,0.1875,0.1875,0.1875,,,
6.29580307006836,0,0.1875,0.1875,0.1875,0.1875,0.1875,0.1875,,,
6.29780602455139,0,0.1875,0.1875,0.1875,0.1875,0.1875,0.1875,,,
6.2998058795929,0,0.1875,0.1875,0.1875,0.1875,0.1875,0.1875,,,
6.30180907249451,0,0.1875,0.1875,0.1875,0.1875,0.1875,0.1875,,,
6.30380892753601,0,0.1875,0.1875,0.1875,0.1875,0.1875,0.1875,,,
6.30581188201904,0,0.1875,0.1875,0.1875,0.1875,0.1875,0.1875,,,
6.30781507492065,0,0.1875,0.1875,0.1875,0.1875,0.1875,0.1875,,,
6.30981492996216,0,0.1875,0.1875,0.1875,0.1875,0.1875,0.1875,,,
6.31181788444519,0,0.1875,0.1875,0.1875,0.1875,0.1875,0.1875,,,
6.31381797790527,0,0.1875,0.1875,0.1875,0.1875,0.1875,0.1875,,,
6.31582093238831,0,0.1875,0.1875,0.1875,0.1875,0.1875,0.1875,,,
6.31782388687134,0,0.1875,0.1875,0.1875,0.1875,0.1875,0.1875,,,
6.31982398033142,0,0.1875,0.1875,0.1875,0.1875,0.1875,0.1875,,,
6.32182693481445,0,0.1875,0.1875,0.1875,0.1875,0.1875,0.1875,,,
6.32382702827454,0,0.1875,0.1875,0.1875,0.1875,0.1875,0.1875,,,
6.32582998275757,0,0.1875,0.1875,0.1875,0.1875,0.1875,0.1875,,,
6.32783007621765,0,0.1875,0.1875,0.1875,0.1875,0.1875,0.1875,,,
6.32983303070068,0,0.1875,0.1875,0.1875,0.1875,0.1875,0.1875,,,
6.33183598518372,0,0.1875,0.1875,0.1875,0.1875,0.1875,0.1875,,,
6.3338360786438,0,0.1875,0.1875,0.1875,0.1875,0.1875,0.1875,,,
6.33583903312683,0,0.1875,0.1875,0.1875,0.1875,0.1875,0.1875,,,
6.33783888816834,0,0.1875,0.1875,0.1875,0.1875,0.1875,0.1875,,,
6.33984208106995,0,0.1875,0.1875,0.1875,0.1875,0.1875,0.1875,,,
6.34184193611145,0,0.1875,0.1875,0.1875,0.1875,0.1875,0.1875,,,
6.34384489059448,0,0.1875,0.1875,0.1875,0.1875,0.1875,0.1875,,,
6.34584808349609,0,0.1875,0.1875,0.1875,0.1875,0.1875,0.1875,,,
6.3478479385376,0,0.1875,0.1875,0.1875,0.1875,0.1875,0.1875,,,
6.34985089302063,0,0.1875,0.1875,0.1875,0.1875,0.1875,0.1875,,,
6.35185098648071,0,0.1875,0.1875,0.1875,0.1875,0.1875,0.1875,,,
6.35385394096375,0,0.1875,0.1875,0.1875,0.1875,0.1875,0.1875,,,
6.35585403442383,0,0.1875,0.1875,0.1875,0.1875,0.1875,0.1875,,,
6.35785698890686,0,0.1875,0.1875,0.1875,0.1875,0.1875,0.1875,,,
6.35985994338989,0,0.1875,0.1875,0.1875,0.1875,0.1875,0.1875,,,
6.36186003684998,0,0.1875,0.1875,0.1875,0.1875,0.1875,0.1875,,,
6.36386299133301,0,0.1875,0.1875,0.1875,0.1875,0.1875,0.1875,,,
6.36586308479309,0,0.1875,0.1875,0.1875,0.1875,0.1875,0.1875,,,
6.36786603927612,0,0.1875,0.1875,0.1875,0.1875,0.1875,0.1875,,,
6.36986589431763,0,0.1875,0.1875,0.1875,0.1875,0.1875,0.1875,,,
6.37186908721924,0,0.1875,0.1875,0.1875,0.1875,0.1875,0.1875,,,
6.37387204170227,0,0.1875,0.1875,0.1875,0.1875,0.1875,0.1875,,,
6.37587189674377,0,0.1875,0.1875,0.1875,0.1875,0.1875,0.1875,,,
6.37787508964539,0,0.1875,0.1875,0.1875,0.1875,0.1875,0.1875,,,
6.37987494468689,0,0.1875,0.1875,0.1875,0.1875,0.1875,0.1875,,,
6.38187789916992,0,0.1875,0.1875,0.1875,0.1875,0.1875,0.1875,,,
6.38388109207153,0,0.1875,0.1875,0.1875,0.1875,0.1875,0.1875,,,
6.38588094711304,0,0.1875,0.1875,0.1875,0.1875,0.1875,0.1875,,,
6.38788390159607,0,0.1875,0.1875,0.1875,0.1875,0.1875,0.1875,,,
6.38988399505615,0,0.1875,0.1875,0.1875,0.1875,0.1875,0.1875,,,
6.39188694953918,0,0.1875,0.1875,0.1875,0.1875,0.1875,0.1875,,,
6.39388799667358,0,0.1875,0.1875,0.1875,0.1875,0.1875,0.1875,,,
6.3958899974823,0,0.1875,0.1875,0.1875,0.1875,0.1875,0.1875,,,
6.3978910446167,0,0.1875,0.1875,0.1875,0.1875,0.1875,0.1875,,,
6.39989304542542,0,0.1875,0.1875,0.1875,0.1875,0.1875,0.1875,,,
6.40189599990845,0,0.1875,0.1875,0.1875,0.1875,0.1875,0.1875,,,
6.40389609336853,0,0.1875,0.1875,0.1875,0.1875,0.1875,0.1875,,,
6.40589904785156,0,0.1875,0.1875,0.1875,0.1875,0.1875,0.1875,,,
6.40790200233459,0,0.1875,0.1875,0.1875,0.1875,0.1875,0.1875,,,
6.40990209579468,0,0.1875,0.1875,0.1875,0.1875,0.1875,0.1875,,,
6.41190505027771,0,0.1875,0.1875,0.1875,0.1875,0.1875,0.1875,,,
6.41390490531921,0,0.1875,0.1875,0.1875,0.1875,0.1875,0.1875,,,
6.41590809822083,0,0.1875,0.1875,0.1875,0.1875,0.1875,0.1875,,,
6.41790890693665,0,0.1875,0.1875,0.1875,0.1875,0.1875,0.1875,,,
6.41991090774536,0,0.1875,0.1875,0.1875,0.1875,0.1875,0.1875,,,
6.42191410064697,0,0.1875,0.1875,0.1875,0.1875,0.1875,0.1875,,,
6.42391490936279,0,0.1875,0.1875,0.1875,0.1875,0.1875,0.1875,,,
6.4259181022644,0,0.1875,0.1875,0.1875,0.1875,0.1875,0.1875,,,
6.42791795730591,0,0.1875,0.1875,0.1875,0.1875,0.1875,0.1875,,,
6.42992091178894,0,0.1875,0.1875,0.1875,0.1875,0.1875,0.1875,,,
6.43192100524902,0,0.1875,0.1875,0.1875,0.1875,0.1875,0.1875,,,
6.43392395973206,0,0.1875,0.1875,0.1875,0.1875,0.1875,0.1875,,,
6.43592691421509,0,0.1875,0.1875,0.1875,0.1875,0.1875,0.1875,,,
6.43792700767517,0,0.1875,0.1875,0.1875,0.1875,0.1875,0.1875,,,
6.4399299621582,0,0.1875,0.1875,0.1875,0.1875,0.1875,0.1875,,,
6.44193005561829,0,0.1875,0.1875,0.1875,0.1875,0.1875,0.1875,,,
6.44393301010132,0,0.1875,0.1875,0.1875,0.1875,0.1875,0.1875,,,
6.44593286514282,0,0.1875,0.1875,0.1875,0.1875,0.1875,0.1875,,,
6.44793605804443,0,0.1875,0.1875,0.1875,0.1875,0.1875,0.1875,,,
6.44993901252747,0,0.1875,0.1875,0.1875,0.1875,0.1875,0.1875,,,
6.45193886756897,0,0.1875,0.1875,0.1875,0.1875,0.1875,0.1875,,,
6.45394206047058,0,0.1875,0.1875,0.1875,0.1875,0.1875,0.1875,,,
6.45594191551209,0,0.1875,0.1875,0.1875,0.1875,0.1875,0.1875,,,
6.45794486999512,0,0.1875,0.1875,0.1875,0.1875,0.1875,0.1875,,,
6.45994806289673,0,0.1875,0.1875,0.1875,0.1875,0.1875,0.1875,,,
6.46194791793823,0,0.1875,0.1875,0.1875,0.1875,0.1875,0.1875,,,
6.46395087242126,0,0.1875,0.1875,0.1875,0.1875,0.1875,0.1875,,,
6.46595096588135,0,0.1875,0.1875,0.1875,0.1875,0.1875,0.1875,,,
6.46795392036438,0,0.1875,0.1875,0.1875,0.1875,0.1875,0.1875,,,
6.46995401382446,0,0.1875,0.1875,0.1875,0.1875,0.1875,0.1875,,,
6.4719569683075,0,0.1875,0.1875,0.1875,0.1875,0.1875,0.1875,,,
6.47395801544189,0,0.1875,0.1875,0.1875,0.1875,0.1875,0.1875,,,
6.47596001625061,0,0.1875,0.1875,0.1875,0.1875,0.1875,0.1875,,,
6.47796106338501,0,0.1875,0.1875,0.1875,0.1875,0.1875,0.1875,,,
6.47996401786804,0,0.1875,0.1875,0.1875,0.1875,0.1875,0.1875,,,
6.48196601867676,0,0.1875,0.1875,0.1875,0.1875,0.1875,0.1875,,,
6.48396706581116,0,0.1875,0.1875,0.1875,0.1875,0.1875,0.1875,,,
6.48596906661987,0,0.1875,0.1875,0.1875,0.1875,0.1875,0.1875,,,
6.48796987533569,0,0.1875,0.1875,0.1875,0.1875,0.1875,0.1875,,,
6.4899730682373,0,0.1875,0.1875,0.1875,0.1875,0.1875,0.1875,,,
6.49197506904602,0,0.1875,0.1875,0.1875,0.1875,0.1875,0.1875,,,
6.49397587776184,0,0.1875,0.1875,0.1875,0.1875,0.1875,0.1875,,,
6.49597787857056,0,0.1875,0.1875,0.1875,0.1875,0.1875,0.1875,,,
6.49797892570496,0,0.1875,0.1875,0.1875,0.1875,0.1875,0.1875,,,
6.49998092651367,0,0.1875,0.1875,0.1875,0.1875,0.1875,0.1875,,,
6.5019838809967,0,0.1875,0.1875,0.1875,0.1875,0.1875,0.1875,,,
6.5039849281311,0,0.1875,0.1875,0.1875,0.1875,0.1875,0.1875,,,
6.50598692893982,0,0.1875,0.1875,0.1875,0.1875,0.1875,0.1875,,,
6.50798797607422,0,0.1875,0.1875,0.1875,0.1875,0.1875,0.1875,,,
6.50999093055725,0,0.1875,0.1875,0.1875,0.1875,0.1875,0.1875,,,
6.51199102401733,0,0.1875,0.1875,0.1875,0.1875,0.1875,0.1875,,,
6.51399397850037,0,0.1875,0.1875,0.1875,0.1875,0.1875,0.1875,,,
6.51599407196045,0,0.1875,0.1875,0.1875,0.1875,0.1875,0.1875,,,
6.51799702644348,0,0.1875,0.1875,0.1875,0.1875,0.1875,0.1875,,,
6.51999998092651,0,0.1875,0.1875,0.1875,0.1875,0.1875,0.1875,,,
6.5220000743866,0,0.1875,0.1875,0.1875,0.1875,0.1875,0.1875,,,
6.52400302886963,0,0.1875,0.1875,0.1875,0.1875,0.1875,0.1875,,,
6.52600288391113,0,0.1875,0.1875,0.1875,0.1875,0.1875,0.1875,,,
6.52800607681274,0,0.1875,0.1875,0.1875,0.1875,0.1875,0.1875,,,
6.53000593185425,0,0.1875,0.1875,0.1875,0.1875,0.1875,0.1875,,,
6.53200888633728,0,0.1875,0.1875,0.1875,0.1875,0.1875,0.1875,,,
6.53401207923889,0,0.1875,0.1875,0.1875,0.1875,0.1875,0.1875,,,
6.5360119342804,0,0.1875,0.1875,0.1875,0.1875,0.1875,0.1875,,,
6.53801488876343,0,0.1875,0.1875,0.1875,0.1875,0.1875,0.1875,,,
6.54001498222351,0,0.1875,0.1875,0.1875,0.1875,0.1875,0.1875,,,
6.54201793670654,0,0.1875,0.1875,0.1875,0.1875,0.1875,0.1875,,,
6.54401898384094,0,0.1875,0.1875,0.1875,0.1875,0.1875,0.1875,,,
6.54602098464966,0,0.1875,0.1875,0.1875,0.1875,0.1875,0.1875,,,
6.54802393913269,0,0.1875,0.1875,0.1875,0.1875,0.1875,0.1875,,,
6.55002403259277,0,0.1875,0.1875,0.1875,0.1875,0.1875,0.1875,,,
6.55202698707581,0,0.1875,0.1875,0.1875,0.1875,0.1875,0.1875,,,
6.55402803421021,0,0.1875,0.1875,0.1875,0.1875,0.1875,0.1875,,,
6.55603003501892,0,0.1875,0.1875,0.1875,0.1875,0.1875,0.1875,,,
6.55803108215332,0,0.1875,0.1875,0.1875,0.1875,0.1875,0.1875,,,
6.56008791923523,0,0.1875,0.1875,0.1875,0.1875,0.1875,0.1875,,,
6.56208896636963,0,0.1875,0.1875,0.1875,0.1875,0.1875,0.1875,,,
6.56409192085266,0,0.1875,0.1875,0.1875,0.1875,0.1875,0.1875,,,
6.56609201431274,0,0.1875,0.1875,0.1875,0.1875,0.1875,0.1875,,,
6.56809496879578,0,0.1875,0.1875,0.1875,0.1875,0.1875,0.1875,,,
6.57009792327881,0,0.1875,0.1875,0.1875,0.1875,0.1875,0.1875,,,
6.57209801673889,0,0.1875,0.1875,0.1875,0.1875,0.1875,0.1875,,,
6.57410097122192,0,0.1875,0.1875,0.1875,0.1875,0.1875,0.1875,,,
6.57610106468201,0,0.1875,0.1875,0.1875,0.1875,0.1875,0.1875,,,
6.57810401916504,0,0.1875,0.1875,0.1875,0.1875,0.1875,0.1875,,,
6.58010387420654,0,0.1875,0.1875,0.1875,0.1875,0.1875,0.1875,,,
6.58210706710815,0,0.1875,0.1875,0.1875,0.1875,0.1875,0.1875,,,
6.58411002159119,0,0.1875,0.1875,0.1875,0.1875,0.1875,0.1875,,,
6.58610987663269,0,0.1875,0.1875,0.1875,0.1875,0.1875,0.1875,,,
6.5881130695343,0,0.1875,0.1875,0.1875,0.1875,0.1875,0.1875,,,
6.59011292457581,0,0.1875,0.1875,0.1875,0.1875,0.1875,0.1875,,,
6.59211587905884,0,0.1875,0.1875,0.1875,0.1875,0.1875,0.1875,,,
6.59411597251892,0,0.1875,0.1875,0.1875,0.1875,0.1875,0.1875,,,
6.59611892700195,0,0.1875,0.1875,0.1875,0.1875,0.1875,0.1875,,,
6.59812188148499,0,0.1875,0.1875,0.1875,0.1875,0.1875,0.1875,,,
6.60012197494507,0,0.1875,0.1875,0.1875,0.1875,0.1875,0.1875,,,
6.6021249294281,0,0.1875,0.1875,0.1875,0.1875,0.1875,0.1875,,,
6.60412502288818,0,0.1875,0.1875,0.1875,0.1875,0.1875,0.1875,,,
6.60612797737122,0,0.1875,0.1875,0.1875,0.1875,0.1875,0.1875,,,
6.60812902450562,0,0.1875,0.1875,0.1875,0.1875,0.1875,0.1875,,,
6.61013102531433,0,0.1875,0.1875,0.1875,0.1875,0.1875,0.1875,,,
6.61213397979736,0,0.1875,0.1875,0.1875,0.1875,0.1875,0.1875,,,
6.61413407325745,0,0.1875,0.1875,0.1875,0.1875,0.1875,0.1875,,,
6.61613702774048,0,0.1875,0.1875,0.1875,0.1875,0.1875,0.1875,,,
6.61813807487488,0,0.1875,0.1875,0.1875,0.1875,0.1875,0.1875,,,
6.62014007568359,0,0.1875,0.1875,0.1875,0.1875,0.1875,0.1875,,,
6.62214303016663,0,0.1875,0.1875,0.1875,0.1875,0.1875,0.1875,,,
6.62414407730103,0,0.1875,0.1875,0.1875,0.1875,0.1875,0.1875,,,
6.62614607810974,0,0.1875,0.1875,0.1875,0.1875,0.1875,0.1875,,,
6.62814688682556,0,0.1875,0.1875,0.1875,0.1875,0.1875,0.1875,,,
6.63015007972717,0,0.1875,0.1875,0.1875,0.1875,0.1875,0.1875,,,
6.63214993476868,0,0.1875,0.1875,0.1875,0.1875,0.1875,0.1875,,,
6.63415288925171,0,0.1875,0.1875,0.1875,0.1875,0.1875,0.1875,,,
6.63615298271179,0,0.1875,0.1875,0.1875,0.1875,0.1875,0.1875,,,
6.63815593719482,0,0.1875,0.1875,0.1875,0.1875,0.1875,0.1875,,,
6.64015889167786,0,0.1875,0.1875,0.1875,0.1875,0.1875,0.1875,,,
6.64215898513794,0,0.1875,0.1875,0.1875,0.1875,0.1875,0.1875,,,
6.64416193962097,0,0.1875,0.1875,0.1875,0.1875,0.1875,0.1875,,,
6.64616203308105,0,0.1875,0.1875,0.1875,0.1875,0.1875,0.1875,,,
6.64816498756409,0,0.1875,0.1875,0.1875,0.1875,0.1875,0.1875,,,
6.65016794204712,0,0.1875,0.1875,0.1875,0.1875,0.1875,0.1875,,,
6.6521680355072,0,0.1875,0.1875,0.1875,0.1875,0.1875,0.1875,,,
6.65417098999023,0,0.1875,0.1875,0.1875,0.1875,0.1875,0.1875,,,
6.65617108345032,0,0.1875,0.1875,0.1875,0.1875,0.1875,0.1875,,,
6.65817403793335,0,0.1875,0.1875,0.1875,0.1875,0.1875,0.1875,,,
6.66017699241638,0,0.1875,0.1875,0.1875,0.1875,0.1875,0.1875,,,
6.66217708587646,0,0.1875,0.1875,0.1875,0.1875,0.1875,0.1875,,,
6.6641800403595,0,0.1875,0.1875,0.1875,0.1875,0.1875,0.1875,,,
6.66618299484253,0,0.1875,0.1875,0.1875,0.1875,0.1875,0.1875,,,
6.66818308830261,0,0.1875,0.1875,0.1875,0.1875,0.1875,0.1875,,,
6.67018604278564,0,0.1875,0.1875,0.1875,0.1875,0.1875,0.1875,,,
6.67218589782715,0,0.1875,0.1875,0.1875,0.1875,0.1875,0.1875,,,
6.67418909072876,0,0.1875,0.1875,0.1875,0.1875,0.1875,0.1875,,,
6.67618894577026,0,0.1875,0.1875,0.1875,0.1875,0.1875,0.1875,,,
6.6781919002533,0,0.1875,0.1875,0.1875,0.1875,0.1875,0.1875,,,
6.68019509315491,0,0.1875,0.1875,0.1875,0.1875,0.1875,0.1875,,,
6.68219494819641,0,0.1875,0.1875,0.1875,0.1875,0.1875,0.1875,,,
6.68419790267944,0,0.1875,0.1875,0.1875,0.1875,0.1875,0.1875,,,
6.68619990348816,0,0.1875,0.1875,0.1875,0.1875,0.1875,0.1875,,,
6.68820095062256,0,0.1875,0.1875,0.1875,0.1875,0.1875,0.1875,,,
6.69020390510559,0,0.1875,0.1875,0.1875,0.1875,0.1875,0.1875,,,
6.69220399856567,0,0.1875,0.1875,0.1875,0.1875,0.1875,0.1875,,,
6.69420695304871,0,0.1875,0.1875,0.1875,0.1875,0.1875,0.1875,,,
6.69620704650879,0,0.1875,0.1875,0.1875,0.1875,0.1875,0.1875,,,
6.69821000099182,0,0.1875,0.1875,0.1875,0.1875,0.1875,0.1875,,,
6.70021295547485,0,0.1875,0.1875,0.1875,0.1875,0.1875,0.1875,,,
6.70221304893494,0,0.1875,0.1875,0.1875,0.1875,0.1875,0.1875,,,
6.70421600341797,0,0.1875,0.1875,0.1875,0.1875,0.1875,0.1875,,,
6.70621609687805,0,0.1875,0.1875,0.1875,0.1875,0.1875,0.1875,,,
6.70821905136108,0,0.1875,0.1875,0.1875,0.1875,0.1875,0.1875,,,
6.71022200584412,0,0.1875,0.1875,0.1875,0.1875,0.1875,0.1875,,,
6.7122220993042,0,0.1875,0.1875,0.1875,0.1875,0.1875,0.1875,,,
6.71422505378723,0,0.1875,0.1875,0.1875,0.1875,0.1875,0.1875,,,
6.71622490882874,0,0.1875,0.1875,0.1875,0.1875,0.1875,0.1875,,,
6.71822690963745,0,0.1875,0.1875,0.1875,0.1875,0.1875,0.1875,,,
6.72023010253906,0,0.1875,0.1875,0.1875,0.1875,0.1875,0.1875,,,
6.72223091125488,0,0.1875,0.1875,0.1875,0.1875,0.1875,0.1875,,,
6.72423386573792,0,0.1875,0.1875,0.1875,0.1875,0.1875,0.1875,,,
6.726233959198,0,0.1875,0.1875,0.1875,0.1875,0.1875,0.1875,,,
6.72823691368103,0,0.1875,0.1875,0.1875,0.1875,0.1875,0.1875,,,
6.73023700714111,0,0.1875,0.1875,0.1875,0.1875,0.1875,0.1875,,,
6.73223996162415,0,0.1875,0.1875,0.1875,0.1875,0.1875,0.1875,,,
6.73424100875854,0,0.1875,0.1875,0.1875,0.1875,0.1875,0.1875,,,
6.73624396324158,0,0.1875,0.1875,0.1875,0.1875,0.1875,0.1875,,,
6.73824405670166,0,0.1875,0.1875,0.1875,0.1875,0.1875,0.1875,,,
6.74024701118469,0,0.1875,0.1875,0.1875,0.1875,0.1875,0.1875,,,
6.7422468662262,0,0.1875,0.1875,0.1875,0.1875,0.1875,0.1875,,,
6.74425005912781,0,0.1875,0.1875,0.1875,0.1875,0.1875,0.1875,,,
6.74625086784363,0,0.1875,0.1875,0.1875,0.1875,0.1875,0.1875,,,
6.74825406074524,0,0.1875,0.1875,0.1875,0.1875,0.1875,0.1875,,,
6.75025391578674,0,0.1875,0.1875,0.1875,0.1875,0.1875,0.1875,,,
6.75225687026978,0,0.1875,0.1875,0.1875,0.1875,0.1875,0.1875,,,
6.75425791740417,0,0.1875,0.1875,0.1875,0.1875,0.1875,0.1875,,,
6.75625991821289,0,0.1875,0.1875,0.1875,0.1875,0.1875,0.1875,,,
6.75826287269592,0,0.1875,0.1875,0.1875,0.1875,0.1875,0.1875,,,
6.76026391983032,0,0.1875,0.1875,0.1875,0.1875,0.1875,0.1875,,,
6.76226687431335,0,0.1875,0.1875,0.1875,0.1875,0.1875,0.1875,,,
6.76426696777344,0,0.1875,0.1875,0.1875,0.1875,0.1875,0.1875,,,
6.76626992225647,0,0.1875,0.1875,0.1875,0.1875,0.1875,0.1875,,,
6.76827096939087,0,0.1875,0.1875,0.1875,0.1875,0.1875,0.1875,,,
6.7702739238739,0,0.1875,0.1875,0.1875,0.1875,0.1875,0.1875,,,
6.77227401733398,0,0.1875,0.1875,0.1875,0.1875,0.1875,0.1875,,,
6.77427697181702,0,0.1875,0.1875,0.1875,0.1875,0.1875,0.1875,,,
6.7762770652771,0,0.1875,0.1875,0.1875,0.1875,0.1875,0.1875,,,
6.77828001976013,0,0.1875,0.1875,0.1875,0.1875,0.1875,0.1875,,,
6.78028106689453,0,0.1875,0.1875,0.1875,0.1875,0.1875,0.1875,,,
6.78228402137756,0,0.1875,0.1875,0.1875,0.1875,0.1875,0.1875,,,
6.78428387641907,0,0.1875,0.1875,0.1875,0.1875,0.1875,0.1875,,,
6.78628706932068,0,0.1875,0.1875,0.1875,0.1875,0.1875,0.1875,,,
6.78828907012939,0,0.1875,0.1875,0.1875,0.1875,0.1875,0.1875,,,
6.7902889251709,0,0.1875,0.1875,0.1875,0.1875,0.1875,0.1875,,,
6.79229187965393,0,0.1875,0.1875,0.1875,0.1875,0.1875,0.1875,,,
6.79429507255554,0,0.1875,0.1875,0.1875,0.1875,0.1875,0.1875,,,
6.79629492759705,0,0.1875,0.1875,0.1875,0.1875,0.1875,0.1875,,,
6.79829788208008,0,0.1875,0.1875,0.1875,0.1875,0.1875,0.1875,,,
6.80029797554016,0,0.1875,0.1875,0.1875,0.1875,0.1875,0.1875,,,
6.80230093002319,0,0.1875,0.1875,0.1875,0.1875,0.1875,0.1875,,,
6.80430293083191,0,0.1875,0.1875,0.1875,0.1875,0.1875,0.1875,,,
6.80630397796631,0,0.1875,0.1875,0.1875,0.1875,0.1875,0.1875,,,
6.80830597877502,0,0.1875,0.1875,0.1875,0.1875,0.1875,0.1875,,,
6.81030893325806,0,0.1875,0.1875,0.1875,0.1875,0.1875,0.1875,,,
6.81230902671814,0,0.1875,0.1875,0.1875,0.1875,0.1875,0.1875,,,
6.81431102752686,0,0.1875,0.1875,0.1875,0.1875,0.1875,0.1875,,,
6.81631398200989,0,0.1875,0.1875,0.1875,0.1875,0.1875,0.1875,,,
6.81831407546997,0,0.1875,0.1875,0.1875,0.1875,0.1875,0.1875,,,
6.820317029953,0,0.1875,0.1875,0.1875,0.1875,0.1875,0.1875,,,
6.82231688499451,0,0.1875,0.1875,0.1875,0.1875,0.1875,0.1875,,,
6.82432007789612,0,0.1875,0.1875,0.1875,0.1875,0.1875,0.1875,,,
6.82632303237915,0,0.1875,0.1875,0.1875,0.1875,0.1875,0.1875,,,
6.82832288742065,0,0.1875,0.1875,0.1875,0.1875,0.1875,0.1875,,,
6.83032608032227,0,0.1875,0.1875,0.1875,0.1875,0.1875,0.1875,,,
6.83232808113098,0,0.1875,0.1875,0.1875,0.1875,0.1875,0.1875,,,
6.83432793617249,0,0.1875,0.1875,0.1875,0.1875,0.1875,0.1875,,,
6.83633089065552,0,0.1875,0.1875,0.1875,0.1875,0.1875,0.1875,,,
6.8383309841156,0,0.1875,0.1875,0.1875,0.1875,0.1875,0.1875,,,
6.84033393859863,0,0.1875,0.1875,0.1875,0.1875,0.1875,0.1875,,,
6.84233403205872,0,0.1875,0.1875,0.1875,0.1875,0.1875,0.1875,,,
6.84433698654175,0,0.1875,0.1875,0.1875,0.1875,0.1875,0.1875,,,
6.84633994102478,0,0.1875,0.1875,0.1875,0.1875,0.1875,0.1875,,,
6.84834003448486,0,0.1875,0.1875,0.1875,0.1875,0.1875,0.1875,,,
6.85034203529358,0,0.1875,0.1875,0.1875,0.1875,0.1875,0.1875,,,
6.85234498977661,0,0.1875,0.1875,0.1875,0.1875,0.1875,0.1875,,,
6.85434508323669,0,0.1875,0.1875,0.1875,0.1875,0.1875,0.1875,,,
6.85634803771973,0,0.1875,0.1875,0.1875,0.1875,0.1875,0.1875,,,
6.85835003852844,0,0.1875,0.1875,0.1875,0.1875,0.1875,0.1875,,,
6.86035108566284,0,0.1875,0.1875,0.1875,0.1875,0.1875,0.1875,,,
6.86235308647156,0,0.1875,0.1875,0.1875,0.1875,0.1875,0.1875,,,
6.86435389518738,0,0.1875,0.1875,0.1875,0.1875,0.1875,0.1875,,,
6.86635708808899,0,0.1875,0.1875,0.1875,0.1875,0.1875,0.1875,,,
6.86835694313049,0,0.1875,0.1875,0.1875,0.1875,0.1875,0.1875,,,
6.87036490440369,0,0.1875,0.1875,0.1875,0.1875,0.1875,0.1875,,,
6.8723669052124,0,0.1875,0.1875,0.1875,0.1875,0.1875,0.1875,,,
6.8743679523468,0,0.1875,0.1875,0.1875,0.1875,0.1875,0.1875,,,
6.87636804580688,0,0.1875,0.1875,0.1875,0.1875,0.1875,0.1875,,,
6.87836790084839,0,0.1875,0.1875,0.1875,0.1875,0.1875,0.1875,,,
6.88036894798279,0,0.1875,0.1875,0.1875,0.1875,0.1875,0.1875,,,
6.88236904144287,0,0.1875,0.1875,0.1875,0.1875,0.1875,0.1875,,,
6.8843719959259,0,0.1875,0.1875,0.1875,0.1875,0.1875,0.1875,,,
6.88637399673462,0,0.1875,0.1875,0.1875,0.1875,0.1875,0.1875,,,
6.88837504386902,0,0.1875,0.1875,0.1875,0.1875,0.1875,0.1875,,,
6.89037704467773,0,0.1875,0.1875,0.1875,0.1875,0.1875,0.1875,,,
6.89237809181213,0,0.1875,0.1875,0.1875,0.1875,0.1875,0.1875,,,
6.89438009262085,0,0.1875,0.1875,0.1875,0.1875,0.1875,0.1875,,,
6.89638304710388,0,0.1875,0.1875,0.1875,0.1875,0.1875,0.1875,,,
6.89838290214539,0,0.1875,0.1875,0.1875,0.1875,0.1875,0.1875,,,
6.900386095047,0,0.1875,0.1875,0.1875,0.1875,0.1875,0.1875,,,
6.9023859500885,0,0.1875,0.1875,0.1875,0.1875,0.1875,0.1875,,,
6.90438890457153,0,0.1875,0.1875,0.1875,0.1875,0.1875,0.1875,,,
6.90638995170593,0,0.1875,0.1875,0.1875,0.1875,0.1875,0.1875,,,
6.90839195251465,0,0.1875,0.1875,0.1875,0.1875,0.1875,0.1875,,,
6.91039299964905,0,0.1875,0.1875,0.1875,0.1875,0.1875,0.1875,,,
6.91239595413208,0,0.1875,0.1875,0.1875,0.1875,0.1875,0.1875,,,
6.91439604759216,0,0.1875,0.1875,0.1875,0.1875,0.1875,0.1875,,,
6.9163990020752,0,0.1875,0.1875,0.1875,0.1875,0.1875,0.1875,,,
6.91839909553528,0,0.1875,0.1875,0.1875,0.1875,0.1875,0.1875,,,
6.92040205001831,0,0.1875,0.1875,0.1875,0.1875,0.1875,0.1875,,,
6.92240500450134,0,0.1875,0.1875,0.1875,0.1875,0.1875,0.1875,,,
6.92440509796143,0,0.1875,0.1875,0.1875,0.1875,0.1875,0.1875,,,
6.92640805244446,0,0.1875,0.1875,0.1875,0.1875,0.1875,0.1875,,,
6.92840790748596,0,0.1875,0.1875,0.1875,0.1875,0.1875,0.1875,,,
6.93041110038757,0,0.1875,0.1875,0.1875,0.1875,0.1875,0.1875,,,
6.93241095542908,0,0.1875,0.1875,0.1875,0.1875,0.1875,0.1875,,,
6.93441390991211,0,0.1875,0.1875,0.1875,0.1875,0.1875,0.1875,,,
6.93641400337219,0,0.1875,0.1875,0.1875,0.1875,0.1875,0.1875,,,
6.93841695785522,0,0.1875,0.1875,0.1875,0.1875,0.1875,0.1875,,,
6.94041705131531,0,0.1875,0.1875,0.1875,0.1875,0.1875,0.1875,,,
6.94242000579834,0,0.1875,0.1875,0.1875,0.1875,0.1875,0.1875,,,
6.94442009925842,0,0.1875,0.1875,0.1875,0.1875,0.1875,0.1875,,,
6.94642305374146,0,0.1875,0.1875,0.1875,0.1875,0.1875,0.1875,,,
6.94842600822449,0,0.1875,0.1875,0.1875,0.1875,0.1875,0.1875,,,
6.95042610168457,0,0.1875,0.1875,0.1875,0.1875,0.1875,0.1875,,,
6.9524290561676,0,0.1875,0.1875,0.1875,0.1875,0.1875,0.1875,,,
6.954430103302,0,0.1875,0.1875,0.1875,0.1875,0.1875,0.1875,,,
6.95643186569214,0,0.1875,0.1875,0.1875,0.1875,0.1875,0.1875,,,
6.95843291282654,0,0.1875,0.1875,0.1875,0.1875,0.1875,0.1875,,,
6.96043491363525,0,0.1875,0.1875,0.1875,0.1875,0.1875,0.1875,,,
6.96243596076965,0,0.1875,0.1875,0.1875,0.1875,0.1875,0.1875,,,
6.96443796157837,0,0.1875,0.1875,0.1875,0.1875,0.1875,0.1875,,,
6.9664409160614,0,0.1875,0.1875,0.1875,0.1875,0.1875,0.1875,,,
6.9684419631958,0,0.1875,0.1875,0.1875,0.1875,0.1875,0.1875,,,
6.97044491767883,0,0.1875,0.1875,0.1875,0.1875,0.1875,0.1875,,,
6.97244501113892,0,0.1875,0.1875,0.1875,0.1875,0.1875,0.1875,,,
6.97444796562195,0,0.1875,0.1875,0.1875,0.1875,0.1875,0.1875,,,
6.97644805908203,0,0.1875,0.1875,0.1875,0.1875,0.1875,0.1875,,,
6.97845101356506,0,0.1875,0.1875,0.1875,0.1875,0.1875,0.1875,,,
6.98045086860657,0,0.1875,0.1875,0.1875,0.1875,0.1875,0.1875,,,
6.98245406150818,0,0.1875,0.1875,0.1875,0.1875,0.1875,0.1875,,,
6.984454870224,0,0.1875,0.1875,0.1875,0.1875,0.1875,0.1875,,,
6.98645687103271,0,0.1875,0.1875,0.1875,0.1875,0.1875,0.1875,,,
6.98845791816711,0,0.1875,0.1875,0.1875,0.1875,0.1875,0.1875,,,
6.99045991897583,0,0.1875,0.1875,0.1875,0.1875,0.1875,0.1875,,,
6.99246287345886,0,0.1875,0.1875,0.1875,0.1875,0.1875,0.1875,,,
6.99446392059326,0,0.1875,0.1875,0.1875,0.1875,0.1875,0.1875,,,
6.99646687507629,0,0.1875,0.1875,0.1875,0.1875,0.1875,0.1875,,,
6.99846696853638,0,0.1875,0.1875,0.1875,0.1875,0.1875,0.1875,,,
7.00046992301941,0,0.1875,0.1875,0.1875,0.1875,0.1875,0.1875,,,
7.00247001647949,0,0.1875,0.1875,0.1875,0.1875,0.1875,0.1875,,,
7.00447297096252,0,0.1875,0.1875,0.1875,0.1875,0.1875,0.1875,,,
7.00647497177124,0,0.1875,0.1875,0.1875,0.1875,0.1875,0.1875,,,
7.00847601890564,0,0.1875,0.1875,0.1875,0.1875,0.1875,0.1875,,,
7.01047897338867,0,0.1875,0.1875,0.1875,0.1875,0.1875,0.1875,,,
7.01247906684875,0,0.1875,0.1875,0.1875,0.1875,0.1875,0.1875,,,
7.01448202133179,0,0.1875,0.1875,0.1875,0.1875,0.1875,0.1875,,,
7.01648187637329,0,0.1875,0.1875,0.1875,0.1875,0.1875,0.1875,,,
7.0184850692749,0,0.1875,0.1875,0.1875,0.1875,0.1875,0.1875,,,
7.02048802375793,0,0.1875,0.1875,0.1875,0.1875,0.1875,0.1875,,,
7.02248787879944,0,0.1875,0.1875,0.1875,0.1875,0.1875,0.1875,,,
7.02449107170105,0,0.1875,0.1875,0.1875,0.1875,0.1875,0.1875,,,
7.02649092674255,0,0.1875,0.1875,0.1875,0.1875,0.1875,0.1875,,,
7.02849388122559,0,0.1875,0.1875,0.1875,0.1875,0.1875,0.1875,,,
7.03049397468567,0,0.1875,0.1875,0.1875,0.1875,0.1875,0.1875,,,
7.0324969291687,0,0.1875,0.1875,0.1875,0.1875,0.1875,0.1875,,,
7.03449988365173,0,0.1875,0.1875,0.1875,0.1875,0.1875,0.1875,,,
7.03649997711182,0,0.1875,0.1875,0.1875,0.1875,0.1875,0.1875,,,
7.03850293159485,0,0.1875,0.1875,0.1875,0.1875,0.1875,0.1875,,,
7.04050302505493,0,0.1875,0.1875,0.1875,0.1875,0.1875,0.1875,,,
7.04250597953796,0,0.1875,0.1875,0.1875,0.1875,0.1875,0.1875,,,
7.04450702667236,0,0.1875,0.1875,0.1875,0.1875,0.1875,0.1875,,,
7.04650902748108,0,0.1875,0.1875,0.1875,0.1875,0.1875,0.1875,,,
7.04851007461548,0,0.1875,0.1875,0.1875,0.1875,0.1875,0.1875,,,
7.05051207542419,0,0.1875,0.1875,0.1875,0.1875,0.1875,0.1875,,,
7.05251502990723,0,0.1875,0.1875,0.1875,0.1875,0.1875,0.1875,,,
7.05451607704163,0,0.1875,0.1875,0.1875,0.1875,0.1875,0.1875,,,
7.05651807785034,0,0.1875,0.1875,0.1875,0.1875,0.1875,0.1875,,,
7.05843496322632,0,0.1875,0.1875,0.1875,0.1875,0.1875,0.1875,,,
7.06043696403503,0,0.1875,0.1875,0.1875,0.1875,0.1875,0.1875,,,
7.06243801116943,0,0.1875,0.1875,0.1875,0.1875,0.1875,0.1875,,,
7.06444096565247,0,0.1875,0.1875,0.1875,0.1875,0.1875,0.1875,,,
7.06644105911255,0,0.1875,0.1875,0.1875,0.1875,0.1875,0.1875,,,
7.06844401359558,0,0.1875,0.1875,0.1875,0.1875,0.1875,0.1875,,,
7.07044386863709,0,0.1875,0.1875,0.1875,0.1875,0.1875,0.1875,,,
7.0724470615387,0,0.1875,0.1875,0.1875,0.1875,0.1875,0.1875,,,
7.0744469165802,0,0.1875,0.1875,0.1875,0.1875,0.1875,0.1875,,,
7.07644987106323,0,0.1875,0.1875,0.1875,0.1875,0.1875,0.1875,,,
7.07845187187195,0,0.1875,0.1875,0.1875,0.1875,0.1875,0.1875,,,
7.08045291900635,0,0.1875,0.1875,0.1875,0.1875,0.1875,0.1875,,,
7.08245491981506,0,0.1875,0.1875,0.1875,0.1875,0.1875,0.1875,,,
7.08445596694946,0,0.1875,0.1875,0.1875,0.1875,0.1875,0.1875,,,
7.08645796775818,0,0.1875,0.1875,0.1875,0.1875,0.1875,0.1875,,,
7.08845901489258,0,0.1875,0.1875,0.1875,0.1875,0.1875,0.1875,,,
7.09046196937561,0,0.1875,0.1875,0.1875,0.1875,0.1875,0.1875,,,
7.09246206283569,0,0.1875,0.1875,0.1875,0.1875,0.1875,0.1875,,,
7.09446501731873,0,0.1875,0.1875,0.1875,0.1875,0.1875,0.1875,,,
7.09646487236023,0,0.1875,0.1875,0.1875,0.1875,0.1875,0.1875,,,
7.09846806526184,0,0.1875,0.1875,0.1875,0.1875,0.1875,0.1875,,,
7.10047101974487,0,0.1875,0.1875,0.1875,0.1875,0.1875,0.1875,,,
7.10247087478638,0,0.1875,0.1875,0.1875,0.1875,0.1875,0.1875,,,
7.10447406768799,0,0.1875,0.1875,0.1875,0.1875,0.1875,0.1875,,,
7.10647392272949,0,0.1875,0.1875,0.1875,0.1875,0.1875,0.1875,,,
7.10847687721252,0,0.1875,0.1875,0.1875,0.1875,0.1875,0.1875,,,
7.11047697067261,0,0.1875,0.1875,0.1875,0.1875,0.1875,0.1875,,,
7.11247992515564,0,0.1875,0.1875,0.1875,0.1875,0.1875,0.1875,,,
7.11448001861572,0,0.1875,0.1875,0.1875,0.1875,0.1875,0.1875,,,
7.11648297309875,0,0.1875,0.1875,0.1875,0.1875,0.1875,0.1875,,,
7.11848306655884,0,0.1875,0.1875,0.1875,0.1875,0.1875,0.1875,,,
7.12048602104187,0,0.1875,0.1875,0.1875,0.1875,0.1875,0.1875,,,
7.1224889755249,0,0.1875,0.1875,0.1875,0.1875,0.1875,0.1875,,,
7.12448906898499,0,0.1875,0.1875,0.1875,0.1875,0.1875,0.1875,,,
7.12649202346802,0,0.1875,0.1875,0.1875,0.1875,0.1875,0.1875,,,
7.12849307060242,0,0.1875,0.1875,0.1875,0.1875,0.1875,0.1875,,,
7.13049507141113,0,0.1875,0.1875,0.1875,0.1875,0.1875,0.1875,,,
7.13249588012695,0,0.1875,0.1875,0.1875,0.1875,0.1875,0.1875,,,
7.13449907302856,0,0.1875,0.1875,0.1875,0.1875,0.1875,0.1875,,,
7.13649892807007,0,0.1875,0.1875,0.1875,0.1875,0.1875,0.1875,,,
7.1385018825531,0,0.1875,0.1875,0.1875,0.1875,0.1875,0.1875,,,
7.14050197601318,0,0.1875,0.1875,0.1875,0.1875,0.1875,0.1875,,,
7.14250493049622,0,0.1875,0.1875,0.1875,0.1875,0.1875,0.1875,,,
7.1445050239563,0,0.1875,0.1875,0.1875,0.1875,0.1875,0.1875,,,
7.14650797843933,0,0.1875,0.1875,0.1875,0.1875,0.1875,0.1875,,,
7.14851093292236,0,0.1875,0.1875,0.1875,0.1875,0.1875,0.1875,,,
7.15051102638245,0,0.1875,0.1875,0.1875,0.1875,0.1875,0.1875,,,
7.15251398086548,0,0.1875,0.1875,0.1875,0.1875,0.1875,0.1875,,,
7.15451407432556,0,0.1875,0.1875,0.1875,0.1875,0.1875,0.1875,,,
7.15651702880859,0,0.1875,0.1875,0.1875,0.1875,0.1875,0.1875,,,
7.1585168838501,0,0.1875,0.1875,0.1875,0.1875,0.1875,0.1875,,,
7.16052007675171,0,0.1875,0.1875,0.1875,0.1875,0.1875,0.1875,,,
7.16251993179321,0,0.1875,0.1875,0.1875,0.1875,0.1875,0.1875,,,
7.16452288627625,0,0.1875,0.1875,0.1875,0.1875,0.1875,0.1875,,,
7.16652607917786,0,0.1875,0.1875,0.1875,0.1875,0.1875,0.1875,,,
7.16852593421936,0,0.1875,0.1875,0.1875,0.1875,0.1875,0.1875,,,
7.17052888870239,0,0.1875,0.1875,0.1875,0.1875,0.1875,0.1875,,,
7.17252898216248,0,0.1875,0.1875,0.1875,0.1875,0.1875,0.1875,,,
7.17453193664551,0,0.1875,0.1875,0.1875,0.1875,0.1875,0.1875,,,
7.17653203010559,0,0.1875,0.1875,0.1875,0.1875,0.1875,0.1875,,,
7.17853498458862,0,0.1875,0.1875,0.1875,0.1875,0.1875,0.1875,,,
7.18053507804871,0,0.1875,0.1875,0.1875,0.1875,0.1875,0.1875,,,
7.18253803253174,0,0.1875,0.1875,0.1875,0.1875,0.1875,0.1875,,,
7.18454098701477,0,0.1875,0.1875,0.1875,0.1875,0.1875,0.1875,,,
7.18654108047485,0,0.1875,0.1875,0.1875,0.1875,0.1875,0.1875,,,
7.18854403495789,0,0.1875,0.1875,0.1875,0.1875,0.1875,0.1875,,,
7.19054388999939,0,0.1875,0.1875,0.1875,0.1875,0.1875,0.1875,,,
7.192547082901,0,0.1875,0.1875,0.1875,0.1875,0.1875,0.1875,,,
7.1945469379425,0,0.1875,0.1875,0.1875,0.1875,0.1875,0.1875,,,
7.19654989242554,0,0.1875,0.1875,0.1875,0.1875,0.1875,0.1875,,,
7.19855308532715,0,0.1875,0.1875,0.1875,0.1875,0.1875,0.1875,,,
7.20055294036865,0,0.1875,0.1875,0.1875,0.1875,0.1875,0.1875,,,
7.20255589485168,0,0.1875,0.1875,0.1875,0.1875,0.1875,0.1875,,,
7.20455598831177,0,0.1875,0.1875,0.1875,0.1875,0.1875,0.1875,,,
7.2065589427948,0,0.1875,0.1875,0.1875,0.1875,0.1875,0.1875,,,
7.2085599899292,0,0.1875,0.1875,0.1875,0.1875,0.1875,0.1875,,,
7.21056199073792,0,0.1875,0.1875,0.1875,0.1875,0.1875,0.1875,,,
7.21256303787231,0,0.1875,0.1875,0.1875,0.1875,0.1875,0.1875,,,
7.21456503868103,0,0.1875,0.1875,0.1875,0.1875,0.1875,0.1875,,,
7.21656799316406,0,0.1875,0.1875,0.1875,0.1875,0.1875,0.1875,,,
7.21856808662415,0,0.1875,0.1875,0.1875,0.1875,0.1875,0.1875,,,
7.22057104110718,0,0.1875,0.1875,0.1875,0.1875,0.1875,0.1875,,,
7.22257208824158,0,0.1875,0.1875,0.1875,0.1875,0.1875,0.1875,,,
7.22457408905029,0,0.1875,0.1875,0.1875,0.1875,0.1875,0.1875,,,
7.22657489776611,0,0.1875,0.1875,0.1875,0.1875,0.1875,0.1875,,,
7.22857809066772,0,0.1875,0.1875,0.1875,0.1875,0.1875,0.1875,,,
7.23057794570923,0,0.1875,0.1875,0.1875,0.1875,0.1875,0.1875,,,
7.23258090019226,0,0.1875,0.1875,0.1875,0.1875,0.1875,0.1875,,,
7.23458099365234,0,0.1875,0.1875,0.1875,0.1875,0.1875,0.1875,,,
7.23658394813538,0,0.1875,0.1875,0.1875,0.1875,0.1875,0.1875,,,
7.23858690261841,0,0.1875,0.1875,0.1875,0.1875,0.1875,0.1875,,,
7.24058699607849,0,0.1875,0.1875,0.1875,0.1875,0.1875,0.1875,,,
7.24258995056152,0,0.1875,0.1875,0.1875,0.1875,0.1875,0.1875,,,
7.24459004402161,0,0.1875,0.1875,0.1875,0.1875,0.1875,0.1875,,,
7.24659299850464,0,0.1875,0.1875,0.1875,0.1875,0.1875,0.1875,,,
7.24859309196472,0,0.1875,0.1875,0.1875,0.1875,0.1875,0.1875,,,
7.25059604644775,0,0.1875,0.1875,0.1875,0.1875,0.1875,0.1875,,,
7.25259590148926,0,0.1875,0.1875,0.1875,0.1875,0.1875,0.1875,,,
7.25459909439087,0,0.1875,0.1875,0.1875,0.1875,0.1875,0.1875,,,
7.25659894943237,0,0.1875,0.1875,0.1875,0.1875,0.1875,0.1875,,,
7.25860190391541,0,0.1875,0.1875,0.1875,0.1875,0.1875,0.1875,,,
7.26060509681702,0,0.1875,0.1875,0.1875,0.1875,0.1875,0.1875,,,
7.26260495185852,0,0.1875,0.1875,0.1875,0.1875,0.1875,0.1875,,,
7.26460790634155,0,0.1875,0.1875,0.1875,0.1875,0.1875,0.1875,,,
7.26660799980164,0,0.1875,0.1875,0.1875,0.1875,0.1875,0.1875,,,
7.26861095428467,0,0.1875,0.1875,0.1875,0.1875,0.1875,0.1875,,,
7.27061104774475,0,0.1875,0.1875,0.1875,0.1875,0.1875,0.1875,,,
7.27261400222778,0,0.1875,0.1875,0.1875,0.1875,0.1875,0.1875,,,
7.27461409568787,0,0.1875,0.1875,0.1875,0.1875,0.1875,0.1875,,,
7.2766170501709,0,0.1875,0.1875,0.1875,0.1875,0.1875,0.1875,,,
7.2786169052124,0,0.1875,0.1875,0.1875,0.1875,0.1875,0.1875,,,
7.28062009811401,0,0.1875,0.1875,0.1875,0.1875,0.1875,0.1875,,,
7.28262305259705,0,0.1875,0.1875,0.1875,0.1875,0.1875,0.1875,,,
7.28462290763855,0,0.1875,0.1875,0.1875,0.1875,0.1875,0.1875,,,
7.28662610054016,0,0.1875,0.1875,0.1875,0.1875,0.1875,0.1875,,,
7.28862595558167,0,0.1875,0.1875,0.1875,0.1875,0.1875,0.1875,,,
7.2906289100647,0,0.1875,0.1875,0.1875,0.1875,0.1875,0.1875,,,
7.2926299571991,0,0.1875,0.1875,0.1875,0.1875,0.1875,0.1875,,,
7.29463195800781,0,0.1875,0.1875,0.1875,0.1875,0.1875,0.1875,,,
7.29663300514221,0,0.1875,0.1875,0.1875,0.1875,0.1875,0.1875,,,
7.29863500595093,0,0.1875,0.1875,0.1875,0.1875,0.1875,0.1875,,,
7.30063605308533,0,0.1875,0.1875,0.1875,0.1875,0.1875,0.1875,,,
7.30263805389404,0,0.1875,0.1875,0.1875,0.1875,0.1875,0.1875,,,
7.30463910102844,0,0.1875,0.1875,0.1875,0.1875,0.1875,0.1875,,,
7.30664205551147,0,0.1875,0.1875,0.1875,0.1875,0.1875,0.1875,,,
7.30864405632019,0,0.1875,0.1875,0.1875,0.1875,0.1875,0.1875,,,
7.31064486503601,0,0.1875,0.1875,0.1875,0.1875,0.1875,0.1875,,,
7.31264686584473,0,0.1875,0.1875,0.1875,0.1875,0.1875,0.1875,,,
7.31464791297913,0,0.1875,0.1875,0.1875,0.1875,0.1875,0.1875,,,
7.31664991378784,0,0.1875,0.1875,0.1875,0.1875,0.1875,0.1875,,,
7.31865096092224,0,0.1875,0.1875,0.1875,0.1875,0.1875,0.1875,,,
7.32065391540527,0,0.1875,0.1875,0.1875,0.1875,0.1875,0.1875,,,
7.32265686988831,0,0.1875,0.1875,0.1875,0.1875,0.1875,0.1875,,,
7.32465696334839,0,0.1875,0.1875,0.1875,0.1875,0.1875,0.1875,,,
7.32665991783142,0,0.1875,0.1875,0.1875,0.1875,0.1875,0.1875,,,
7.3286600112915,0,0.1875,0.1875,0.1875,0.1875,0.1875,0.1875,,,
7.33066296577454,0,0.1875,0.1875,0.1875,0.1875,0.1875,0.1875,,,
7.33266305923462,0,0.1875,0.1875,0.1875,0.1875,0.1875,0.1875,,,
7.33466601371765,0,0.1875,0.1875,0.1875,0.1875,0.1875,0.1875,,,
7.33666586875916,0,0.1875,0.1875,0.1875,0.1875,0.1875,0.1875,,,
7.33866906166077,0,0.1875,0.1875,0.1875,0.1875,0.1875,0.1875,,,
7.34066987037659,0,0.1875,0.1875,0.1875,0.1875,0.1875,0.1875,,,
7.3426718711853,0,0.1875,0.1875,0.1875,0.1875,0.1875,0.1875,,,
7.34467506408691,0,0.1875,0.1875,0.1875,0.1875,0.1875,0.1875,,,
7.34667587280273,0,0.1875,0.1875,0.1875,0.1875,0.1875,0.1875,,,
7.34867787361145,0,0.1875,0.1875,0.1875,0.1875,0.1875,0.1875,,,
7.35067892074585,0,0.1875,0.1875,0.1875,0.1875,0.1875,0.1875,,,
7.35268187522888,0,0.1875,0.1875,0.1875,0.1875,0.1875,0.1875,,,
7.35468196868896,0,0.1875,0.1875,0.1875,0.1875,0.1875,0.1875,,,
7.356684923172,0,0.1875,0.1875,0.1875,0.1875,0.1875,0.1875,,,
7.35868501663208,0,0.1875,0.1875,0.1875,0.1875,0.1875,0.1875,,,
7.36068797111511,0,0.1875,0.1875,0.1875,0.1875,0.1875,0.1875,,,
7.3626880645752,0,0.1875,0.1875,0.1875,0.1875,0.1875,0.1875,,,
7.36469101905823,0,0.1875,0.1875,0.1875,0.1875,0.1875,0.1875,,,
7.36669397354126,0,0.1875,0.1875,0.1875,0.1875,0.1875,0.1875,,,
7.36869406700134,0,0.1875,0.1875,0.1875,0.1875,0.1875,0.1875,,,
7.37069702148438,0,0.1875,0.1875,0.1875,0.1875,0.1875,0.1875,,,
7.37269687652588,0,0.1875,0.1875,0.1875,0.1875,0.1875,0.1875,,,
7.37470006942749,0,0.1875,0.1875,0.1875,0.1875,0.1875,0.1875,,,
7.37669992446899,0,0.1875,0.1875,0.1875,0.1875,0.1875,0.1875,,,
7.37870287895203,0,0.1875,0.1875,0.1875,0.1875,0.1875,0.1875,,,
7.38070607185364,0,0.1875,0.1875,0.1875,0.1875,0.1875,0.1875,,,
7.38270592689514,0,0.1875,0.1875,0.1875,0.1875,0.1875,0.1875,,,
7.38470888137817,0,0.1875,0.1875,0.1875,0.1875,0.1875,0.1875,,,
7.38670992851257,0,0.1875,0.1875,0.1875,0.1875,0.1875,0.1875,,,
7.38871192932129,0,0.1875,0.1875,0.1875,0.1875,0.1875,0.1875,,,
7.39071297645569,0,0.1875,0.1875,0.1875,0.1875,0.1875,0.1875,,,
7.3927149772644,0,0.1875,0.1875,0.1875,0.1875,0.1875,0.1875,,,
7.39471793174744,0,0.1875,0.1875,0.1875,0.1875,0.1875,0.1875,,,
7.39671802520752,0,0.1875,0.1875,0.1875,0.1875,0.1875,0.1875,,,
7.39872097969055,0,0.1875,0.1875,0.1875,0.1875,0.1875,0.1875,,,
7.40072202682495,0,0.1875,0.1875,0.1875,0.1875,0.1875,0.1875,,,
7.40272498130798,0,0.1875,0.1875,0.1875,0.1875,0.1875,0.1875,,,
7.40472507476807,0,0.1875,0.1875,0.1875,0.1875,0.1875,0.1875,,,
7.4067280292511,0,0.1875,0.1875,0.1875,0.1875,0.1875,0.1875,,,
7.4087278842926,0,0.1875,0.1875,0.1875,0.1875,0.1875,0.1875,,,
7.41073107719421,0,0.1875,0.1875,0.1875,0.1875,0.1875,0.1875,,,
7.41273093223572,0,0.1875,0.1875,0.1875,0.1875,0.1875,0.1875,,,
7.41473388671875,0,0.1875,0.1875,0.1875,0.1875,0.1875,0.1875,,,
7.41673398017883,0,0.1875,0.1875,0.1875,0.1875,0.1875,0.1875,,,
7.41873693466187,0,0.1875,0.1875,0.1875,0.1875,0.1875,0.1875,,,
7.4207398891449,0,0.1875,0.1875,0.1875,0.1875,0.1875,0.1875,,,
7.42273998260498,0,0.1875,0.1875,0.1875,0.1875,0.1875,0.1875,,,
7.42474293708801,0,0.1875,0.1875,0.1875,0.1875,0.1875,0.1875,,,
7.42674398422241,0,0.1875,0.1875,0.1875,0.1875,0.1875,0.1875,,,
7.42874598503113,0,0.1875,0.1875,0.1875,0.1875,0.1875,0.1875,,,
7.43074703216553,0,0.1875,0.1875,0.1875,0.1875,0.1875,0.1875,,,
7.43274998664856,0,0.1875,0.1875,0.1875,0.1875,0.1875,0.1875,,,
7.43475008010864,0,0.1875,0.1875,0.1875,0.1875,0.1875,0.1875,,,
7.43675303459167,0,0.1875,0.1875,0.1875,0.1875,0.1875,0.1875,,,
7.43875503540039,0,0.1875,0.1875,0.1875,0.1875,0.1875,0.1875,,,
7.44075608253479,0,0.1875,0.1875,0.1875,0.1875,0.1875,0.1875,,,
7.44275903701782,0,0.1875,0.1875,0.1875,0.1875,0.1875,0.1875,,,
7.44475889205933,0,0.1875,0.1875,0.1875,0.1875,0.1875,0.1875,,,
7.44676208496094,0,0.1875,0.1875,0.1875,0.1875,0.1875,0.1875,,,
7.44876194000244,0,0.1875,0.1875,0.1875,0.1875,0.1875,0.1875,,,
7.45076489448547,0,0.1875,0.1875,0.1875,0.1875,0.1875,0.1875,,,
7.45276498794556,0,0.1875,0.1875,0.1875,0.1875,0.1875,0.1875,,,
7.45476794242859,0,0.1875,0.1875,0.1875,0.1875,0.1875,0.1875,,,
7.45676803588867,0,0.1875,0.1875,0.1875,0.1875,0.1875,0.1875,,,
7.4587709903717,0,0.1875,0.1875,0.1875,0.1875,0.1875,0.1875,,,
7.46077394485474,0,0.1875,0.1875,0.1875,0.1875,0.1875,0.1875,,,
7.46277403831482,0,0.1875,0.1875,0.1875,0.1875,0.1875,0.1875,,,
7.46477699279785,0,0.1875,0.1875,0.1875,0.1875,0.1875,0.1875,,,
7.46677803993225,0,0.1875,0.1875,0.1875,0.1875,0.1875,0.1875,,,
7.46878004074097,0,0.1875,0.1875,0.1875,0.1875,0.1875,0.1875,,,
7.47078108787537,0,0.1875,0.1875,0.1875,0.1875,0.1875,0.1875,,,
7.4727840423584,0,0.1875,0.1875,0.1875,0.1875,0.1875,0.1875,,,
7.4747838973999,0,0.1875,0.1875,0.1875,0.1875,0.1875,0.1875,,,
7.47678709030151,0,0.1875,0.1875,0.1875,0.1875,0.1875,0.1875,,,
7.47878694534302,0,0.1875,0.1875,0.1875,0.1875,0.1875,0.1875,,,
7.48078989982605,0,0.1875,0.1875,0.1875,0.1875,0.1875,0.1875,,,
7.48279309272766,0,0.1875,0.1875,0.1875,0.1875,0.1875,0.1875,,,
7.48479294776917,0,0.1875,0.1875,0.1875,0.1875,0.1875,0.1875,,,
7.4867959022522,0,0.1875,0.1875,0.1875,0.1875,0.1875,0.1875,,,
7.48879599571228,0,0.1875,0.1875,0.1875,0.1875,0.1875,0.1875,,,
7.49079895019531,0,0.1875,0.1875,0.1875,0.1875,0.1875,0.1875,,,
7.4927990436554,0,0.1875,0.1875,0.1875,0.1875,0.1875,0.1875,,,
7.49480199813843,0,0.1875,0.1875,0.1875,0.1875,0.1875,0.1875,,,
7.49680495262146,0,0.1875,0.1875,0.1875,0.1875,0.1875,0.1875,,,
7.49880504608154,0,0.1875,0.1875,0.1875,0.1875,0.1875,0.1875,,,
7.50080800056458,0,0.1875,0.1875,0.1875,0.1875,0.1875,0.1875,,,
7.50280809402466,0,0.1875,0.1875,0.1875,0.1875,0.1875,0.1875,,,
7.50481104850769,0,0.1875,0.1875,0.1875,0.1875,0.1875,0.1875,,,
7.50681090354919,0,0.1875,0.1875,0.1875,0.1875,0.1875,0.1875,,,
7.50881409645081,0,0.1875,0.1875,0.1875,0.1875,0.1875,0.1875,,,
7.51081490516663,0,0.1875,0.1875,0.1875,0.1875,0.1875,0.1875,,,
7.51281690597534,0,0.1875,0.1875,0.1875,0.1875,0.1875,0.1875,,,
7.51482009887695,0,0.1875,0.1875,0.1875,0.1875,0.1875,0.1875,,,
7.51681995391846,0,0.1875,0.1875,0.1875,0.1875,0.1875,0.1875,,,
7.51882290840149,0,0.1875,0.1875,0.1875,0.1875,0.1875,0.1875,,,
7.52082395553589,0,0.1875,0.1875,0.1875,0.1875,0.1875,0.1875,,,
7.5228259563446,0,0.1875,0.1875,0.1875,0.1875,0.1875,0.1875,,,
7.524827003479,0,0.1875,0.1875,0.1875,0.1875,0.1875,0.1875,,,
7.52682900428772,0,0.1875,0.1875,0.1875,0.1875,0.1875,0.1875,,,
7.52883195877075,0,0.1875,0.1875,0.1875,0.1875,0.1875,0.1875,,,
7.53083300590515,0,0.1875,0.1875,0.1875,0.1875,0.1875,0.1875,,,
7.53283500671387,0,0.1875,0.1875,0.1875,0.1875,0.1875,0.1875,,,
7.53483605384827,0,0.1875,0.1875,0.1875,0.1875,0.1875,0.1875,,,
7.5368390083313,0,0.1875,0.1875,0.1875,0.1875,0.1875,0.1875,,,
7.53883910179138,0,0.1875,0.1875,0.1875,0.1875,0.1875,0.1875,,,
7.54084205627441,0,0.1875,0.1875,0.1875,0.1875,0.1875,0.1875,,,
7.54284191131592,0,0.1875,0.1875,0.1875,0.1875,0.1875,0.1875,,,
7.54484486579895,0,0.1875,0.1875,0.1875,0.1875,0.1875,0.1875,,,
7.54684805870056,0,0.1875,0.1875,0.1875,0.1875,0.1875,0.1875,,,
7.54884791374207,0,0.1875,0.1875,0.1875,0.1875,0.1875,0.1875,,,
7.5508508682251,0,0.1875,0.1875,0.1875,0.1875,0.1875,0.1875,,,
7.55285096168518,0,0.1875,0.1875,0.1875,0.1875,0.1875,0.1875,,,
7.55476903915405,0,0.1875,0.1875,0.1875,0.1875,0.1875,0.1875,,,
7.55677199363709,0,0.1875,0.1875,0.1875,0.1875,0.1875,0.1875,,,
7.55877494812012,0,0.1875,0.1875,0.1875,0.1875,0.1875,0.1875,,,
7.5607750415802,0,0.1875,0.1875,0.1875,0.1875,0.1875,0.1875,,,
7.56277799606323,0,0.1875,0.1875,0.1875,0.1875,0.1875,0.1875,,,
7.56477808952332,0,0.1875,0.1875,0.1875,0.1875,0.1875,0.1875,,,
7.56678104400635,0,0.1875,0.1875,0.1875,0.1875,0.1875,0.1875,,,
7.56878209114075,0,0.1875,0.1875,0.1875,0.1875,0.1875,0.1875,,,
7.57078409194946,0,0.1875,0.1875,0.1875,0.1875,0.1875,0.1875,,,
7.57278490066528,0,0.1875,0.1875,0.1875,0.1875,0.1875,0.1875,,,
7.57478809356689,0,0.1875,0.1875,0.1875,0.1875,0.1875,0.1875,,,
7.5767879486084,0,0.1875,0.1875,0.1875,0.1875,0.1875,0.1875,,,
7.57879090309143,0,0.1875,0.1875,0.1875,0.1875,0.1875,0.1875,,,
7.58079099655151,0,0.1875,0.1875,0.1875,0.1875,0.1875,0.1875,,,
7.58279395103455,0,0.1875,0.1875,0.1875,0.1875,0.1875,0.1875,,,
7.58479404449463,0,0.1875,0.1875,0.1875,0.1875,0.1875,0.1875,,,
7.58679699897766,0,0.1875,0.1875,0.1875,0.1875,0.1875,0.1875,,,
7.58879995346069,0,0.1875,0.1875,0.1875,0.1875,0.1875,0.1875,,,
7.59080004692078,0,0.1875,0.1875,0.1875,0.1875,0.1875,0.1875,,,
7.59280300140381,0,0.1875,0.1875,0.1875,0.1875,0.1875,0.1875,,,
7.59480309486389,0,0.1875,0.1875,0.1875,0.1875,0.1875,0.1875,,,
7.59680604934692,0,0.1875,0.1875,0.1875,0.1875,0.1875,0.1875,,,
7.59880590438843,0,0.1875,0.1875,0.1875,0.1875,0.1875,0.1875,,,
7.60080909729004,0,0.1875,0.1875,0.1875,0.1875,0.1875,0.1875,,,
7.60281205177307,0,0.1875,0.1875,0.1875,0.1875,0.1875,0.1875,,,
7.60481190681458,0,0.1875,0.1875,0.1875,0.1875,0.1875,0.1875,,,
7.60681509971619,0,0.1875,0.1875,0.1875,0.1875,0.1875,0.1875,,,
7.60881495475769,0,0.1875,0.1875,0.1875,0.1875,0.1875,0.1875,,,
7.61081790924072,0,0.1875,0.1875,0.1875,0.1875,0.1875,0.1875,,,
7.61281895637512,0,0.1875,0.1875,0.1875,0.1875,0.1875,0.1875,,,
7.61482095718384,0,0.1875,0.1875,0.1875,0.1875,0.1875,0.1875,,,
7.61682391166687,0,0.1875,0.1875,0.1875,0.1875,0.1875,0.1875,,,
7.61882400512695,0,0.1875,0.1875,0.1875,0.1875,0.1875,0.1875,,,
7.62082695960999,0,0.1875,0.1875,0.1875,0.1875,0.1875,0.1875,,,
7.62282800674438,0,0.1875,0.1875,0.1875,0.1875,0.1875,0.1875,,,
7.6248300075531,0,0.1875,0.1875,0.1875,0.1875,0.1875,0.1875,,,
7.6268310546875,0,0.1875,0.1875,0.1875,0.1875,0.1875,0.1875,,,
7.62883400917053,0,0.1875,0.1875,0.1875,0.1875,0.1875,0.1875,,,
7.63083696365356,0,0.1875,0.1875,0.1875,0.1875,0.1875,0.1875,,,
7.63283705711365,0,0.1875,0.1875,0.1875,0.1875,0.1875,0.1875,,,
7.63484001159668,0,0.1875,0.1875,0.1875,0.1875,0.1875,0.1875,,,
7.63683986663818,0,0.1875,0.1875,0.1875,0.1875,0.1875,0.1875,,,
7.63884305953979,0,0.1875,0.1875,0.1875,0.1875,0.1875,0.1875,,,
7.6408429145813,0,0.1875,0.1875,0.1875,0.1875,0.1875,0.1875,,,
7.64284586906433,0,0.1875,0.1875,0.1875,0.1875,0.1875,0.1875,,,
7.64484906196594,0,0.1875,0.1875,0.1875,0.1875,0.1875,0.1875,,,
7.64684891700745,0,0.1875,0.1875,0.1875,0.1875,0.1875,0.1875,,,
7.64885187149048,0,0.1875,0.1875,0.1875,0.1875,0.1875,0.1875,,,
7.65085196495056,0,0.1875,0.1875,0.1875,0.1875,0.1875,0.1875,,,
7.65285491943359,0,0.1875,0.1875,0.1875,0.1875,0.1875,0.1875,,,
7.65485501289368,0,0.1875,0.1875,0.1875,0.1875,0.1875,0.1875,,,
7.65685796737671,0,0.1875,0.1875,0.1875,0.1875,0.1875,0.1875,,,
7.65886092185974,0,0.1875,0.1875,0.1875,0.1875,0.1875,0.1875,,,
7.66086101531982,0,0.1875,0.1875,0.1875,0.1875,0.1875,0.1875,,,
7.66286396980286,0,0.1875,0.1875,0.1875,0.1875,0.1875,0.1875,,,
7.66486501693726,0,0.1875,0.1875,0.1875,0.1875,0.1875,0.1875,,,
7.66686701774597,0,0.1875,0.1875,0.1875,0.1875,0.1875,0.1875,,,
7.66886806488037,0,0.1875,0.1875,0.1875,0.1875,0.1875,0.1875,,,
7.67087006568909,0,0.1875,0.1875,0.1875,0.1875,0.1875,0.1875,,,
7.67287302017212,0,0.1875,0.1875,0.1875,0.1875,0.1875,0.1875,,,
7.67487406730652,0,0.1875,0.1875,0.1875,0.1875,0.1875,0.1875,,,
7.67687606811523,0,0.1875,0.1875,0.1875,0.1875,0.1875,0.1875,,,
7.67887687683105,0,0.1875,0.1875,0.1875,0.1875,0.1875,0.1875,,,
7.68087887763977,0,0.1875,0.1875,0.1875,0.1875,0.1875,0.1875,,,
7.68288207054138,0,0.1875,0.1875,0.1875,0.1875,0.1875,0.1875,,,
7.6848828792572,0,0.1875,0.1875,0.1875,0.1875,0.1875,0.1875,,,
7.68688488006592,0,0.1875,0.1875,0.1875,0.1875,0.1875,0.1875,,,
7.68888592720032,0,0.1875,0.1875,0.1875,0.1875,0.1875,0.1875,,,
7.69088888168335,0,0.1875,0.1875,0.1875,0.1875,0.1875,0.1875,,,
7.69288897514343,0,0.1875,0.1875,0.1875,0.1875,0.1875,0.1875,,,
7.69489192962646,0,0.1875,0.1875,0.1875,0.1875,0.1875,0.1875,,,
7.69689393043518,0,0.1875,0.1875,0.1875,0.1875,0.1875,0.1875,,,
7.69889497756958,0,0.1875,0.1875,0.1875,0.1875,0.1875,0.1875,,,
7.7008969783783,0,0.1875,0.1875,0.1875,0.1875,0.1875,0.1875,,,
7.7028980255127,0,0.1875,0.1875,0.1875,0.1875,0.1875,0.1875,,,
7.70490097999573,0,0.1875,0.1875,0.1875,0.1875,0.1875,0.1875,,,
7.70690298080444,0,0.1875,0.1875,0.1875,0.1875,0.1875,0.1875,,,
7.70890402793884,0,0.1875,0.1875,0.1875,0.1875,0.1875,0.1875,,,
7.71090698242188,0,0.1875,0.1875,0.1875,0.1875,0.1875,0.1875,,,
7.71290707588196,0,0.1875,0.1875,0.1875,0.1875,0.1875,0.1875,,,
7.71491003036499,0,0.1875,0.1875,0.1875,0.1875,0.1875,0.1875,,,
7.71690988540649,0,0.1875,0.1875,0.1875,0.1875,0.1875,0.1875,,,
7.71891307830811,0,0.1875,0.1875,0.1875,0.1875,0.1875,0.1875,,,
7.72091507911682,0,0.1875,0.1875,0.1875,0.1875,0.1875,0.1875,,,
7.72291588783264,0,0.1875,0.1875,0.1875,0.1875,0.1875,0.1875,,,
7.72491908073425,0,0.1875,0.1875,0.1875,0.1875,0.1875,0.1875,,,
7.72691893577576,0,0.1875,0.1875,0.1875,0.1875,0.1875,0.1875,,,
7.72892189025879,0,0.1875,0.1875,0.1875,0.1875,0.1875,0.1875,,,
7.73092198371887,0,0.1875,0.1875,0.1875,0.1875,0.1875,0.1875,,,
7.7329249382019,0,0.1875,0.1875,0.1875,0.1875,0.1875,0.1875,,,
7.73492503166199,0,0.1875,0.1875,0.1875,0.1875,0.1875,0.1875,,,
7.73692798614502,0,0.1875,0.1875,0.1875,0.1875,0.1875,0.1875,,,
7.73893094062805,0,0.1875,0.1875,0.1875,0.1875,0.1875,0.1875,,,
7.74093103408813,0,0.1875,0.1875,0.1875,0.1875,0.1875,0.1875,,,
7.74293398857117,0,0.1875,0.1875,0.1875,0.1875,0.1875,0.1875,,,
7.74493408203125,0,0.1875,0.1875,0.1875,0.1875,0.1875,0.1875,,,
7.74693703651428,0,0.1875,0.1875,0.1875,0.1875,0.1875,0.1875,,,
7.74893689155579,0,0.1875,0.1875,0.1875,0.1875,0.1875,0.1875,,,
7.7509400844574,0,0.1875,0.1875,0.1875,0.1875,0.1875,0.1875,,,
7.75294089317322,0,0.1875,0.1875,0.1875,0.1875,0.1875,0.1875,,,
7.75494289398193,0,0.1875,0.1875,0.1875,0.1875,0.1875,0.1875,,,
7.75694394111633,0,0.1875,0.1875,0.1875,0.1875,0.1875,0.1875,,,
7.75894689559937,0,0.1875,0.1875,0.1875,0.1875,0.1875,0.1875,,,
7.76094889640808,0,0.1875,0.1875,0.1875,0.1875,0.1875,0.1875,,,
7.76294994354248,0,0.1875,0.1875,0.1875,0.1875,0.1875,0.1875,,,
7.76495289802551,0,0.1875,0.1875,0.1875,0.1875,0.1875,0.1875,,,
7.7669529914856,0,0.1875,0.1875,0.1875,0.1875,0.1875,0.1875,,,
7.76895594596863,0,0.1875,0.1875,0.1875,0.1875,0.1875,0.1875,,,
7.77095603942871,0,0.1875,0.1875,0.1875,0.1875,0.1875,0.1875,,,
7.77295899391174,0,0.1875,0.1875,0.1875,0.1875,0.1875,0.1875,,,
7.77495908737183,0,0.1875,0.1875,0.1875,0.1875,0.1875,0.1875,,,
7.77696204185486,0,0.1875,0.1875,0.1875,0.1875,0.1875,0.1875,,,
7.77896499633789,0,0.1875,0.1875,0.1875,0.1875,0.1875,0.1875,,,
7.78096508979797,0,0.1875,0.1875,0.1875,0.1875,0.1875,0.1875,,,
7.78296804428101,0,0.1875,0.1875,0.1875,0.1875,0.1875,0.1875,,,
7.78496789932251,0,0.1875,0.1875,0.1875,0.1875,0.1875,0.1875,,,
7.78697109222412,0,0.1875,0.1875,0.1875,0.1875,0.1875,0.1875,,,
7.78897190093994,0,0.1875,0.1875,0.1875,0.1875,0.1875,0.1875,,,
7.79097390174866,0,0.1875,0.1875,0.1875,0.1875,0.1875,0.1875,,,
7.79297709465027,0,0.1875,0.1875,0.1875,0.1875,0.1875,0.1875,,,
7.79497694969177,0,0.1875,0.1875,0.1875,0.1875,0.1875,0.1875,,,
7.7969799041748,0,0.1875,0.1875,0.1875,0.1875,0.1875,0.1875,,,
7.7989809513092,0,0.1875,0.1875,0.1875,0.1875,0.1875,0.1875,,,
7.80098295211792,0,0.1875,0.1875,0.1875,0.1875,0.1875,0.1875,,,
7.80298399925232,0,0.1875,0.1875,0.1875,0.1875,0.1875,0.1875,,,
7.80498600006104,0,0.1875,0.1875,0.1875,0.1875,0.1875,0.1875,,,
7.80698895454407,0,0.1875,0.1875,0.1875,0.1875,0.1875,0.1875,,,
7.80899000167847,0,0.1875,0.1875,0.1875,0.1875,0.1875,0.1875,,,
7.81099200248718,0,0.1875,0.1875,0.1875,0.1875,0.1875,0.1875,,,
7.81299304962158,0,0.1875,0.1875,0.1875,0.1875,0.1875,0.1875,,,
7.8149950504303,0,0.1875,0.1875,0.1875,0.1875,0.1875,0.1875,,,
7.8169960975647,0,0.1875,0.1875,0.1875,0.1875,0.1875,0.1875,,,
7.81899905204773,0,0.1875,0.1875,0.1875,0.1875,0.1875,0.1875,,,
7.82100105285645,0,0.1875,0.1875,0.1875,0.1875,0.1875,0.1875,,,
7.82300209999084,0,0.1875,0.1875,0.1875,0.1875,0.1875,0.1875,,,
7.82500505447388,0,0.1875,0.1875,0.1875,0.1875,0.1875,0.1875,,,
7.82700490951538,0,0.1875,0.1875,0.1875,0.1875,0.1875,0.1875,,,
7.82900810241699,0,0.1875,0.1875,0.1875,0.1875,0.1875,0.1875,,,
7.8310079574585,0,0.1875,0.1875,0.1875,0.1875,0.1875,0.1875,,,
7.83301091194153,0,0.1875,0.1875,0.1875,0.1875,0.1875,0.1875,,,
7.83501386642456,0,0.1875,0.1875,0.1875,0.1875,0.1875,0.1875,,,
7.83701395988464,0,0.1875,0.1875,0.1875,0.1875,0.1875,0.1875,,,
7.83901691436768,0,0.1875,0.1875,0.1875,0.1875,0.1875,0.1875,,,
7.84101700782776,0,0.1875,0.1875,0.1875,0.1875,0.1875,0.1875,,,
7.84301996231079,0,0.1875,0.1875,0.1875,0.1875,0.1875,0.1875,,,
7.84502005577087,0,0.1875,0.1875,0.1875,0.1875,0.1875,0.1875,,,
7.84702301025391,0,0.1875,0.1875,0.1875,0.1875,0.1875,0.1875,,,
7.84902596473694,0,0.1875,0.1875,0.1875,0.1875,0.1875,0.1875,,,
7.85102605819702,0,0.1875,0.1875,0.1875,0.1875,0.1875,0.1875,,,
7.85302901268005,0,0.1875,0.1875,0.1875,0.1875,0.1875,0.1875,,,
7.85502886772156,0,0.1875,0.1875,0.1875,0.1875,0.1875,0.1875,,,
7.85703206062317,0,0.1875,0.1875,0.1875,0.1875,0.1875,0.1875,,,
7.8590350151062,0,0.1875,0.1875,0.1875,0.1875,0.1875,0.1875,,,
7.86103487014771,0,0.1875,0.1875,0.1875,0.1875,0.1875,0.1875,,,
7.86303806304932,0,0.1875,0.1875,0.1875,0.1875,0.1875,0.1875,,,
7.86503791809082,0,0.1875,0.1875,0.1875,0.1875,0.1875,0.1875,,,
7.86704087257385,0,0.1875,0.1875,0.1875,0.1875,0.1875,0.1875,,,
7.86904096603394,0,0.1875,0.1875,0.1875,0.1875,0.1875,0.1875,,,
7.87104392051697,0,0.1875,0.1875,0.1875,0.1875,0.1875,0.1875,,,
7.873046875,0,0.1875,0.1875,0.1875,0.1875,0.1875,0.1875,,,
7.87504696846008,0,0.1875,0.1875,0.1875,0.1875,0.1875,0.1875,,,
7.87704992294312,0,0.1875,0.1875,0.1875,0.1875,0.1875,0.1875,,,
7.8790500164032,0,0.1875,0.1875,0.1875,0.1875,0.1875,0.1875,,,
7.88105297088623,0,0.1875,0.1875,0.1875,0.1875,0.1875,0.1875,,,
7.88305306434631,0,0.1875,0.1875,0.1875,0.1875,0.1875,0.1875,,,
7.88505601882935,0,0.1875,0.1875,0.1875,0.1875,0.1875,0.1875,,,
7.88705706596375,0,0.1875,0.1875,0.1875,0.1875,0.1875,0.1875,,,
7.88905906677246,0,0.1875,0.1875,0.1875,0.1875,0.1875,0.1875,,,
7.89105987548828,0,0.1875,0.1875,0.1875,0.1875,0.1875,0.1875,,,
7.89306306838989,0,0.1875,0.1875,0.1875,0.1875,0.1875,0.1875,,,
7.89506602287292,0,0.1875,0.1875,0.1875,0.1875,0.1875,0.1875,,,
7.89706587791443,0,0.1875,0.1875,0.1875,0.1875,0.1875,0.1875,,,
7.89906907081604,0,0.1875,0.1875,0.1875,0.1875,0.1875,0.1875,,,
7.90106987953186,0,0.1875,0.1875,0.1875,0.1875,0.1875,0.1875,,,
7.90307188034058,0,0.1875,0.1875,0.1875,0.1875,0.1875,0.1875,,,
7.90507292747498,0,0.1875,0.1875,0.1875,0.1875,0.1875,0.1875,,,
7.90707588195801,0,0.1875,0.1875,0.1875,0.1875,0.1875,0.1875,,,
7.90907597541809,0,0.1875,0.1875,0.1875,0.1875,0.1875,0.1875,,,
7.91107892990112,0,0.1875,0.1875,0.1875,0.1875,0.1875,0.1875,,,
7.91307902336121,0,0.1875,0.1875,0.1875,0.1875,0.1875,0.1875,,,
7.91508197784424,0,0.1875,0.1875,0.1875,0.1875,0.1875,0.1875,,,
7.91708302497864,0,0.1875,0.1875,0.1875,0.1875,0.1875,0.1875,,,
7.91908597946167,0,0.1875,0.1875,0.1875,0.1875,0.1875,0.1875,,,
7.92108607292175,0,0.1875,0.1875,0.1875,0.1875,0.1875,0.1875,,,
7.92308902740479,0,0.1875,0.1875,0.1875,0.1875,0.1875,0.1875,,,
7.92509198188782,0,0.1875,0.1875,0.1875,0.1875,0.1875,0.1875,,,
7.9270920753479,0,0.1875,0.1875,0.1875,0.1875,0.1875,0.1875,,,
7.92909502983093,0,0.1875,0.1875,0.1875,0.1875,0.1875,0.1875,,,
7.93109607696533,0,0.1875,0.1875,0.1875,0.1875,0.1875,0.1875,,,
7.93309593200684,0,0.1875,0.1875,0.1875,0.1875,0.1875,0.1875,,,
7.93509888648987,0,0.1875,0.1875,0.1875,0.1875,0.1875,0.1875,,,
7.93710207939148,0,0.1875,0.1875,0.1875,0.1875,0.1875,0.1875,,,
7.93910193443298,0,0.1875,0.1875,0.1875,0.1875,0.1875,0.1875,,,
7.94110488891602,0,0.1875,0.1875,0.1875,0.1875,0.1875,0.1875,,,
7.94310808181763,0,0.1875,0.1875,0.1875,0.1875,0.1875,0.1875,,,
7.94510793685913,0,0.1875,0.1875,0.1875,0.1875,0.1875,0.1875,,,
7.94711089134216,0,0.1875,0.1875,0.1875,0.1875,0.1875,0.1875,,,
7.94911289215088,0,0.1875,0.1875,0.1875,0.1875,0.1875,0.1875,,,
7.95111298561096,0,0.1875,0.1875,0.1875,0.1875,0.1875,0.1875,,,
7.95311594009399,0,0.1875,0.1875,0.1875,0.1875,0.1875,0.1875,,,
7.95511889457703,0,0.1875,0.1875,0.1875,0.1875,0.1875,0.1875,,,
7.95711898803711,0,0.1875,0.1875,0.1875,0.1875,0.1875,0.1875,,,
7.95912098884583,0,0.1875,0.1875,0.1875,0.1875,0.1875,0.1875,,,
7.96112394332886,0,0.1875,0.1875,0.1875,0.1875,0.1875,0.1875,,,
7.96312403678894,0,0.1875,0.1875,0.1875,0.1875,0.1875,0.1875,,,
7.96512699127197,0,0.1875,0.1875,0.1875,0.1875,0.1875,0.1875,,,
7.96712803840637,0,0.1875,0.1875,0.1875,0.1875,0.1875,0.1875,,,
7.96913003921509,0,0.1875,0.1875,0.1875,0.1875,0.1875,0.1875,,,
7.97113299369812,0,0.1875,0.1875,0.1875,0.1875,0.1875,0.1875,,,
7.9731330871582,0,0.1875,0.1875,0.1875,0.1875,0.1875,0.1875,,,
7.97513508796692,0,0.1875,0.1875,0.1875,0.1875,0.1875,0.1875,,,
7.97713804244995,0,0.1875,0.1875,0.1875,0.1875,0.1875,0.1875,,,
7.97913789749146,0,0.1875,0.1875,0.1875,0.1875,0.1875,0.1875,,,
7.98114109039307,0,0.1875,0.1875,0.1875,0.1875,0.1875,0.1875,,,
7.98314309120178,0,0.1875,0.1875,0.1875,0.1875,0.1875,0.1875,,,
7.9851438999176,0,0.1875,0.1875,0.1875,0.1875,0.1875,0.1875,,,
7.98714709281921,0,0.1875,0.1875,0.1875,0.1875,0.1875,0.1875,,,
7.98914909362793,0,0.1875,0.1875,0.1875,0.1875,0.1875,0.1875,,,
7.99114990234375,0,0.1875,0.1875,0.1875,0.1875,0.1875,0.1875,,,
7.99315190315247,0,0.1875,0.1875,0.1875,0.1875,0.1875,0.1875,,,
7.99515295028687,0,0.1875,0.1875,0.1875,0.1875,0.1875,0.1875,,,
7.99715495109558,0,0.1875,0.1875,0.1875,0.1875,0.1875,0.1875,,,
7.99915790557861,0,0.1875,0.1875,0.1875,0.1875,0.1875,0.1875,,,
8.0011579990387,0,0.1875,0.1875,0.1875,0.1875,0.1875,0.1875,,,
8.00315999984741,0,0.1875,0.1875,0.1875,0.1875,0.1875,0.1875,,,
8.00516295433044,0,0.1875,0.1875,0.1875,0.1875,0.1875,0.1875,,,
8.00716304779053,0,0.1875,0.1875,0.1875,0.1875,0.1875,0.1875,,,
8.00916600227356,0,0.1875,0.1875,0.1875,0.1875,0.1875,0.1875,,,
8.01116609573364,0,0.1875,0.1875,0.1875,0.1875,0.1875,0.1875,,,
8.01316905021667,0,0.1875,0.1875,0.1875,0.1875,0.1875,0.1875,,,
8.01517200469971,0,0.1875,0.1875,0.1875,0.1875,0.1875,0.1875,,,
8.01717209815979,0,0.1875,0.1875,0.1875,0.1875,0.1875,0.1875,,,
8.01917409896851,0,0.1875,0.1875,0.1875,0.1875,0.1875,0.1875,,,
8.02117705345154,0,0.1875,0.1875,0.1875,0.1875,0.1875,0.1875,,,
8.02317690849304,0,0.1875,0.1875,0.1875,0.1875,0.1875,0.1875,,,
8.02518010139465,0,0.1875,0.1875,0.1875,0.1875,0.1875,0.1875,,,
8.02718210220337,0,0.1875,0.1875,0.1875,0.1875,0.1875,0.1875,,,
8.02918291091919,0,0.1875,0.1875,0.1875,0.1875,0.1875,0.1875,,,
8.03118491172791,0,0.1875,0.1875,0.1875,0.1875,0.1875,0.1875,,,
8.03318786621094,0,0.1875,0.1875,0.1875,0.1875,0.1875,0.1875,,,
8.03518795967102,0,0.1875,0.1875,0.1875,0.1875,0.1875,0.1875,,,
8.03719592094421,0,0.1875,0.1875,0.1875,0.1875,0.1875,0.1875,,,
8.03919887542725,0,0.1875,0.1875,0.1875,0.1875,0.1875,0.1875,,,
8.04119896888733,0,0.1875,0.1875,0.1875,0.1875,0.1875,0.1875,,,
8.04319906234741,0,0.1875,0.1875,0.1875,0.1875,0.1875,0.1875,,,
8.04519987106323,0,0.1875,0.1875,0.1875,0.1875,0.1875,0.1875,,,
8.04719996452332,0,0.1875,0.1875,0.1875,0.1875,0.1875,0.1875,,,
8.04920291900635,0,0.1875,0.1875,0.1875,0.1875,0.1875,0.1875,,,
8.0511589050293,0,0.1875,0.1875,0.1875,0.1875,0.1875,0.1875,,,
8.05316209793091,0,0.1875,0.1875,0.1875,0.1875,0.1875,0.1875,,,
8.05516195297241,0,0.1875,0.1875,0.1875,0.1875,0.1875,0.1875,,,
8.05716490745544,0,0.1875,0.1875,0.1875,0.1875,0.1875,0.1875,,,
8.05916810035706,0,0.1875,0.1875,0.1875,0.1875,0.1875,0.1875,,,
8.06116795539856,0,0.1875,0.1875,0.1875,0.1875,0.1875,0.1875,,,
8.06317090988159,0,0.1875,0.1875,0.1875,0.1875,0.1875,0.1875,,,
8.06517100334167,0,0.1875,0.1875,0.1875,0.1875,0.1875,0.1875,,,
8.06717395782471,0,0.1875,0.1875,0.1875,0.1875,0.1875,0.1875,,,
8.06917405128479,0,0.1875,0.1875,0.1875,0.1875,0.1875,0.1875,,,
8.07117700576782,0,0.1875,0.1875,0.1875,0.1875,0.1875,0.1875,,,
8.07317996025085,0,0.1875,0.1875,0.1875,0.1875,0.1875,0.1875,,,
8.07518005371094,0,0.1875,0.1875,0.1875,0.1875,0.1875,0.1875,,,
8.07718300819397,0,0.1875,0.1875,0.1875,0.1875,0.1875,0.1875,,,
8.079185962677,0,0.1875,0.1875,0.1875,0.1875,0.1875,0.1875,,,
8.08118605613709,0,0.1875,0.1875,0.1875,0.1875,0.1875,0.1875,,,
8.08318901062012,0,0.1875,0.1875,0.1875,0.1875,0.1875,0.1875,,,
8.08518886566162,0,0.1875,0.1875,0.1875,0.1875,0.1875,0.1875,,,
8.08719205856323,0,0.1875,0.1875,0.1875,0.1875,0.1875,0.1875,,,
8.08919286727905,0,0.1875,0.1875,0.1875,0.1875,0.1875,0.1875,,,
8.09119486808777,0,0.1875,0.1875,0.1875,0.1875,0.1875,0.1875,,,
8.09319806098938,0,0.1875,0.1875,0.1875,0.1875,0.1875,0.1875,,,
8.09519791603088,0,0.1875,0.1875,0.1875,0.1875,0.1875,0.1875,,,
8.09720087051392,0,0.1875,0.1875,0.1875,0.1875,0.1875,0.1875,,,
8.099200963974,0,0.1875,0.1875,0.1875,0.1875,0.1875,0.1875,,,
8.10120391845703,0,0.1875,0.1875,0.1875,0.1875,0.1875,0.1875,,,
8.10320687294006,0,0.1875,0.1875,0.1875,0.1875,0.1875,0.1875,,,
8.10520696640015,0,0.1875,0.1875,0.1875,0.1875,0.1875,0.1875,,,
8.10720992088318,0,0.1875,0.1875,0.1875,0.1875,0.1875,0.1875,,,
8.10921287536621,0,0.1875,0.1875,0.1875,0.1875,0.1875,0.1875,,,
8.11121296882629,0,0.1875,0.1875,0.1875,0.1875,0.1875,0.1875,,,
8.11321592330933,0,0.1875,0.1875,0.1875,0.1875,0.1875,0.1875,,,
8.11521601676941,0,0.1875,0.1875,0.1875,0.1875,0.1875,0.1875,,,
8.11721897125244,0,0.1875,0.1875,0.1875,0.1875,0.1875,0.1875,,,
8.11921906471252,0,0.1875,0.1875,0.1875,0.1875,0.1875,0.1875,,,
8.12122201919556,0,0.1875,0.1875,0.1875,0.1875,0.1875,0.1875,,,
8.12322306632996,0,0.1875,0.1875,0.1875,0.1875,0.1875,0.1875,,,
8.12522506713867,0,0.1875,0.1875,0.1875,0.1875,0.1875,0.1875,,,
8.1272280216217,0,0.1875,0.1875,0.1875,0.1875,0.1875,0.1875,,,
8.1292290687561,0,0.1875,0.1875,0.1875,0.1875,0.1875,0.1875,,,
8.13123202323914,0,0.1875,0.1875,0.1875,0.1875,0.1875,0.1875,,,
8.13323187828064,0,0.1875,0.1875,0.1875,0.1875,0.1875,0.1875,,,
8.13523507118225,0,0.1875,0.1875,0.1875,0.1875,0.1875,0.1875,,,
8.13723492622375,0,0.1875,0.1875,0.1875,0.1875,0.1875,0.1875,,,
8.13923788070679,0,0.1875,0.1875,0.1875,0.1875,0.1875,0.1875,,,
8.1412410736084,0,0.1875,0.1875,0.1875,0.1875,0.1875,0.1875,,,
8.1432409286499,0,0.1875,0.1875,0.1875,0.1875,0.1875,0.1875,,,
8.14524388313293,0,0.1875,0.1875,0.1875,0.1875,0.1875,0.1875,,,
8.14724397659302,0,0.1875,0.1875,0.1875,0.1875,0.1875,0.1875,,,
8.14924693107605,0,0.1875,0.1875,0.1875,0.1875,0.1875,0.1875,,,
8.15124702453613,0,0.1875,0.1875,0.1875,0.1875,0.1875,0.1875,,,
8.15324997901917,0,0.1875,0.1875,0.1875,0.1875,0.1875,0.1875,,,
8.1552529335022,0,0.1875,0.1875,0.1875,0.1875,0.1875,0.1875,,,
8.15725302696228,0,0.1875,0.1875,0.1875,0.1875,0.1875,0.1875,,,
8.15925598144531,0,0.1875,0.1875,0.1875,0.1875,0.1875,0.1875,,,
8.1612560749054,0,0.1875,0.1875,0.1875,0.1875,0.1875,0.1875,,,
8.16325902938843,0,0.1875,0.1875,0.1875,0.1875,0.1875,0.1875,,,
8.16526198387146,0,0.1875,0.1875,0.1875,0.1875,0.1875,0.1875,,,
8.16726207733154,0,0.1875,0.1875,0.1875,0.1875,0.1875,0.1875,,,
8.16926503181458,0,0.1875,0.1875,0.1875,0.1875,0.1875,0.1875,,,
8.17126488685608,0,0.1875,0.1875,0.1875,0.1875,0.1875,0.1875,,,
8.17326807975769,0,0.1875,0.1875,0.1875,0.1875,0.1875,0.1875,,,
8.17527103424072,0,0.1875,0.1875,0.1875,0.1875,0.1875,0.1875,,,
8.17727088928223,0,0.1875,0.1875,0.1875,0.1875,0.1875,0.1875,,,
8.17927408218384,0,0.1875,0.1875,0.1875,0.1875,0.1875,0.1875,,,
8.18127393722534,0,0.1875,0.1875,0.1875,0.1875,0.1875,0.1875,,,
8.18327689170837,0,0.1875,0.1875,0.1875,0.1875,0.1875,0.1875,,,
8.18527793884277,0,0.1875,0.1875,0.1875,0.1875,0.1875,0.1875,,,
8.18728089332581,0,0.1875,0.1875,0.1875,0.1875,0.1875,0.1875,,,
8.18928289413452,0,0.1875,0.1875,0.1875,0.1875,0.1875,0.1875,,,
8.19128394126892,0,0.1875,0.1875,0.1875,0.1875,0.1875,0.1875,,,
8.19328689575195,0,0.1875,0.1875,0.1875,0.1875,0.1875,0.1875,,,
8.19528698921204,0,0.1875,0.1875,0.1875,0.1875,0.1875,0.1875,,,
8.19728994369507,0,0.1875,0.1875,0.1875,0.1875,0.1875,0.1875,,,
8.1992928981781,0,0.1875,0.1875,0.1875,0.1875,0.1875,0.1875,,,
8.20129299163818,0,0.1875,0.1875,0.1875,0.1875,0.1875,0.1875,,,
8.20329594612122,0,0.1875,0.1875,0.1875,0.1875,0.1875,0.1875,,,
8.2052960395813,0,0.1875,0.1875,0.1875,0.1875,0.1875,0.1875,,,
8.20729899406433,0,0.1875,0.1875,0.1875,0.1875,0.1875,0.1875,,,
8.20929908752441,0,0.1875,0.1875,0.1875,0.1875,0.1875,0.1875,,,
8.21130204200745,0,0.1875,0.1875,0.1875,0.1875,0.1875,0.1875,,,
8.21330499649048,0,0.1875,0.1875,0.1875,0.1875,0.1875,0.1875,,,
8.21530508995056,0,0.1875,0.1875,0.1875,0.1875,0.1875,0.1875,,,
8.21730804443359,0,0.1875,0.1875,0.1875,0.1875,0.1875,0.1875,,,
8.21930909156799,0,0.1875,0.1875,0.1875,0.1875,0.1875,0.1875,,,
8.22131109237671,0,0.1875,0.1875,0.1875,0.1875,0.1875,0.1875,,,
8.22331190109253,0,0.1875,0.1875,0.1875,0.1875,0.1875,0.1875,,,
8.22531509399414,0,0.1875,0.1875,0.1875,0.1875,0.1875,0.1875,,,
8.22731804847717,0,0.1875,0.1875,0.1875,0.1875,0.1875,0.1875,,,
8.22931790351868,0,0.1875,0.1875,0.1875,0.1875,0.1875,0.1875,,,
8.23132109642029,0,0.1875,0.1875,0.1875,0.1875,0.1875,0.1875,,,
8.23332095146179,0,0.1875,0.1875,0.1875,0.1875,0.1875,0.1875,,,
8.23532390594482,0,0.1875,0.1875,0.1875,0.1875,0.1875,0.1875,,,
8.23732399940491,0,0.1875,0.1875,0.1875,0.1875,0.1875,0.1875,,,
8.23932695388794,0,0.1875,0.1875,0.1875,0.1875,0.1875,0.1875,,,
8.24132990837097,0,0.1875,0.1875,0.1875,0.1875,0.1875,0.1875,,,
8.24333000183105,0,0.1875,0.1875,0.1875,0.1875,0.1875,0.1875,,,
8.24533295631409,0,0.1875,0.1875,0.1875,0.1875,0.1875,0.1875,,,
8.24733400344849,0,0.1875,0.1875,0.1875,0.1875,0.1875,0.1875,,,
8.2493360042572,0,0.1875,0.1875,0.1875,0.1875,0.1875,0.1875,,,
8.25133895874023,0,0.1875,0.1875,0.1875,0.1875,0.1875,0.1875,,,
8.25334000587463,0,0.1875,0.1875,0.1875,0.1875,0.1875,0.1875,,,
8.25534200668335,0,0.1875,0.1875,0.1875,0.1875,0.1875,0.1875,,,
8.25734305381775,0,0.1875,0.1875,0.1875,0.1875,0.1875,0.1875,,,
8.25934600830078,0,0.1875,0.1875,0.1875,0.1875,0.1875,0.1875,,,
8.2613480091095,0,0.1875,0.1875,0.1875,0.1875,0.1875,0.1875,,,
8.2633490562439,0,0.1875,0.1875,0.1875,0.1875,0.1875,0.1875,,,
8.26535201072693,0,0.1875,0.1875,0.1875,0.1875,0.1875,0.1875,,,
8.26735186576843,0,0.1875,0.1875,0.1875,0.1875,0.1875,0.1875,,,
8.26935505867004,0,0.1875,0.1875,0.1875,0.1875,0.1875,0.1875,,,
8.27135705947876,0,0.1875,0.1875,0.1875,0.1875,0.1875,0.1875,,,
8.27335786819458,0,0.1875,0.1875,0.1875,0.1875,0.1875,0.1875,,,
8.2753598690033,0,0.1875,0.1875,0.1875,0.1875,0.1875,0.1875,,,
8.27736306190491,0,0.1875,0.1875,0.1875,0.1875,0.1875,0.1875,,,
8.27936387062073,0,0.1875,0.1875,0.1875,0.1875,0.1875,0.1875,,,
8.28136587142944,0,0.1875,0.1875,0.1875,0.1875,0.1875,0.1875,,,
8.28336691856384,0,0.1875,0.1875,0.1875,0.1875,0.1875,0.1875,,,
8.28536987304688,0,0.1875,0.1875,0.1875,0.1875,0.1875,0.1875,,,
8.28736996650696,0,0.1875,0.1875,0.1875,0.1875,0.1875,0.1875,,,
8.28937292098999,0,0.1875,0.1875,0.1875,0.1875,0.1875,0.1875,,,
8.29137587547302,0,0.1875,0.1875,0.1875,0.1875,0.1875,0.1875,,,
8.29337596893311,0,0.1875,0.1875,0.1875,0.1875,0.1875,0.1875,,,
8.29537892341614,0,0.1875,0.1875,0.1875,0.1875,0.1875,0.1875,,,
8.29737901687622,0,0.1875,0.1875,0.1875,0.1875,0.1875,0.1875,,,
8.29938197135925,0,0.1875,0.1875,0.1875,0.1875,0.1875,0.1875,,,
8.30138206481934,0,0.1875,0.1875,0.1875,0.1875,0.1875,0.1875,,,
8.30338501930237,0,0.1875,0.1875,0.1875,0.1875,0.1875,0.1875,,,
8.3053879737854,0,0.1875,0.1875,0.1875,0.1875,0.1875,0.1875,,,
8.30738806724548,0,0.1875,0.1875,0.1875,0.1875,0.1875,0.1875,,,
8.30939102172852,0,0.1875,0.1875,0.1875,0.1875,0.1875,0.1875,,,
8.31139087677002,0,0.1875,0.1875,0.1875,0.1875,0.1875,0.1875,,,
8.31339406967163,0,0.1875,0.1875,0.1875,0.1875,0.1875,0.1875,,,
8.31539702415466,0,0.1875,0.1875,0.1875,0.1875,0.1875,0.1875,,,
8.31739687919617,0,0.1875,0.1875,0.1875,0.1875,0.1875,0.1875,,,
8.31940007209778,0,0.1875,0.1875,0.1875,0.1875,0.1875,0.1875,,,
8.32139992713928,0,0.1875,0.1875,0.1875,0.1875,0.1875,0.1875,,,
8.32340288162231,0,0.1875,0.1875,0.1875,0.1875,0.1875,0.1875,,,
8.3254029750824,0,0.1875,0.1875,0.1875,0.1875,0.1875,0.1875,,,
8.32740592956543,0,0.1875,0.1875,0.1875,0.1875,0.1875,0.1875,,,
8.32940888404846,0,0.1875,0.1875,0.1875,0.1875,0.1875,0.1875,,,
8.33140897750854,0,0.1875,0.1875,0.1875,0.1875,0.1875,0.1875,,,
8.33341193199158,0,0.1875,0.1875,0.1875,0.1875,0.1875,0.1875,,,
8.33541202545166,0,0.1875,0.1875,0.1875,0.1875,0.1875,0.1875,,,
8.33741497993469,0,0.1875,0.1875,0.1875,0.1875,0.1875,0.1875,,,
8.33941793441772,0,0.1875,0.1875,0.1875,0.1875,0.1875,0.1875,,,
8.34141802787781,0,0.1875,0.1875,0.1875,0.1875,0.1875,0.1875,,,
8.34342098236084,0,0.1875,0.1875,0.1875,0.1875,0.1875,0.1875,,,
8.34542107582092,0,0.1875,0.1875,0.1875,0.1875,0.1875,0.1875,,,
8.34742403030396,0,0.1875,0.1875,0.1875,0.1875,0.1875,0.1875,,,
8.34942698478699,0,0.1875,0.1875,0.1875,0.1875,0.1875,0.1875,,,
8.35142707824707,0,0.1875,0.1875,0.1875,0.1875,0.1875,0.1875,,,
8.3534300327301,0,0.1875,0.1875,0.1875,0.1875,0.1875,0.1875,,,
8.35542988777161,0,0.1875,0.1875,0.1875,0.1875,0.1875,0.1875,,,
8.35743308067322,0,0.1875,0.1875,0.1875,0.1875,0.1875,0.1875,,,
8.35943603515625,0,0.1875,0.1875,0.1875,0.1875,0.1875,0.1875,,,
8.36143589019775,0,0.1875,0.1875,0.1875,0.1875,0.1875,0.1875,,,
8.36343908309937,0,0.1875,0.1875,0.1875,0.1875,0.1875,0.1875,,,
8.36543893814087,0,0.1875,0.1875,0.1875,0.1875,0.1875,0.1875,,,
8.3674418926239,0,0.1875,0.1875,0.1875,0.1875,0.1875,0.1875,,,
8.36944508552551,0,0.1875,0.1875,0.1875,0.1875,0.1875,0.1875,,,
8.37144494056702,0,0.1875,0.1875,0.1875,0.1875,0.1875,0.1875,,,
8.37344789505005,0,0.1875,0.1875,0.1875,0.1875,0.1875,0.1875,,,
8.37544798851013,0,0.1875,0.1875,0.1875,0.1875,0.1875,0.1875,,,
8.37745094299316,0,0.1875,0.1875,0.1875,0.1875,0.1875,0.1875,,,
8.37945294380188,0,0.1875,0.1875,0.1875,0.1875,0.1875,0.1875,,,
8.38145399093628,0,0.1875,0.1875,0.1875,0.1875,0.1875,0.1875,,,
8.383455991745,0,0.1875,0.1875,0.1875,0.1875,0.1875,0.1875,,,
8.38545703887939,0,0.1875,0.1875,0.1875,0.1875,0.1875,0.1875,,,
8.38745999336243,0,0.1875,0.1875,0.1875,0.1875,0.1875,0.1875,,,
8.38946008682251,0,0.1875,0.1875,0.1875,0.1875,0.1875,0.1875,,,
8.39146304130554,0,0.1875,0.1875,0.1875,0.1875,0.1875,0.1875,,,
8.39346599578857,0,0.1875,0.1875,0.1875,0.1875,0.1875,0.1875,,,
8.39546608924866,0,0.1875,0.1875,0.1875,0.1875,0.1875,0.1875,,,
8.39746904373169,0,0.1875,0.1875,0.1875,0.1875,0.1875,0.1875,,,
8.39946889877319,0,0.1875,0.1875,0.1875,0.1875,0.1875,0.1875,,,
8.4014720916748,0,0.1875,0.1875,0.1875,0.1875,0.1875,0.1875,,,
8.40347504615784,0,0.1875,0.1875,0.1875,0.1875,0.1875,0.1875,,,
8.40547490119934,0,0.1875,0.1875,0.1875,0.1875,0.1875,0.1875,,,
8.40747809410095,0,0.1875,0.1875,0.1875,0.1875,0.1875,0.1875,,,
8.40947794914246,0,0.1875,0.1875,0.1875,0.1875,0.1875,0.1875,,,
8.41148090362549,0,0.1875,0.1875,0.1875,0.1875,0.1875,0.1875,,,
8.4134840965271,0,0.1875,0.1875,0.1875,0.1875,0.1875,0.1875,,,
8.4154839515686,0,0.1875,0.1875,0.1875,0.1875,0.1875,0.1875,,,
8.41748690605164,0,0.1875,0.1875,0.1875,0.1875,0.1875,0.1875,,,
8.41948699951172,0,0.1875,0.1875,0.1875,0.1875,0.1875,0.1875,,,
8.42148995399475,0,0.1875,0.1875,0.1875,0.1875,0.1875,0.1875,,,
8.42349004745483,0,0.1875,0.1875,0.1875,0.1875,0.1875,0.1875,,,
8.42549300193787,0,0.1875,0.1875,0.1875,0.1875,0.1875,0.1875,,,
8.4274959564209,0,0.1875,0.1875,0.1875,0.1875,0.1875,0.1875,,,
8.42949604988098,0,0.1875,0.1875,0.1875,0.1875,0.1875,0.1875,,,
8.43149900436401,0,0.1875,0.1875,0.1875,0.1875,0.1875,0.1875,,,
8.4334990978241,0,0.1875,0.1875,0.1875,0.1875,0.1875,0.1875,,,
8.43550205230713,0,0.1875,0.1875,0.1875,0.1875,0.1875,0.1875,,,
8.43750500679016,0,0.1875,0.1875,0.1875,0.1875,0.1875,0.1875,,,
8.43950510025024,0,0.1875,0.1875,0.1875,0.1875,0.1875,0.1875,,,
8.44150805473328,0,0.1875,0.1875,0.1875,0.1875,0.1875,0.1875,,,
8.44351100921631,0,0.1875,0.1875,0.1875,0.1875,0.1875,0.1875,,,
8.44551110267639,0,0.1875,0.1875,0.1875,0.1875,0.1875,0.1875,,,
8.44751405715942,0,0.1875,0.1875,0.1875,0.1875,0.1875,0.1875,,,
8.44951391220093,0,0.1875,0.1875,0.1875,0.1875,0.1875,0.1875,,,
8.45151686668396,0,0.1875,0.1875,0.1875,0.1875,0.1875,0.1875,,,
8.45352005958557,0,0.1875,0.1875,0.1875,0.1875,0.1875,0.1875,,,
8.45551991462708,0,0.1875,0.1875,0.1875,0.1875,0.1875,0.1875,,,
8.45752286911011,0,0.1875,0.1875,0.1875,0.1875,0.1875,0.1875,,,
8.45952296257019,0,0.1875,0.1875,0.1875,0.1875,0.1875,0.1875,,,
8.46152591705322,0,0.1875,0.1875,0.1875,0.1875,0.1875,0.1875,,,
8.46352887153625,0,0.1875,0.1875,0.1875,0.1875,0.1875,0.1875,,,
8.46552896499634,0,0.1875,0.1875,0.1875,0.1875,0.1875,0.1875,,,
8.46753191947937,0,0.1875,0.1875,0.1875,0.1875,0.1875,0.1875,,,
8.4695348739624,0,0.1875,0.1875,0.1875,0.1875,0.1875,0.1875,,,
8.47153496742249,0,0.1875,0.1875,0.1875,0.1875,0.1875,0.1875,,,
8.47353792190552,0,0.1875,0.1875,0.1875,0.1875,0.1875,0.1875,,,
8.4755380153656,0,0.1875,0.1875,0.1875,0.1875,0.1875,0.1875,,,
8.47754096984863,0,0.1875,0.1875,0.1875,0.1875,0.1875,0.1875,,,
8.47954392433167,0,0.1875,0.1875,0.1875,0.1875,0.1875,0.1875,,,
8.48154401779175,0,0.1875,0.1875,0.1875,0.1875,0.1875,0.1875,,,
8.48354697227478,0,0.1875,0.1875,0.1875,0.1875,0.1875,0.1875,,,
8.48554706573486,0,0.1875,0.1875,0.1875,0.1875,0.1875,0.1875,,,
8.4875500202179,0,0.1875,0.1875,0.1875,0.1875,0.1875,0.1875,,,
8.48955297470093,0,0.1875,0.1875,0.1875,0.1875,0.1875,0.1875,,,
8.49155306816101,0,0.1875,0.1875,0.1875,0.1875,0.1875,0.1875,,,
8.49355602264404,0,0.1875,0.1875,0.1875,0.1875,0.1875,0.1875,,,
8.49555897712708,0,0.1875,0.1875,0.1875,0.1875,0.1875,0.1875,,,
8.49755907058716,0,0.1875,0.1875,0.1875,0.1875,0.1875,0.1875,,,
8.49956202507019,0,0.1875,0.1875,0.1875,0.1875,0.1875,0.1875,,,
8.50156188011169,0,0.1875,0.1875,0.1875,0.1875,0.1875,0.1875,,,
8.50356507301331,0,0.1875,0.1875,0.1875,0.1875,0.1875,0.1875,,,
8.50556802749634,0,0.1875,0.1875,0.1875,0.1875,0.1875,0.1875,,,
8.50756788253784,0,0.1875,0.1875,0.1875,0.1875,0.1875,0.1875,,,
8.50957107543945,0,0.1875,0.1875,0.1875,0.1875,0.1875,0.1875,,,
8.51157093048096,0,0.1875,0.1875,0.1875,0.1875,0.1875,0.1875,,,
8.51357388496399,0,0.1875,0.1875,0.1875,0.1875,0.1875,0.1875,,,
8.51557397842407,0,0.1875,0.1875,0.1875,0.1875,0.1875,0.1875,,,
8.5175769329071,0,0.1875,0.1875,0.1875,0.1875,0.1875,0.1875,,,
8.51957988739014,0,0.1875,0.1875,0.1875,0.1875,0.1875,0.1875,,,
8.52157998085022,0,0.1875,0.1875,0.1875,0.1875,0.1875,0.1875,,,
8.52358293533325,0,0.1875,0.1875,0.1875,0.1875,0.1875,0.1875,,,
8.52558302879334,0,0.1875,0.1875,0.1875,0.1875,0.1875,0.1875,,,
8.52758598327637,0,0.1875,0.1875,0.1875,0.1875,0.1875,0.1875,,,
8.52958798408508,0,0.1875,0.1875,0.1875,0.1875,0.1875,0.1875,,,
8.53158903121948,0,0.1875,0.1875,0.1875,0.1875,0.1875,0.1875,,,
8.53359198570251,0,0.1875,0.1875,0.1875,0.1875,0.1875,0.1875,,,
8.5355920791626,0,0.1875,0.1875,0.1875,0.1875,0.1875,0.1875,,,
8.53759503364563,0,0.1875,0.1875,0.1875,0.1875,0.1875,0.1875,,,
8.53959488868713,0,0.1875,0.1875,0.1875,0.1875,0.1875,0.1875,,,
8.54159808158875,0,0.1875,0.1875,0.1875,0.1875,0.1875,0.1875,,,
8.54359793663025,0,0.1875,0.1875,0.1875,0.1875,0.1875,0.1875,,,
8.54560089111328,0,0.1875,0.1875,0.1875,0.1875,0.1875,0.1875,,,
8.54760408401489,0,0.1875,0.1875,0.1875,0.1875,0.1875,0.1875,,,
8.5496039390564,0,0.1875,0.1875,0.1875,0.1875,0.1875,0.1875,,,
8.55160689353943,0,0.1875,0.1875,0.1875,0.1875,0.1875,0.1875,,,
8.55361008644104,0,0.1875,0.1875,0.1875,0.1875,0.1875,0.1875,,,
8.55560994148254,0,0.1875,0.1875,0.1875,0.1875,0.1875,0.1875,,,
8.55761289596558,0,0.1875,0.1875,0.1875,0.1875,0.1875,0.1875,,,
8.55961298942566,0,0.1875,0.1875,0.1875,0.1875,0.1875,0.1875,,,
8.56161594390869,0,0.1875,0.1875,0.1875,0.1875,0.1875,0.1875,,,
8.56361889839172,0,0.1875,0.1875,0.1875,0.1875,0.1875,0.1875,,,
8.56563997268677,0,0.1875,0.1875,0.1875,0.1875,0.1875,0.1875,,,
8.5676429271698,0,0.1875,0.1875,0.1875,0.1875,0.1875,0.1875,,,
8.56964302062988,0,0.1875,0.1875,0.1875,0.1875,0.1875,0.1875,,,
8.57164597511292,0,0.1875,0.1875,0.1875,0.1875,0.1875,0.1875,,,
8.57364797592163,0,0.1875,0.1875,0.1875,0.1875,0.1875,0.1875,,,
8.57564902305603,0,0.1875,0.1875,0.1875,0.1875,0.1875,0.1875,,,
8.57765102386475,0,0.1875,0.1875,0.1875,0.1875,0.1875,0.1875,,,
8.57965397834778,0,0.1875,0.1875,0.1875,0.1875,0.1875,0.1875,,,
8.58165502548218,0,0.1875,0.1875,0.1875,0.1875,0.1875,0.1875,,,
8.58365702629089,0,0.1875,0.1875,0.1875,0.1875,0.1875,0.1875,,,
8.58565807342529,0,0.1875,0.1875,0.1875,0.1875,0.1875,0.1875,,,
8.58766102790833,0,0.1875,0.1875,0.1875,0.1875,0.1875,0.1875,,,
8.58966088294983,0,0.1875,0.1875,0.1875,0.1875,0.1875,0.1875,,,
8.59166407585144,0,0.1875,0.1875,0.1875,0.1875,0.1875,0.1875,,,
8.59366703033447,0,0.1875,0.1875,0.1875,0.1875,0.1875,0.1875,,,
8.59566688537598,0,0.1875,0.1875,0.1875,0.1875,0.1875,0.1875,,,
8.59767007827759,0,0.1875,0.1875,0.1875,0.1875,0.1875,0.1875,,,
8.59966993331909,0,0.1875,0.1875,0.1875,0.1875,0.1875,0.1875,,,
8.60167288780212,0,0.1875,0.1875,0.1875,0.1875,0.1875,0.1875,,,
8.60367608070374,0,0.1875,0.1875,0.1875,0.1875,0.1875,0.1875,,,
8.60567593574524,0,0.1875,0.1875,0.1875,0.1875,0.1875,0.1875,,,
8.60767889022827,0,0.1875,0.1875,0.1875,0.1875,0.1875,0.1875,,,
8.60967898368835,0,0.1875,0.1875,0.1875,0.1875,0.1875,0.1875,,,
8.61168193817139,0,0.1875,0.1875,0.1875,0.1875,0.1875,0.1875,,,
8.6136839389801,0,0.1875,0.1875,0.1875,0.1875,0.1875,0.1875,,,
8.6156849861145,0,0.1875,0.1875,0.1875,0.1875,0.1875,0.1875,,,
8.61768698692322,0,0.1875,0.1875,0.1875,0.1875,0.1875,0.1875,,,
8.61968803405762,0,0.1875,0.1875,0.1875,0.1875,0.1875,0.1875,,,
8.62169098854065,0,0.1875,0.1875,0.1875,0.1875,0.1875,0.1875,,,
8.62369108200073,0,0.1875,0.1875,0.1875,0.1875,0.1875,0.1875,,,
8.62569403648376,0,0.1875,0.1875,0.1875,0.1875,0.1875,0.1875,,,
8.62769603729248,0,0.1875,0.1875,0.1875,0.1875,0.1875,0.1875,,,
8.62969708442688,0,0.1875,0.1875,0.1875,0.1875,0.1875,0.1875,,,
8.6316990852356,0,0.1875,0.1875,0.1875,0.1875,0.1875,0.1875,,,
8.63370203971863,0,0.1875,0.1875,0.1875,0.1875,0.1875,0.1875,,,
8.63570189476013,0,0.1875,0.1875,0.1875,0.1875,0.1875,0.1875,,,
8.63770508766174,0,0.1875,0.1875,0.1875,0.1875,0.1875,0.1875,,,
8.63970589637756,0,0.1875,0.1875,0.1875,0.1875,0.1875,0.1875,,,
8.64170789718628,0,0.1875,0.1875,0.1875,0.1875,0.1875,0.1875,,,
8.64370894432068,0,0.1875,0.1875,0.1875,0.1875,0.1875,0.1875,,,
8.64571094512939,0,0.1875,0.1875,0.1875,0.1875,0.1875,0.1875,,,
8.64771389961243,0,0.1875,0.1875,0.1875,0.1875,0.1875,0.1875,,,
8.64971399307251,0,0.1875,0.1875,0.1875,0.1875,0.1875,0.1875,,,
8.65171694755554,0,0.1875,0.1875,0.1875,0.1875,0.1875,0.1875,,,
8.65371799468994,0,0.1875,0.1875,0.1875,0.1875,0.1875,0.1875,,,
8.65571999549866,0,0.1875,0.1875,0.1875,0.1875,0.1875,0.1875,,,
8.65772294998169,0,0.1875,0.1875,0.1875,0.1875,0.1875,0.1875,,,
8.65972304344177,0,0.1875,0.1875,0.1875,0.1875,0.1875,0.1875,,,
8.6617259979248,0,0.1875,0.1875,0.1875,0.1875,0.1875,0.1875,,,
8.66372609138489,0,0.1875,0.1875,0.1875,0.1875,0.1875,0.1875,,,
8.66572904586792,0,0.1875,0.1875,0.1875,0.1875,0.1875,0.1875,,,
8.66773200035095,0,0.1875,0.1875,0.1875,0.1875,0.1875,0.1875,,,
8.66973209381104,0,0.1875,0.1875,0.1875,0.1875,0.1875,0.1875,,,
8.67173504829407,0,0.1875,0.1875,0.1875,0.1875,0.1875,0.1875,,,
8.67373609542847,0,0.1875,0.1875,0.1875,0.1875,0.1875,0.1875,,,
8.67573809623718,0,0.1875,0.1875,0.1875,0.1875,0.1875,0.1875,,,
8.677738904953,0,0.1875,0.1875,0.1875,0.1875,0.1875,0.1875,,,
8.67974209785461,0,0.1875,0.1875,0.1875,0.1875,0.1875,0.1875,,,
8.68174409866333,0,0.1875,0.1875,0.1875,0.1875,0.1875,0.1875,,,
8.68374490737915,0,0.1875,0.1875,0.1875,0.1875,0.1875,0.1875,,,
8.68574690818787,0,0.1875,0.1875,0.1875,0.1875,0.1875,0.1875,,,
8.68774795532227,0,0.1875,0.1875,0.1875,0.1875,0.1875,0.1875,,,
8.6897509098053,0,0.1875,0.1875,0.1875,0.1875,0.1875,0.1875,,,
8.69175291061401,0,0.1875,0.1875,0.1875,0.1875,0.1875,0.1875,,,
8.69375395774841,0,0.1875,0.1875,0.1875,0.1875,0.1875,0.1875,,,
8.69575595855713,0,0.1875,0.1875,0.1875,0.1875,0.1875,0.1875,,,
8.69775700569153,0,0.1875,0.1875,0.1875,0.1875,0.1875,0.1875,,,
8.69975996017456,0,0.1875,0.1875,0.1875,0.1875,0.1875,0.1875,,,
8.70176196098328,0,0.1875,0.1875,0.1875,0.1875,0.1875,0.1875,,,
8.70376300811768,0,0.1875,0.1875,0.1875,0.1875,0.1875,0.1875,,,
8.70576596260071,0,0.1875,0.1875,0.1875,0.1875,0.1875,0.1875,,,
8.70776605606079,0,0.1875,0.1875,0.1875,0.1875,0.1875,0.1875,,,
8.70976901054382,0,0.1875,0.1875,0.1875,0.1875,0.1875,0.1875,,,
8.71177101135254,0,0.1875,0.1875,0.1875,0.1875,0.1875,0.1875,,,
8.71377205848694,0,0.1875,0.1875,0.1875,0.1875,0.1875,0.1875,,,
8.71577501296997,0,0.1875,0.1875,0.1875,0.1875,0.1875,0.1875,,,
8.71777486801147,0,0.1875,0.1875,0.1875,0.1875,0.1875,0.1875,,,
8.71977806091309,0,0.1875,0.1875,0.1875,0.1875,0.1875,0.1875,,,
8.72177791595459,0,0.1875,0.1875,0.1875,0.1875,0.1875,0.1875,,,
8.72378087043762,0,0.1875,0.1875,0.1875,0.1875,0.1875,0.1875,,,
8.72578406333923,0,0.1875,0.1875,0.1875,0.1875,0.1875,0.1875,,,
8.72778391838074,0,0.1875,0.1875,0.1875,0.1875,0.1875,0.1875,,,
8.72978687286377,0,0.1875,0.1875,0.1875,0.1875,0.1875,0.1875,,,
8.73178696632385,0,0.1875,0.1875,0.1875,0.1875,0.1875,0.1875,,,
8.73378992080688,0,0.1875,0.1875,0.1875,0.1875,0.1875,0.1875,,,
8.73579001426697,0,0.1875,0.1875,0.1875,0.1875,0.1875,0.1875,,,
8.73779296875,0,0.1875,0.1875,0.1875,0.1875,0.1875,0.1875,,,
8.73979592323303,0,0.1875,0.1875,0.1875,0.1875,0.1875,0.1875,,,
8.74179601669312,0,0.1875,0.1875,0.1875,0.1875,0.1875,0.1875,,,
8.74379897117615,0,0.1875,0.1875,0.1875,0.1875,0.1875,0.1875,,,
8.74579906463623,0,0.1875,0.1875,0.1875,0.1875,0.1875,0.1875,,,
8.74780201911926,0,0.1875,0.1875,0.1875,0.1875,0.1875,0.1875,,,
8.74980497360229,0,0.1875,0.1875,0.1875,0.1875,0.1875,0.1875,,,
8.75180506706238,0,0.1875,0.1875,0.1875,0.1875,0.1875,0.1875,,,
8.75380802154541,0,0.1875,0.1875,0.1875,0.1875,0.1875,0.1875,,,
8.75580787658691,0,0.1875,0.1875,0.1875,0.1875,0.1875,0.1875,,,
8.75781106948853,0,0.1875,0.1875,0.1875,0.1875,0.1875,0.1875,,,
8.75981402397156,0,0.1875,0.1875,0.1875,0.1875,0.1875,0.1875,,,
8.76181387901306,0,0.1875,0.1875,0.1875,0.1875,0.1875,0.1875,,,
8.76381707191467,0,0.1875,0.1875,0.1875,0.1875,0.1875,0.1875,,,
8.76582002639771,0,0.1875,0.1875,0.1875,0.1875,0.1875,0.1875,,,
8.76781988143921,0,0.1875,0.1875,0.1875,0.1875,0.1875,0.1875,,,
8.76982307434082,0,0.1875,0.1875,0.1875,0.1875,0.1875,0.1875,,,
8.77182602882385,0,0.1875,0.1875,0.1875,0.1875,0.1875,0.1875,,,
8.77382588386536,0,0.1875,0.1875,0.1875,0.1875,0.1875,0.1875,,,
8.77582907676697,0,0.1875,0.1875,0.1875,0.1875,0.1875,0.1875,,,
8.77782893180847,0,0.1875,0.1875,0.1875,0.1875,0.1875,0.1875,,,
8.7798318862915,0,0.1875,0.1875,0.1875,0.1875,0.1875,0.1875,,,
8.78183507919312,0,0.1875,0.1875,0.1875,0.1875,0.1875,0.1875,,,
8.78383493423462,0,0.1875,0.1875,0.1875,0.1875,0.1875,0.1875,,,
8.78583788871765,0,0.1875,0.1875,0.1875,0.1875,0.1875,0.1875,,,
8.78783798217773,0,0.1875,0.1875,0.1875,0.1875,0.1875,0.1875,,,
8.78984093666077,0,0.1875,0.1875,0.1875,0.1875,0.1875,0.1875,,,
8.7918438911438,0,0.1875,0.1875,0.1875,0.1875,0.1875,0.1875,,,
8.79384398460388,0,0.1875,0.1875,0.1875,0.1875,0.1875,0.1875,,,
8.79584693908691,0,0.1875,0.1875,0.1875,0.1875,0.1875,0.1875,,,
8.797847032547,0,0.1875,0.1875,0.1875,0.1875,0.1875,0.1875,,,
8.79984998703003,0,0.1875,0.1875,0.1875,0.1875,0.1875,0.1875,,,
8.80185294151306,0,0.1875,0.1875,0.1875,0.1875,0.1875,0.1875,,,
8.80385303497314,0,0.1875,0.1875,0.1875,0.1875,0.1875,0.1875,,,
8.80585598945618,0,0.1875,0.1875,0.1875,0.1875,0.1875,0.1875,,,
8.80785894393921,0,0.1875,0.1875,0.1875,0.1875,0.1875,0.1875,,,
8.80985903739929,0,0.1875,0.1875,0.1875,0.1875,0.1875,0.1875,,,
8.81186199188232,0,0.1875,0.1875,0.1875,0.1875,0.1875,0.1875,,,
8.81386208534241,0,0.1875,0.1875,0.1875,0.1875,0.1875,0.1875,,,
8.81586503982544,0,0.1875,0.1875,0.1875,0.1875,0.1875,0.1875,,,
8.81786799430847,0,0.1875,0.1875,0.1875,0.1875,0.1875,0.1875,,,
8.81986808776855,0,0.1875,0.1875,0.1875,0.1875,0.1875,0.1875,,,
8.82187104225159,0,0.1875,0.1875,0.1875,0.1875,0.1875,0.1875,,,
8.82387089729309,0,0.1875,0.1875,0.1875,0.1875,0.1875,0.1875,,,
8.8258740901947,0,0.1875,0.1875,0.1875,0.1875,0.1875,0.1875,,,
8.82787394523621,0,0.1875,0.1875,0.1875,0.1875,0.1875,0.1875,,,
8.82987689971924,0,0.1875,0.1875,0.1875,0.1875,0.1875,0.1875,,,
8.83188009262085,0,0.1875,0.1875,0.1875,0.1875,0.1875,0.1875,,,
8.83387994766235,0,0.1875,0.1875,0.1875,0.1875,0.1875,0.1875,,,
8.83588290214539,0,0.1875,0.1875,0.1875,0.1875,0.1875,0.1875,,,
8.83788299560547,0,0.1875,0.1875,0.1875,0.1875,0.1875,0.1875,,,
8.8398859500885,0,0.1875,0.1875,0.1875,0.1875,0.1875,0.1875,,,
8.84188890457153,0,0.1875,0.1875,0.1875,0.1875,0.1875,0.1875,,,
8.84388899803162,0,0.1875,0.1875,0.1875,0.1875,0.1875,0.1875,,,
8.84589195251465,0,0.1875,0.1875,0.1875,0.1875,0.1875,0.1875,,,
8.84789299964905,0,0.1875,0.1875,0.1875,0.1875,0.1875,0.1875,,,
8.84989595413208,0,0.1875,0.1875,0.1875,0.1875,0.1875,0.1875,,,
8.85189604759216,0,0.1875,0.1875,0.1875,0.1875,0.1875,0.1875,,,
8.8538990020752,0,0.1875,0.1875,0.1875,0.1875,0.1875,0.1875,,,
8.85590195655823,0,0.1875,0.1875,0.1875,0.1875,0.1875,0.1875,,,
8.85790205001831,0,0.1875,0.1875,0.1875,0.1875,0.1875,0.1875,,,
8.85990500450134,0,0.1875,0.1875,0.1875,0.1875,0.1875,0.1875,,,
8.86190509796143,0,0.1875,0.1875,0.1875,0.1875,0.1875,0.1875,,,
8.86390805244446,0,0.1875,0.1875,0.1875,0.1875,0.1875,0.1875,,,
8.86590790748596,0,0.1875,0.1875,0.1875,0.1875,0.1875,0.1875,,,
8.86791110038757,0,0.1875,0.1875,0.1875,0.1875,0.1875,0.1875,,,
8.86991405487061,0,0.1875,0.1875,0.1875,0.1875,0.1875,0.1875,,,
8.87191390991211,0,0.1875,0.1875,0.1875,0.1875,0.1875,0.1875,,,
8.87391710281372,0,0.1875,0.1875,0.1875,0.1875,0.1875,0.1875,,,
8.87591695785522,0,0.1875,0.1875,0.1875,0.1875,0.1875,0.1875,,,
8.87791991233826,0,0.1875,0.1875,0.1875,0.1875,0.1875,0.1875,,,
8.87992000579834,0,0.1875,0.1875,0.1875,0.1875,0.1875,0.1875,,,
8.88192296028137,0,0.1875,0.1875,0.1875,0.1875,0.1875,0.1875,,,
8.8839259147644,0,0.1875,0.1875,0.1875,0.1875,0.1875,0.1875,,,
8.88592600822449,0,0.1875,0.1875,0.1875,0.1875,0.1875,0.1875,,,
8.88792896270752,0,0.1875,0.1875,0.1875,0.1875,0.1875,0.1875,,,
8.8899290561676,0,0.1875,0.1875,0.1875,0.1875,0.1875,0.1875,,,
8.89193201065063,0,0.1875,0.1875,0.1875,0.1875,0.1875,0.1875,,,
8.89393186569214,0,0.1875,0.1875,0.1875,0.1875,0.1875,0.1875,,,
8.89593505859375,0,0.1875,0.1875,0.1875,0.1875,0.1875,0.1875,,,
8.89793801307678,0,0.1875,0.1875,0.1875,0.1875,0.1875,0.1875,,,
8.89993786811829,0,0.1875,0.1875,0.1875,0.1875,0.1875,0.1875,,,
8.9019410610199,0,0.1875,0.1875,0.1875,0.1875,0.1875,0.1875,,,
8.9039409160614,0,0.1875,0.1875,0.1875,0.1875,0.1875,0.1875,,,
8.90594387054443,0,0.1875,0.1875,0.1875,0.1875,0.1875,0.1875,,,
8.90794396400452,0,0.1875,0.1875,0.1875,0.1875,0.1875,0.1875,,,
8.90994691848755,0,0.1875,0.1875,0.1875,0.1875,0.1875,0.1875,,,
8.91194987297058,0,0.1875,0.1875,0.1875,0.1875,0.1875,0.1875,,,
8.91394996643066,0,0.1875,0.1875,0.1875,0.1875,0.1875,0.1875,,,
8.9159529209137,0,0.1875,0.1875,0.1875,0.1875,0.1875,0.1875,,,
8.91795301437378,0,0.1875,0.1875,0.1875,0.1875,0.1875,0.1875,,,
8.91995596885681,0,0.1875,0.1875,0.1875,0.1875,0.1875,0.1875,,,
8.92195892333984,0,0.1875,0.1875,0.1875,0.1875,0.1875,0.1875,,,
8.92395901679993,0,0.1875,0.1875,0.1875,0.1875,0.1875,0.1875,,,
8.92596197128296,0,0.1875,0.1875,0.1875,0.1875,0.1875,0.1875,,,
8.92796206474304,0,0.1875,0.1875,0.1875,0.1875,0.1875,0.1875,,,
8.92996501922607,0,0.1875,0.1875,0.1875,0.1875,0.1875,0.1875,,,
8.93196606636047,0,0.1875,0.1875,0.1875,0.1875,0.1875,0.1875,,,
8.93396806716919,0,0.1875,0.1875,0.1875,0.1875,0.1875,0.1875,,,
8.93597102165222,0,0.1875,0.1875,0.1875,0.1875,0.1875,0.1875,,,
8.93797206878662,0,0.1875,0.1875,0.1875,0.1875,0.1875,0.1875,,,
8.93997406959534,0,0.1875,0.1875,0.1875,0.1875,0.1875,0.1875,,,
8.94197487831116,0,0.1875,0.1875,0.1875,0.1875,0.1875,0.1875,,,
8.94397807121277,0,0.1875,0.1875,0.1875,0.1875,0.1875,0.1875,,,
8.94598007202148,0,0.1875,0.1875,0.1875,0.1875,0.1875,0.1875,,,
8.9479808807373,0,0.1875,0.1875,0.1875,0.1875,0.1875,0.1875,,,
8.94998407363892,0,0.1875,0.1875,0.1875,0.1875,0.1875,0.1875,,,
8.95198392868042,0,0.1875,0.1875,0.1875,0.1875,0.1875,0.1875,,,
8.95398688316345,0,0.1875,0.1875,0.1875,0.1875,0.1875,0.1875,,,
8.95598888397217,0,0.1875,0.1875,0.1875,0.1875,0.1875,0.1875,,,
8.95798993110657,0,0.1875,0.1875,0.1875,0.1875,0.1875,0.1875,,,
8.95999193191528,0,0.1875,0.1875,0.1875,0.1875,0.1875,0.1875,,,
8.96199488639832,0,0.1875,0.1875,0.1875,0.1875,0.1875,0.1875,,,
8.96399593353271,0,0.1875,0.1875,0.1875,0.1875,0.1875,0.1875,,,
8.96599793434143,0,0.1875,0.1875,0.1875,0.1875,0.1875,0.1875,,,
8.96799898147583,0,0.1875,0.1875,0.1875,0.1875,0.1875,0.1875,,,
8.97000193595886,0,0.1875,0.1875,0.1875,0.1875,0.1875,0.1875,,,
8.97200393676758,0,0.1875,0.1875,0.1875,0.1875,0.1875,0.1875,,,
8.97400498390198,0,0.1875,0.1875,0.1875,0.1875,0.1875,0.1875,,,
8.97600793838501,0,0.1875,0.1875,0.1875,0.1875,0.1875,0.1875,,,
8.97800803184509,0,0.1875,0.1875,0.1875,0.1875,0.1875,0.1875,,,
8.98001098632813,0,0.1875,0.1875,0.1875,0.1875,0.1875,0.1875,,,
8.98201107978821,0,0.1875,0.1875,0.1875,0.1875,0.1875,0.1875,,,
8.98401403427124,0,0.1875,0.1875,0.1875,0.1875,0.1875,0.1875,,,
8.98601698875427,0,0.1875,0.1875,0.1875,0.1875,0.1875,0.1875,,,
8.98801708221436,0,0.1875,0.1875,0.1875,0.1875,0.1875,0.1875,,,
8.99002003669739,0,0.1875,0.1875,0.1875,0.1875,0.1875,0.1875,,,
8.99201989173889,0,0.1875,0.1875,0.1875,0.1875,0.1875,0.1875,,,
8.9940230846405,0,0.1875,0.1875,0.1875,0.1875,0.1875,0.1875,,,
8.99602603912354,0,0.1875,0.1875,0.1875,0.1875,0.1875,0.1875,,,
8.99802589416504,0,0.1875,0.1875,0.1875,0.1875,0.1875,0.1875,,,
9.00002908706665,0,0.1875,0.1875,0.1875,0.1875,0.1875,0.1875,,,
9.00202894210815,0,0.1875,0.1875,0.1875,0.1875,0.1875,0.1875,,,
9.00403189659119,0,0.1875,0.1875,0.1875,0.1875,0.1875,0.1875,,,
9.0060338973999,0,0.1875,0.1875,0.1875,0.1875,0.1875,0.1875,,,
9.00803589820862,0,0.1875,0.1875,0.1875,0.1875,0.1875,0.1875,,,
9.01003694534302,0,0.1875,0.1875,0.1875,0.1875,0.1875,0.1875,,,
9.01203989982605,0,0.1875,0.1875,0.1875,0.1875,0.1875,0.1875,,,
9.01403999328613,0,0.1875,0.1875,0.1875,0.1875,0.1875,0.1875,,,
9.01604294776917,0,0.1875,0.1875,0.1875,0.1875,0.1875,0.1875,,,
9.0180459022522,0,0.1875,0.1875,0.1875,0.1875,0.1875,0.1875,,,
9.02004599571228,0,0.1875,0.1875,0.1875,0.1875,0.1875,0.1875,,,
9.02204895019531,0,0.1875,0.1875,0.1875,0.1875,0.1875,0.1875,,,
9.02404999732971,0,0.1875,0.1875,0.1875,0.1875,0.1875,0.1875,,,
9.02605199813843,0,0.1875,0.1875,0.1875,0.1875,0.1875,0.1875,,,
9.02805304527283,0,0.1875,0.1875,0.1875,0.1875,0.1875,0.1875,,,
9.03005599975586,0,0.1875,0.1875,0.1875,0.1875,0.1875,0.1875,,,
9.03205609321594,0,0.1875,0.1875,0.1875,0.1875,0.1875,0.1875,,,
9.03405904769897,0,0.1875,0.1875,0.1875,0.1875,0.1875,0.1875,,,
9.03605890274048,0,0.1875,0.1875,0.1875,0.1875,0.1875,0.1875,,,
9.03806209564209,0,0.1875,0.1875,0.1875,0.1875,0.1875,0.1875,,,
9.04006290435791,0,0.1875,0.1875,0.1875,0.1875,0.1875,0.1875,,,
9.04206609725952,0,0.1875,0.1875,0.1875,0.1875,0.1875,0.1875,,,
9.04406905174255,0,0.1875,0.1875,0.1875,0.1875,0.1875,0.1875,,,
9.04606890678406,0,0.1875,0.1875,0.1875,0.1875,0.1875,0.1875,,,
9.04807209968567,0,0.1875,0.1875,0.1875,0.1875,0.1875,0.1875,,,
9.05007290840149,0,0.1875,0.1875,0.1875,0.1875,0.1875,0.1875,,,
9.05207300186157,0,0.1875,0.1875,0.1875,0.1875,0.1875,0.1875,,,
9.0540759563446,0,0.1875,0.1875,0.1875,0.1875,0.1875,0.1875,,,
9.05607891082764,0,0.1875,0.1875,0.1875,0.1875,0.1875,0.1875,,,
9.05807900428772,0,0.1875,0.1875,0.1875,0.1875,0.1875,0.1875,,,
9.06013107299805,0,0.1875,0.1875,0.1875,0.1875,0.1875,0.1875,,,
9.06213092803955,0,0.1875,0.1875,0.1875,0.1875,0.1875,0.1875,,,
9.06413388252258,0,0.1875,0.1875,0.1875,0.1875,0.1875,0.1875,,,
9.06613707542419,0,0.1875,0.1875,0.1875,0.1875,0.1875,0.1875,,,
9.0681369304657,0,0.1875,0.1875,0.1875,0.1875,0.1875,0.1875,,,
9.07013893127441,0,0.1875,0.1875,0.1875,0.1875,0.1875,0.1875,,,
9.07214188575745,0,0.1875,0.1875,0.1875,0.1875,0.1875,0.1875,,,
9.07414197921753,0,0.1875,0.1875,0.1875,0.1875,0.1875,0.1875,,,
9.07614493370056,0,0.1875,0.1875,0.1875,0.1875,0.1875,0.1875,,,
9.07814502716064,0,0.1875,0.1875,0.1875,0.1875,0.1875,0.1875,,,
9.08014702796936,0,0.1875,0.1875,0.1875,0.1875,0.1875,0.1875,,,
9.08214998245239,0,0.1875,0.1875,0.1875,0.1875,0.1875,0.1875,,,
9.08415102958679,0,0.1875,0.1875,0.1875,0.1875,0.1875,0.1875,,,
9.08615303039551,0,0.1875,0.1875,0.1875,0.1875,0.1875,0.1875,,,
9.08815288543701,0,0.1875,0.1875,0.1875,0.1875,0.1875,0.1875,,,
9.09015607833862,0,0.1875,0.1875,0.1875,0.1875,0.1875,0.1875,,,
9.09215903282166,0,0.1875,0.1875,0.1875,0.1875,0.1875,0.1875,,,
9.09415888786316,0,0.1875,0.1875,0.1875,0.1875,0.1875,0.1875,,,
9.09616088867188,0,0.1875,0.1875,0.1875,0.1875,0.1875,0.1875,,,
9.09816408157349,0,0.1875,0.1875,0.1875,0.1875,0.1875,0.1875,,,
9.10016393661499,0,0.1875,0.1875,0.1875,0.1875,0.1875,0.1875,,,
9.10216689109802,0,0.1875,0.1875,0.1875,0.1875,0.1875,0.1875,,,
9.10417008399963,0,0.1875,0.1875,0.1875,0.1875,0.1875,0.1875,,,
9.10616993904114,0,0.1875,0.1875,0.1875,0.1875,0.1875,0.1875,,,
9.10817289352417,0,0.1875,0.1875,0.1875,0.1875,0.1875,0.1875,,,
9.11017298698425,0,0.1875,0.1875,0.1875,0.1875,0.1875,0.1875,,,
9.11217498779297,0,0.1875,0.1875,0.1875,0.1875,0.1875,0.1875,,,
9.114177942276,0,0.1875,0.1875,0.1875,0.1875,0.1875,0.1875,,,
9.11617803573608,0,0.1875,0.1875,0.1875,0.1875,0.1875,0.1875,,,
9.11818099021912,0,0.1875,0.1875,0.1875,0.1875,0.1875,0.1875,,,
9.1201810836792,0,0.1875,0.1875,0.1875,0.1875,0.1875,0.1875,,,
9.12218403816223,0,0.1875,0.1875,0.1875,0.1875,0.1875,0.1875,,,
9.12418603897095,0,0.1875,0.1875,0.1875,0.1875,0.1875,0.1875,,,
9.12618708610535,0,0.1875,0.1875,0.1875,0.1875,0.1875,0.1875,,,
9.12818908691406,0,0.1875,0.1875,0.1875,0.1875,0.1875,0.1875,,,
9.13018989562988,0,0.1875,0.1875,0.1875,0.1875,0.1875,0.1875,,,
9.1321918964386,0,0.1875,0.1875,0.1875,0.1875,0.1875,0.1875,,,
9.13419508934021,0,0.1875,0.1875,0.1875,0.1875,0.1875,0.1875,,,
9.13619494438171,0,0.1875,0.1875,0.1875,0.1875,0.1875,0.1875,,,
9.13819789886475,0,0.1875,0.1875,0.1875,0.1875,0.1875,0.1875,,,
9.14019989967346,0,0.1875,0.1875,0.1875,0.1875,0.1875,0.1875,,,
9.14220094680786,0,0.1875,0.1875,0.1875,0.1875,0.1875,0.1875,,,
9.14420294761658,0,0.1875,0.1875,0.1875,0.1875,0.1875,0.1875,,,
9.14620590209961,0,0.1875,0.1875,0.1875,0.1875,0.1875,0.1875,,,
9.14820599555969,0,0.1875,0.1875,0.1875,0.1875,0.1875,0.1875,,,
9.15020799636841,0,0.1875,0.1875,0.1875,0.1875,0.1875,0.1875,,,
9.15220904350281,0,0.1875,0.1875,0.1875,0.1875,0.1875,0.1875,,,
9.15421104431152,0,0.1875,0.1875,0.1875,0.1875,0.1875,0.1875,,,
9.15621399879456,0,0.1875,0.1875,0.1875,0.1875,0.1875,0.1875,,,
9.15821504592896,0,0.1875,0.1875,0.1875,0.1875,0.1875,0.1875,,,
9.16022205352783,0,0.1875,0.1875,0.1875,0.1875,0.1875,0.1875,,,
9.16222310066223,0,0.1875,0.1875,0.1875,0.1875,0.1875,0.1875,,,
9.16422510147095,0,0.1875,0.1875,0.1875,0.1875,0.1875,0.1875,,,
9.16622591018677,0,0.1875,0.1875,0.1875,0.1875,0.1875,0.1875,,,
9.16822600364685,0,0.1875,0.1875,0.1875,0.1875,0.1875,0.1875,,,
9.17022609710693,0,0.1875,0.1875,0.1875,0.1875,0.1875,0.1875,,,
9.17222595214844,0,0.1875,0.1875,0.1875,0.1875,0.1875,0.1875,,,
9.17422890663147,0,0.1875,0.1875,0.1875,0.1875,0.1875,0.1875,,,
9.17623209953308,0,0.1875,0.1875,0.1875,0.1875,0.1875,0.1875,,,
9.17823195457459,0,0.1875,0.1875,0.1875,0.1875,0.1875,0.1875,,,
9.18023490905762,0,0.1875,0.1875,0.1875,0.1875,0.1875,0.1875,,,
9.1822350025177,0,0.1875,0.1875,0.1875,0.1875,0.1875,0.1875,,,
9.18423795700073,0,0.1875,0.1875,0.1875,0.1875,0.1875,0.1875,,,
9.18623805046082,0,0.1875,0.1875,0.1875,0.1875,0.1875,0.1875,,,
9.18824100494385,0,0.1875,0.1875,0.1875,0.1875,0.1875,0.1875,,,
9.19024395942688,0,0.1875,0.1875,0.1875,0.1875,0.1875,0.1875,,,
9.19224405288696,0,0.1875,0.1875,0.1875,0.1875,0.1875,0.1875,,,
9.19424700737,0,0.1875,0.1875,0.1875,0.1875,0.1875,0.1875,,,
9.19624710083008,0,0.1875,0.1875,0.1875,0.1875,0.1875,0.1875,,,
9.19825005531311,0,0.1875,0.1875,0.1875,0.1875,0.1875,0.1875,,,
9.20025300979614,0,0.1875,0.1875,0.1875,0.1875,0.1875,0.1875,,,
9.20225310325623,0,0.1875,0.1875,0.1875,0.1875,0.1875,0.1875,,,
9.20425605773926,0,0.1875,0.1875,0.1875,0.1875,0.1875,0.1875,,,
9.20625591278076,0,0.1875,0.1875,0.1875,0.1875,0.1875,0.1875,,,
9.20825886726379,0,0.1875,0.1875,0.1875,0.1875,0.1875,0.1875,,,
9.21025896072388,0,0.1875,0.1875,0.1875,0.1875,0.1875,0.1875,,,
9.21226191520691,0,0.1875,0.1875,0.1875,0.1875,0.1875,0.1875,,,
9.21426486968994,0,0.1875,0.1875,0.1875,0.1875,0.1875,0.1875,,,
9.21626496315002,0,0.1875,0.1875,0.1875,0.1875,0.1875,0.1875,,,
9.21826791763306,0,0.1875,0.1875,0.1875,0.1875,0.1875,0.1875,,,
9.22026801109314,0,0.1875,0.1875,0.1875,0.1875,0.1875,0.1875,,,
9.22227096557617,0,0.1875,0.1875,0.1875,0.1875,0.1875,0.1875,,,
9.2242739200592,0,0.1875,0.1875,0.1875,0.1875,0.1875,0.1875,,,
9.22627401351929,0,0.1875,0.1875,0.1875,0.1875,0.1875,0.1875,,,
9.22827696800232,0,0.1875,0.1875,0.1875,0.1875,0.1875,0.1875,,,
9.2302770614624,0,0.1875,0.1875,0.1875,0.1875,0.1875,0.1875,,,
9.23228001594543,0,0.1875,0.1875,0.1875,0.1875,0.1875,0.1875,,,
9.23427987098694,0,0.1875,0.1875,0.1875,0.1875,0.1875,0.1875,,,
9.23628306388855,0,0.1875,0.1875,0.1875,0.1875,0.1875,0.1875,,,
9.23828601837158,0,0.1875,0.1875,0.1875,0.1875,0.1875,0.1875,,,
9.24028587341309,0,0.1875,0.1875,0.1875,0.1875,0.1875,0.1875,,,
9.2422890663147,0,0.1875,0.1875,0.1875,0.1875,0.1875,0.1875,,,
9.2442889213562,0,0.1875,0.1875,0.1875,0.1875,0.1875,0.1875,,,
9.24629187583923,0,0.1875,0.1875,0.1875,0.1875,0.1875,0.1875,,,
9.24829292297363,0,0.1875,0.1875,0.1875,0.1875,0.1875,0.1875,,,
9.25029492378235,0,0.1875,0.1875,0.1875,0.1875,0.1875,0.1875,,,
9.25229787826538,0,0.1875,0.1875,0.1875,0.1875,0.1875,0.1875,,,
9.25429892539978,0,0.1875,0.1875,0.1875,0.1875,0.1875,0.1875,,,
9.2563009262085,0,0.1875,0.1875,0.1875,0.1875,0.1875,0.1875,,,
9.2583019733429,0,0.1875,0.1875,0.1875,0.1875,0.1875,0.1875,,,
9.26030492782593,0,0.1875,0.1875,0.1875,0.1875,0.1875,0.1875,,,
9.26230692863464,0,0.1875,0.1875,0.1875,0.1875,0.1875,0.1875,,,
9.26430797576904,0,0.1875,0.1875,0.1875,0.1875,0.1875,0.1875,,,
9.26631093025208,0,0.1875,0.1875,0.1875,0.1875,0.1875,0.1875,,,
9.26831102371216,0,0.1875,0.1875,0.1875,0.1875,0.1875,0.1875,,,
9.27031397819519,0,0.1875,0.1875,0.1875,0.1875,0.1875,0.1875,,,
9.27231407165527,0,0.1875,0.1875,0.1875,0.1875,0.1875,0.1875,,,
9.27431702613831,0,0.1875,0.1875,0.1875,0.1875,0.1875,0.1875,,,
9.27631998062134,0,0.1875,0.1875,0.1875,0.1875,0.1875,0.1875,,,
9.27832007408142,0,0.1875,0.1875,0.1875,0.1875,0.1875,0.1875,,,
9.28032302856445,0,0.1875,0.1875,0.1875,0.1875,0.1875,0.1875,,,
9.28232288360596,0,0.1875,0.1875,0.1875,0.1875,0.1875,0.1875,,,
9.28432607650757,0,0.1875,0.1875,0.1875,0.1875,0.1875,0.1875,,,
9.2863290309906,0,0.1875,0.1875,0.1875,0.1875,0.1875,0.1875,,,
9.2883288860321,0,0.1875,0.1875,0.1875,0.1875,0.1875,0.1875,,,
9.29033207893372,0,0.1875,0.1875,0.1875,0.1875,0.1875,0.1875,,,
9.29233193397522,0,0.1875,0.1875,0.1875,0.1875,0.1875,0.1875,,,
9.29433488845825,0,0.1875,0.1875,0.1875,0.1875,0.1875,0.1875,,,
9.29633808135986,0,0.1875,0.1875,0.1875,0.1875,0.1875,0.1875,,,
9.29833793640137,0,0.1875,0.1875,0.1875,0.1875,0.1875,0.1875,,,
9.3003408908844,0,0.1875,0.1875,0.1875,0.1875,0.1875,0.1875,,,
9.30234098434448,0,0.1875,0.1875,0.1875,0.1875,0.1875,0.1875,,,
9.30434393882751,0,0.1875,0.1875,0.1875,0.1875,0.1875,0.1875,,,
9.30634498596191,0,0.1875,0.1875,0.1875,0.1875,0.1875,0.1875,,,
9.30834698677063,0,0.1875,0.1875,0.1875,0.1875,0.1875,0.1875,,,
9.31034994125366,0,0.1875,0.1875,0.1875,0.1875,0.1875,0.1875,,,
9.31235003471375,0,0.1875,0.1875,0.1875,0.1875,0.1875,0.1875,,,
9.31435298919678,0,0.1875,0.1875,0.1875,0.1875,0.1875,0.1875,,,
9.31635308265686,0,0.1875,0.1875,0.1875,0.1875,0.1875,0.1875,,,
9.31835603713989,0,0.1875,0.1875,0.1875,0.1875,0.1875,0.1875,,,
9.32035708427429,0,0.1875,0.1875,0.1875,0.1875,0.1875,0.1875,,,
9.32236003875732,0,0.1875,0.1875,0.1875,0.1875,0.1875,0.1875,,,
9.32436203956604,0,0.1875,0.1875,0.1875,0.1875,0.1875,0.1875,,,
9.32636308670044,0,0.1875,0.1875,0.1875,0.1875,0.1875,0.1875,,,
9.32836508750916,0,0.1875,0.1875,0.1875,0.1875,0.1875,0.1875,,,
9.33036589622498,0,0.1875,0.1875,0.1875,0.1875,0.1875,0.1875,,,
9.33236908912659,0,0.1875,0.1875,0.1875,0.1875,0.1875,0.1875,,,
9.3343710899353,0,0.1875,0.1875,0.1875,0.1875,0.1875,0.1875,,,
9.33637189865112,0,0.1875,0.1875,0.1875,0.1875,0.1875,0.1875,,,
9.33837509155273,0,0.1875,0.1875,0.1875,0.1875,0.1875,0.1875,,,
9.34037494659424,0,0.1875,0.1875,0.1875,0.1875,0.1875,0.1875,,,
9.34237790107727,0,0.1875,0.1875,0.1875,0.1875,0.1875,0.1875,,,
9.34437799453735,0,0.1875,0.1875,0.1875,0.1875,0.1875,0.1875,,,
9.34638094902039,0,0.1875,0.1875,0.1875,0.1875,0.1875,0.1875,,,
9.34838390350342,0,0.1875,0.1875,0.1875,0.1875,0.1875,0.1875,,,
9.3503839969635,0,0.1875,0.1875,0.1875,0.1875,0.1875,0.1875,,,
9.35238695144653,0,0.1875,0.1875,0.1875,0.1875,0.1875,0.1875,,,
9.35438704490662,0,0.1875,0.1875,0.1875,0.1875,0.1875,0.1875,,,
9.35638999938965,0,0.1875,0.1875,0.1875,0.1875,0.1875,0.1875,,,
9.35839009284973,0,0.1875,0.1875,0.1875,0.1875,0.1875,0.1875,,,
9.36039304733276,0,0.1875,0.1875,0.1875,0.1875,0.1875,0.1875,,,
9.36239409446716,0,0.1875,0.1875,0.1875,0.1875,0.1875,0.1875,,,
9.36439609527588,0,0.1875,0.1875,0.1875,0.1875,0.1875,0.1875,,,
9.36639904975891,0,0.1875,0.1875,0.1875,0.1875,0.1875,0.1875,,,
9.36840009689331,0,0.1875,0.1875,0.1875,0.1875,0.1875,0.1875,,,
9.37040209770203,0,0.1875,0.1875,0.1875,0.1875,0.1875,0.1875,,,
9.37240290641785,0,0.1875,0.1875,0.1875,0.1875,0.1875,0.1875,,,
9.37440490722656,0,0.1875,0.1875,0.1875,0.1875,0.1875,0.1875,,,
9.37640810012817,0,0.1875,0.1875,0.1875,0.1875,0.1875,0.1875,,,
9.37840890884399,0,0.1875,0.1875,0.1875,0.1875,0.1875,0.1875,,,
9.38041090965271,0,0.1875,0.1875,0.1875,0.1875,0.1875,0.1875,,,
9.38241195678711,0,0.1875,0.1875,0.1875,0.1875,0.1875,0.1875,,,
9.38441491127014,0,0.1875,0.1875,0.1875,0.1875,0.1875,0.1875,,,
9.38641500473022,0,0.1875,0.1875,0.1875,0.1875,0.1875,0.1875,,,
9.38841795921326,0,0.1875,0.1875,0.1875,0.1875,0.1875,0.1875,,,
9.39041996002197,0,0.1875,0.1875,0.1875,0.1875,0.1875,0.1875,,,
9.39242100715637,0,0.1875,0.1875,0.1875,0.1875,0.1875,0.1875,,,
9.39442300796509,0,0.1875,0.1875,0.1875,0.1875,0.1875,0.1875,,,
9.39642596244812,0,0.1875,0.1875,0.1875,0.1875,0.1875,0.1875,,,
9.3984260559082,0,0.1875,0.1875,0.1875,0.1875,0.1875,0.1875,,,
9.40042901039124,0,0.1875,0.1875,0.1875,0.1875,0.1875,0.1875,,,
9.40243005752563,0,0.1875,0.1875,0.1875,0.1875,0.1875,0.1875,,,
9.40443301200867,0,0.1875,0.1875,0.1875,0.1875,0.1875,0.1875,,,
9.40643286705017,0,0.1875,0.1875,0.1875,0.1875,0.1875,0.1875,,,
9.40843605995178,0,0.1875,0.1875,0.1875,0.1875,0.1875,0.1875,,,
9.41043901443481,0,0.1875,0.1875,0.1875,0.1875,0.1875,0.1875,,,
9.41243886947632,0,0.1875,0.1875,0.1875,0.1875,0.1875,0.1875,,,
9.41444206237793,0,0.1875,0.1875,0.1875,0.1875,0.1875,0.1875,,,
9.41644191741943,0,0.1875,0.1875,0.1875,0.1875,0.1875,0.1875,,,
9.41844487190247,0,0.1875,0.1875,0.1875,0.1875,0.1875,0.1875,,,
9.42044806480408,0,0.1875,0.1875,0.1875,0.1875,0.1875,0.1875,,,
9.42244791984558,0,0.1875,0.1875,0.1875,0.1875,0.1875,0.1875,,,
9.42445087432861,0,0.1875,0.1875,0.1875,0.1875,0.1875,0.1875,,,
9.4264509677887,0,0.1875,0.1875,0.1875,0.1875,0.1875,0.1875,,,
9.42845392227173,0,0.1875,0.1875,0.1875,0.1875,0.1875,0.1875,,,
9.43045401573181,0,0.1875,0.1875,0.1875,0.1875,0.1875,0.1875,,,
9.43245697021484,0,0.1875,0.1875,0.1875,0.1875,0.1875,0.1875,,,
9.43445992469788,0,0.1875,0.1875,0.1875,0.1875,0.1875,0.1875,,,
9.43646001815796,0,0.1875,0.1875,0.1875,0.1875,0.1875,0.1875,,,
9.43846297264099,0,0.1875,0.1875,0.1875,0.1875,0.1875,0.1875,,,
9.44046306610107,0,0.1875,0.1875,0.1875,0.1875,0.1875,0.1875,,,
9.44246602058411,0,0.1875,0.1875,0.1875,0.1875,0.1875,0.1875,,,
9.44446897506714,0,0.1875,0.1875,0.1875,0.1875,0.1875,0.1875,,,
9.44646906852722,0,0.1875,0.1875,0.1875,0.1875,0.1875,0.1875,,,
9.44847202301025,0,0.1875,0.1875,0.1875,0.1875,0.1875,0.1875,,,
9.45047187805176,0,0.1875,0.1875,0.1875,0.1875,0.1875,0.1875,,,
9.45247507095337,0,0.1875,0.1875,0.1875,0.1875,0.1875,0.1875,,,
9.45447492599487,0,0.1875,0.1875,0.1875,0.1875,0.1875,0.1875,,,
9.45647788047791,0,0.1875,0.1875,0.1875,0.1875,0.1875,0.1875,,,
9.45848107337952,0,0.1875,0.1875,0.1875,0.1875,0.1875,0.1875,,,
9.46048092842102,0,0.1875,0.1875,0.1875,0.1875,0.1875,0.1875,,,
9.46248388290405,0,0.1875,0.1875,0.1875,0.1875,0.1875,0.1875,,,
9.46448397636414,0,0.1875,0.1875,0.1875,0.1875,0.1875,0.1875,,,
9.46648693084717,0,0.1875,0.1875,0.1875,0.1875,0.1875,0.1875,,,
9.4684898853302,0,0.1875,0.1875,0.1875,0.1875,0.1875,0.1875,,,
9.47048997879028,0,0.1875,0.1875,0.1875,0.1875,0.1875,0.1875,,,
9.47249293327332,0,0.1875,0.1875,0.1875,0.1875,0.1875,0.1875,,,
9.4744930267334,0,0.1875,0.1875,0.1875,0.1875,0.1875,0.1875,,,
9.47649598121643,0,0.1875,0.1875,0.1875,0.1875,0.1875,0.1875,,,
9.47849607467651,0,0.1875,0.1875,0.1875,0.1875,0.1875,0.1875,,,
9.48049902915955,0,0.1875,0.1875,0.1875,0.1875,0.1875,0.1875,,,
9.48250198364258,0,0.1875,0.1875,0.1875,0.1875,0.1875,0.1875,,,
9.48450207710266,0,0.1875,0.1875,0.1875,0.1875,0.1875,0.1875,,,
9.48650503158569,0,0.1875,0.1875,0.1875,0.1875,0.1875,0.1875,,,
9.48850607872009,0,0.1875,0.1875,0.1875,0.1875,0.1875,0.1875,,,
9.49050807952881,0,0.1875,0.1875,0.1875,0.1875,0.1875,0.1875,,,
9.49250888824463,0,0.1875,0.1875,0.1875,0.1875,0.1875,0.1875,,,
9.49451208114624,0,0.1875,0.1875,0.1875,0.1875,0.1875,0.1875,,,
9.49651408195496,0,0.1875,0.1875,0.1875,0.1875,0.1875,0.1875,,,
9.49851489067078,0,0.1875,0.1875,0.1875,0.1875,0.1875,0.1875,,,
9.50051808357239,0,0.1875,0.1875,0.1875,0.1875,0.1875,0.1875,,,
9.50251793861389,0,0.1875,0.1875,0.1875,0.1875,0.1875,0.1875,,,
9.50452089309692,0,0.1875,0.1875,0.1875,0.1875,0.1875,0.1875,,,
9.50652098655701,0,0.1875,0.1875,0.1875,0.1875,0.1875,0.1875,,,
9.50852394104004,0,0.1875,0.1875,0.1875,0.1875,0.1875,0.1875,,,
9.51052689552307,0,0.1875,0.1875,0.1875,0.1875,0.1875,0.1875,,,
9.51252698898315,0,0.1875,0.1875,0.1875,0.1875,0.1875,0.1875,,,
9.51452994346619,0,0.1875,0.1875,0.1875,0.1875,0.1875,0.1875,,,
9.51653003692627,0,0.1875,0.1875,0.1875,0.1875,0.1875,0.1875,,,
9.5185329914093,0,0.1875,0.1875,0.1875,0.1875,0.1875,0.1875,,,
9.52053308486938,0,0.1875,0.1875,0.1875,0.1875,0.1875,0.1875,,,
9.52253603935242,0,0.1875,0.1875,0.1875,0.1875,0.1875,0.1875,,,
9.52453899383545,0,0.1875,0.1875,0.1875,0.1875,0.1875,0.1875,,,
9.52653908729553,0,0.1875,0.1875,0.1875,0.1875,0.1875,0.1875,,,
9.52854204177856,0,0.1875,0.1875,0.1875,0.1875,0.1875,0.1875,,,
9.53054308891296,0,0.1875,0.1875,0.1875,0.1875,0.1875,0.1875,,,
9.53254508972168,0,0.1875,0.1875,0.1875,0.1875,0.1875,0.1875,,,
9.53454804420471,0,0.1875,0.1875,0.1875,0.1875,0.1875,0.1875,,,
9.53654789924622,0,0.1875,0.1875,0.1875,0.1875,0.1875,0.1875,,,
9.53855109214783,0,0.1875,0.1875,0.1875,0.1875,0.1875,0.1875,,,
9.54055190086365,0,0.1875,0.1875,0.1875,0.1875,0.1875,0.1875,,,
9.54255390167236,0,0.1875,0.1875,0.1875,0.1875,0.1875,0.1875,,,
9.54455494880676,0,0.1875,0.1875,0.1875,0.1875,0.1875,0.1875,,,
9.54655694961548,0,0.1875,0.1875,0.1875,0.1875,0.1875,0.1875,,,
9.54855990409851,0,0.1875,0.1875,0.1875,0.1875,0.1875,0.1875,,,
9.55055999755859,0,0.1875,0.1875,0.1875,0.1875,0.1875,0.1875,,,
9.55256295204163,0,0.1875,0.1875,0.1875,0.1875,0.1875,0.1875,,,
9.55456590652466,0,0.1875,0.1875,0.1875,0.1875,0.1875,0.1875,,,
9.5566520690918,0,0.1875,0.1875,0.1875,0.1875,0.1875,0.1875,,,
9.5586519241333,0,0.1875,0.1875,0.1875,0.1875,0.1875,0.1875,,,
9.56065487861633,0,0.1875,0.1875,0.1875,0.1875,0.1875,0.1875,,,
9.56265807151794,0,0.1875,0.1875,0.1875,0.1875,0.1875,0.1875,,,
9.56465792655945,0,0.1875,0.1875,0.1875,0.1875,0.1875,0.1875,,,
9.56666088104248,0,0.1875,0.1875,0.1875,0.1875,0.1875,0.1875,,,
9.56866097450256,0,0.1875,0.1875,0.1875,0.1875,0.1875,0.1875,,,
9.5706639289856,0,0.1875,0.1875,0.1875,0.1875,0.1875,0.1875,,,
9.57266688346863,0,0.1875,0.1875,0.1875,0.1875,0.1875,0.1875,,,
9.57466793060303,0,0.1875,0.1875,0.1875,0.1875,0.1875,0.1875,,,
9.57666993141174,0,0.1875,0.1875,0.1875,0.1875,0.1875,0.1875,,,
9.57867097854614,0,0.1875,0.1875,0.1875,0.1875,0.1875,0.1875,,,
9.58067297935486,0,0.1875,0.1875,0.1875,0.1875,0.1875,0.1875,,,
9.58267402648926,0,0.1875,0.1875,0.1875,0.1875,0.1875,0.1875,,,
9.58467698097229,0,0.1875,0.1875,0.1875,0.1875,0.1875,0.1875,,,
9.58667898178101,0,0.1875,0.1875,0.1875,0.1875,0.1875,0.1875,,,
9.58868002891541,0,0.1875,0.1875,0.1875,0.1875,0.1875,0.1875,,,
9.59068202972412,0,0.1875,0.1875,0.1875,0.1875,0.1875,0.1875,,,
9.59268307685852,0,0.1875,0.1875,0.1875,0.1875,0.1875,0.1875,,,
9.59468603134155,0,0.1875,0.1875,0.1875,0.1875,0.1875,0.1875,,,
9.59668803215027,0,0.1875,0.1875,0.1875,0.1875,0.1875,0.1875,,,
9.59868907928467,0,0.1875,0.1875,0.1875,0.1875,0.1875,0.1875,,,
9.6006920337677,0,0.1875,0.1875,0.1875,0.1875,0.1875,0.1875,,,
9.6026918888092,0,0.1875,0.1875,0.1875,0.1875,0.1875,0.1875,,,
9.60469508171082,0,0.1875,0.1875,0.1875,0.1875,0.1875,0.1875,,,
9.60669493675232,0,0.1875,0.1875,0.1875,0.1875,0.1875,0.1875,,,
9.60869789123535,0,0.1875,0.1875,0.1875,0.1875,0.1875,0.1875,,,
9.61069798469543,0,0.1875,0.1875,0.1875,0.1875,0.1875,0.1875,,,
9.61270093917847,0,0.1875,0.1875,0.1875,0.1875,0.1875,0.1875,,,
9.6147038936615,0,0.1875,0.1875,0.1875,0.1875,0.1875,0.1875,,,
9.61670398712158,0,0.1875,0.1875,0.1875,0.1875,0.1875,0.1875,,,
9.61870694160461,0,0.1875,0.1875,0.1875,0.1875,0.1875,0.1875,,,
9.62070798873901,0,0.1875,0.1875,0.1875,0.1875,0.1875,0.1875,,,
9.62270998954773,0,0.1875,0.1875,0.1875,0.1875,0.1875,0.1875,,,
9.62471103668213,0,0.1875,0.1875,0.1875,0.1875,0.1875,0.1875,,,
9.62671399116516,0,0.1875,0.1875,0.1875,0.1875,0.1875,0.1875,,,
9.62871408462524,0,0.1875,0.1875,0.1875,0.1875,0.1875,0.1875,,,
9.63071703910828,0,0.1875,0.1875,0.1875,0.1875,0.1875,0.1875,,,
9.63271689414978,0,0.1875,0.1875,0.1875,0.1875,0.1875,0.1875,,,
9.63472008705139,0,0.1875,0.1875,0.1875,0.1875,0.1875,0.1875,,,
9.63672304153442,0,0.1875,0.1875,0.1875,0.1875,0.1875,0.1875,,,
9.63872289657593,0,0.1875,0.1875,0.1875,0.1875,0.1875,0.1875,,,
9.64072608947754,0,0.1875,0.1875,0.1875,0.1875,0.1875,0.1875,,,
9.64272594451904,0,0.1875,0.1875,0.1875,0.1875,0.1875,0.1875,,,
9.64472889900208,0,0.1875,0.1875,0.1875,0.1875,0.1875,0.1875,,,
9.64673089981079,0,0.1875,0.1875,0.1875,0.1875,0.1875,0.1875,,,
9.64873194694519,0,0.1875,0.1875,0.1875,0.1875,0.1875,0.1875,,,
9.65073490142822,0,0.1875,0.1875,0.1875,0.1875,0.1875,0.1875,,,
9.65273499488831,0,0.1875,0.1875,0.1875,0.1875,0.1875,0.1875,,,
9.65473794937134,0,0.1875,0.1875,0.1875,0.1875,0.1875,0.1875,,,
9.65673995018005,0,0.1875,0.1875,0.1875,0.1875,0.1875,0.1875,,,
9.65874099731445,0,0.1875,0.1875,0.1875,0.1875,0.1875,0.1875,,,
9.66074395179749,0,0.1875,0.1875,0.1875,0.1875,0.1875,0.1875,,,
9.66274404525757,0,0.1875,0.1875,0.1875,0.1875,0.1875,0.1875,,,
9.6647469997406,0,0.1875,0.1875,0.1875,0.1875,0.1875,0.1875,,,
9.66674709320068,0,0.1875,0.1875,0.1875,0.1875,0.1875,0.1875,,,
9.66875004768372,0,0.1875,0.1875,0.1875,0.1875,0.1875,0.1875,,,
9.67075300216675,0,0.1875,0.1875,0.1875,0.1875,0.1875,0.1875,,,
9.67275309562683,0,0.1875,0.1875,0.1875,0.1875,0.1875,0.1875,,,
9.67475605010986,0,0.1875,0.1875,0.1875,0.1875,0.1875,0.1875,,,
9.67675590515137,0,0.1875,0.1875,0.1875,0.1875,0.1875,0.1875,,,
9.67875909805298,0,0.1875,0.1875,0.1875,0.1875,0.1875,0.1875,,,
9.68075895309448,0,0.1875,0.1875,0.1875,0.1875,0.1875,0.1875,,,
9.68276190757751,0,0.1875,0.1875,0.1875,0.1875,0.1875,0.1875,,,
9.68476510047913,0,0.1875,0.1875,0.1875,0.1875,0.1875,0.1875,,,
9.68676495552063,0,0.1875,0.1875,0.1875,0.1875,0.1875,0.1875,,,
9.68876791000366,0,0.1875,0.1875,0.1875,0.1875,0.1875,0.1875,,,
9.69076800346375,0,0.1875,0.1875,0.1875,0.1875,0.1875,0.1875,,,
9.69277095794678,0,0.1875,0.1875,0.1875,0.1875,0.1875,0.1875,,,
9.69477105140686,0,0.1875,0.1875,0.1875,0.1875,0.1875,0.1875,,,
9.69677400588989,0,0.1875,0.1875,0.1875,0.1875,0.1875,0.1875,,,
9.69877696037292,0,0.1875,0.1875,0.1875,0.1875,0.1875,0.1875,,,
9.70077705383301,0,0.1875,0.1875,0.1875,0.1875,0.1875,0.1875,,,
9.70278000831604,0,0.1875,0.1875,0.1875,0.1875,0.1875,0.1875,,,
9.70478010177612,0,0.1875,0.1875,0.1875,0.1875,0.1875,0.1875,,,
9.70678305625916,0,0.1875,0.1875,0.1875,0.1875,0.1875,0.1875,,,
9.70878601074219,0,0.1875,0.1875,0.1875,0.1875,0.1875,0.1875,,,
9.71078586578369,0,0.1875,0.1875,0.1875,0.1875,0.1875,0.1875,,,
9.7127890586853,0,0.1875,0.1875,0.1875,0.1875,0.1875,0.1875,,,
9.71478891372681,0,0.1875,0.1875,0.1875,0.1875,0.1875,0.1875,,,
9.71679186820984,0,0.1875,0.1875,0.1875,0.1875,0.1875,0.1875,,,
9.71879506111145,0,0.1875,0.1875,0.1875,0.1875,0.1875,0.1875,,,
9.72079491615295,0,0.1875,0.1875,0.1875,0.1875,0.1875,0.1875,,,
9.72279787063599,0,0.1875,0.1875,0.1875,0.1875,0.1875,0.1875,,,
9.7248010635376,0,0.1875,0.1875,0.1875,0.1875,0.1875,0.1875,,,
9.7268009185791,0,0.1875,0.1875,0.1875,0.1875,0.1875,0.1875,,,
9.72880387306213,0,0.1875,0.1875,0.1875,0.1875,0.1875,0.1875,,,
9.73080396652222,0,0.1875,0.1875,0.1875,0.1875,0.1875,0.1875,,,
9.73280692100525,0,0.1875,0.1875,0.1875,0.1875,0.1875,0.1875,,,
9.73480701446533,0,0.1875,0.1875,0.1875,0.1875,0.1875,0.1875,,,
9.73680996894836,0,0.1875,0.1875,0.1875,0.1875,0.1875,0.1875,,,
9.7388129234314,0,0.1875,0.1875,0.1875,0.1875,0.1875,0.1875,,,
9.74081301689148,0,0.1875,0.1875,0.1875,0.1875,0.1875,0.1875,,,
9.74281597137451,0,0.1875,0.1875,0.1875,0.1875,0.1875,0.1875,,,
9.74481606483459,0,0.1875,0.1875,0.1875,0.1875,0.1875,0.1875,,,
9.74681901931763,0,0.1875,0.1875,0.1875,0.1875,0.1875,0.1875,,,
9.74882197380066,0,0.1875,0.1875,0.1875,0.1875,0.1875,0.1875,,,
9.75082206726074,0,0.1875,0.1875,0.1875,0.1875,0.1875,0.1875,,,
9.75282502174377,0,0.1875,0.1875,0.1875,0.1875,0.1875,0.1875,,,
9.75482487678528,0,0.1875,0.1875,0.1875,0.1875,0.1875,0.1875,,,
9.75682806968689,0,0.1875,0.1875,0.1875,0.1875,0.1875,0.1875,,,
9.75882887840271,0,0.1875,0.1875,0.1875,0.1875,0.1875,0.1875,,,
9.76083087921143,0,0.1875,0.1875,0.1875,0.1875,0.1875,0.1875,,,
9.76283407211304,0,0.1875,0.1875,0.1875,0.1875,0.1875,0.1875,,,
9.76483488082886,0,0.1875,0.1875,0.1875,0.1875,0.1875,0.1875,,,
9.76683688163757,0,0.1875,0.1875,0.1875,0.1875,0.1875,0.1875,,,
9.76884007453918,0,0.1875,0.1875,0.1875,0.1875,0.1875,0.1875,,,
9.770840883255,0,0.1875,0.1875,0.1875,0.1875,0.1875,0.1875,,,
9.77284288406372,0,0.1875,0.1875,0.1875,0.1875,0.1875,0.1875,,,
9.77484393119812,0,0.1875,0.1875,0.1875,0.1875,0.1875,0.1875,,,
9.77684688568115,0,0.1875,0.1875,0.1875,0.1875,0.1875,0.1875,,,
9.77884697914124,0,0.1875,0.1875,0.1875,0.1875,0.1875,0.1875,,,
9.78084993362427,0,0.1875,0.1875,0.1875,0.1875,0.1875,0.1875,,,
9.7828528881073,0,0.1875,0.1875,0.1875,0.1875,0.1875,0.1875,,,
9.78485298156738,0,0.1875,0.1875,0.1875,0.1875,0.1875,0.1875,,,
9.78685593605042,0,0.1875,0.1875,0.1875,0.1875,0.1875,0.1875,,,
9.7888560295105,0,0.1875,0.1875,0.1875,0.1875,0.1875,0.1875,,,
9.79085898399353,0,0.1875,0.1875,0.1875,0.1875,0.1875,0.1875,,,
9.79285907745361,0,0.1875,0.1875,0.1875,0.1875,0.1875,0.1875,,,
9.79486203193665,0,0.1875,0.1875,0.1875,0.1875,0.1875,0.1875,,,
9.79686498641968,0,0.1875,0.1875,0.1875,0.1875,0.1875,0.1875,,,
9.79886507987976,0,0.1875,0.1875,0.1875,0.1875,0.1875,0.1875,,,
9.80086803436279,0,0.1875,0.1875,0.1875,0.1875,0.1875,0.1875,,,
9.8028678894043,0,0.1875,0.1875,0.1875,0.1875,0.1875,0.1875,,,
9.80487108230591,0,0.1875,0.1875,0.1875,0.1875,0.1875,0.1875,,,
9.80687403678894,0,0.1875,0.1875,0.1875,0.1875,0.1875,0.1875,,,
9.80887389183044,0,0.1875,0.1875,0.1875,0.1875,0.1875,0.1875,,,
9.81087708473206,0,0.1875,0.1875,0.1875,0.1875,0.1875,0.1875,,,
9.81287693977356,0,0.1875,0.1875,0.1875,0.1875,0.1875,0.1875,,,
9.81487989425659,0,0.1875,0.1875,0.1875,0.1875,0.1875,0.1875,,,
9.8168830871582,0,0.1875,0.1875,0.1875,0.1875,0.1875,0.1875,,,
9.81888294219971,0,0.1875,0.1875,0.1875,0.1875,0.1875,0.1875,,,
9.82088589668274,0,0.1875,0.1875,0.1875,0.1875,0.1875,0.1875,,,
9.82288908958435,0,0.1875,0.1875,0.1875,0.1875,0.1875,0.1875,,,
9.82488894462585,0,0.1875,0.1875,0.1875,0.1875,0.1875,0.1875,,,
9.82689189910889,0,0.1875,0.1875,0.1875,0.1875,0.1875,0.1875,,,
9.82889199256897,0,0.1875,0.1875,0.1875,0.1875,0.1875,0.1875,,,
9.830894947052,0,0.1875,0.1875,0.1875,0.1875,0.1875,0.1875,,,
9.83289790153503,0,0.1875,0.1875,0.1875,0.1875,0.1875,0.1875,,,
9.83489799499512,0,0.1875,0.1875,0.1875,0.1875,0.1875,0.1875,,,
9.83690094947815,0,0.1875,0.1875,0.1875,0.1875,0.1875,0.1875,,,
9.83890104293823,0,0.1875,0.1875,0.1875,0.1875,0.1875,0.1875,,,
9.84090399742126,0,0.1875,0.1875,0.1875,0.1875,0.1875,0.1875,,,
9.84290409088135,0,0.1875,0.1875,0.1875,0.1875,0.1875,0.1875,,,
9.84490704536438,0,0.1875,0.1875,0.1875,0.1875,0.1875,0.1875,,,
9.84690999984741,0,0.1875,0.1875,0.1875,0.1875,0.1875,0.1875,,,
9.8489100933075,0,0.1875,0.1875,0.1875,0.1875,0.1875,0.1875,,,
9.85091304779053,0,0.1875,0.1875,0.1875,0.1875,0.1875,0.1875,,,
9.85291290283203,0,0.1875,0.1875,0.1875,0.1875,0.1875,0.1875,,,
9.85491609573364,0,0.1875,0.1875,0.1875,0.1875,0.1875,0.1875,,,
9.85691690444946,0,0.1875,0.1875,0.1875,0.1875,0.1875,0.1875,,,
9.85891890525818,0,0.1875,0.1875,0.1875,0.1875,0.1875,0.1875,,,
9.86091995239258,0,0.1875,0.1875,0.1875,0.1875,0.1875,0.1875,,,
9.86292290687561,0,0.1875,0.1875,0.1875,0.1875,0.1875,0.1875,,,
9.86492490768433,0,0.1875,0.1875,0.1875,0.1875,0.1875,0.1875,,,
9.86692595481873,0,0.1875,0.1875,0.1875,0.1875,0.1875,0.1875,,,
9.86892795562744,0,0.1875,0.1875,0.1875,0.1875,0.1875,0.1875,,,
9.87092900276184,0,0.1875,0.1875,0.1875,0.1875,0.1875,0.1875,,,
9.87293195724487,0,0.1875,0.1875,0.1875,0.1875,0.1875,0.1875,,,
9.87493395805359,0,0.1875,0.1875,0.1875,0.1875,0.1875,0.1875,,,
9.87693500518799,0,0.1875,0.1875,0.1875,0.1875,0.1875,0.1875,,,
9.87893795967102,0,0.1875,0.1875,0.1875,0.1875,0.1875,0.1875,,,
9.8809380531311,0,0.1875,0.1875,0.1875,0.1875,0.1875,0.1875,,,
9.88294100761414,0,0.1875,0.1875,0.1875,0.1875,0.1875,0.1875,,,
9.88494110107422,0,0.1875,0.1875,0.1875,0.1875,0.1875,0.1875,,,
9.88694405555725,0,0.1875,0.1875,0.1875,0.1875,0.1875,0.1875,,,
9.88894701004028,0,0.1875,0.1875,0.1875,0.1875,0.1875,0.1875,,,
9.89094686508179,0,0.1875,0.1875,0.1875,0.1875,0.1875,0.1875,,,
9.8929500579834,0,0.1875,0.1875,0.1875,0.1875,0.1875,0.1875,,,
9.8949499130249,0,0.1875,0.1875,0.1875,0.1875,0.1875,0.1875,,,
9.89695286750793,0,0.1875,0.1875,0.1875,0.1875,0.1875,0.1875,,,
9.89895296096802,0,0.1875,0.1875,0.1875,0.1875,0.1875,0.1875,,,
9.90095591545105,0,0.1875,0.1875,0.1875,0.1875,0.1875,0.1875,,,
9.90295886993408,0,0.1875,0.1875,0.1875,0.1875,0.1875,0.1875,,,
9.90495896339417,0,0.1875,0.1875,0.1875,0.1875,0.1875,0.1875,,,
9.9069619178772,0,0.1875,0.1875,0.1875,0.1875,0.1875,0.1875,,,
9.90896201133728,0,0.1875,0.1875,0.1875,0.1875,0.1875,0.1875,,,
9.91096496582031,0,0.1875,0.1875,0.1875,0.1875,0.1875,0.1875,,,
9.9129650592804,0,0.1875,0.1875,0.1875,0.1875,0.1875,0.1875,,,
9.91496801376343,0,0.1875,0.1875,0.1875,0.1875,0.1875,0.1875,,,
9.91697096824646,0,0.1875,0.1875,0.1875,0.1875,0.1875,0.1875,,,
9.91897106170654,0,0.1875,0.1875,0.1875,0.1875,0.1875,0.1875,,,
9.92097401618958,0,0.1875,0.1875,0.1875,0.1875,0.1875,0.1875,,,
9.92297697067261,0,0.1875,0.1875,0.1875,0.1875,0.1875,0.1875,,,
9.92497706413269,0,0.1875,0.1875,0.1875,0.1875,0.1875,0.1875,,,
9.92698001861572,0,0.1875,0.1875,0.1875,0.1875,0.1875,0.1875,,,
9.92898106575012,0,0.1875,0.1875,0.1875,0.1875,0.1875,0.1875,,,
9.93098306655884,0,0.1875,0.1875,0.1875,0.1875,0.1875,0.1875,,,
9.93298387527466,0,0.1875,0.1875,0.1875,0.1875,0.1875,0.1875,,,
9.93498706817627,0,0.1875,0.1875,0.1875,0.1875,0.1875,0.1875,,,
9.93698906898499,0,0.1875,0.1875,0.1875,0.1875,0.1875,0.1875,,,
9.93898987770081,0,0.1875,0.1875,0.1875,0.1875,0.1875,0.1875,,,
9.94099307060242,0,0.1875,0.1875,0.1875,0.1875,0.1875,0.1875,,,
9.94299292564392,0,0.1875,0.1875,0.1875,0.1875,0.1875,0.1875,,,
9.94499588012695,0,0.1875,0.1875,0.1875,0.1875,0.1875,0.1875,,,
9.94699907302856,0,0.1875,0.1875,0.1875,0.1875,0.1875,0.1875,,,
9.94899892807007,0,0.1875,0.1875,0.1875,0.1875,0.1875,0.1875,,,
9.9510018825531,0,0.1875,0.1875,0.1875,0.1875,0.1875,0.1875,,,
9.95300197601318,0,0.1875,0.1875,0.1875,0.1875,0.1875,0.1875,,,
9.95500493049622,0,0.1875,0.1875,0.1875,0.1875,0.1875,0.1875,,,
9.95700597763062,0,0.1875,0.1875,0.1875,0.1875,0.1875,0.1875,,,
9.95900797843933,0,0.1875,0.1875,0.1875,0.1875,0.1875,0.1875,,,
9.96101093292236,0,0.1875,0.1875,0.1875,0.1875,0.1875,0.1875,,,
9.96301198005676,0,0.1875,0.1875,0.1875,0.1875,0.1875,0.1875,,,
9.96501398086548,0,0.1875,0.1875,0.1875,0.1875,0.1875,0.1875,,,
9.96701502799988,0,0.1875,0.1875,0.1875,0.1875,0.1875,0.1875,,,
9.96901702880859,0,0.1875,0.1875,0.1875,0.1875,0.1875,0.1875,,,
9.97101998329163,0,0.1875,0.1875,0.1875,0.1875,0.1875,0.1875,,,
9.97302103042603,0,0.1875,0.1875,0.1875,0.1875,0.1875,0.1875,,,
9.97502303123474,0,0.1875,0.1875,0.1875,0.1875,0.1875,0.1875,,,
9.97702407836914,0,0.1875,0.1875,0.1875,0.1875,0.1875,0.1875,,,
9.97902607917786,0,0.1875,0.1875,0.1875,0.1875,0.1875,0.1875,,,
9.98102688789368,0,0.1875,0.1875,0.1875,0.1875,0.1875,0.1875,,,
9.98303008079529,0,0.1875,0.1875,0.1875,0.1875,0.1875,0.1875,,,
9.985032081604,0,0.1875,0.1875,0.1875,0.1875,0.1875,0.1875,,,
9.98703289031982,0,0.1875,0.1875,0.1875,0.1875,0.1875,0.1875,,,
9.98903608322144,0,0.1875,0.1875,0.1875,0.1875,0.1875,0.1875,,,
9.99103593826294,0,0.1875,0.1875,0.1875,0.1875,0.1875,0.1875,,,
9.99303889274597,0,0.1875,0.1875,0.1875,0.1875,0.1875,0.1875,,,
9.99504208564758,0,0.1875,0.1875,0.1875,0.1875,0.1875,0.1875,,,
9.99704194068909,0,0.1875,0.1875,0.1875,0.1875,0.1875,0.1875,,,
9.99904489517212,0,0.1875,0.1875,0.1875,0.1875,0.1875,0.1875,,,
10.0010449886322,0,0.1875,0.1875,0.1875,0.1875,0.1875,0.1875,,,
10.0030479431152,0,0.1875,0.1875,0.1875,0.1875,0.1875,0.1875,,,
10.0050508975983,0,0.1875,0.1875,0.1875,0.1875,0.1875,0.1875,,,
10.0070509910584,0,0.1875,0.1875,0.1875,0.1875,0.1875,0.1875,,,
10.0090539455414,0,0.1875,0.1875,0.1875,0.1875,0.1875,0.1875,,,
10.0110559463501,0,0.1875,0.1875,0.1875,0.1875,0.1875,0.1875,,,
10.0130569934845,0,0.1875,0.1875,0.1875,0.1875,0.1875,0.1875,,,
10.0150599479675,0,0.1875,0.1875,0.1875,0.1875,0.1875,0.1875,,,
10.0170600414276,0,0.1875,0.1875,0.1875,0.1875,0.1875,0.1875,,,
10.0190629959106,0,0.1875,0.1875,0.1875,0.1875,0.1875,0.1875,,,
10.0210630893707,0,0.1875,0.1875,0.1875,0.1875,0.1875,0.1875,,,
10.0230660438538,0,0.1875,0.1875,0.1875,0.1875,0.1875,0.1875,,,
10.0250689983368,0,0.1875,0.1875,0.1875,0.1875,0.1875,0.1875,,,
10.0270690917969,0,0.1875,0.1875,0.1875,0.1875,0.1875,0.1875,,,
10.0290720462799,0,0.1875,0.1875,0.1875,0.1875,0.1875,0.1875,,,
10.0310719013214,0,0.1875,0.1875,0.1875,0.1875,0.1875,0.1875,,,
10.033075094223,0,0.1875,0.1875,0.1875,0.1875,0.1875,0.1875,,,
10.0350780487061,0,0.1875,0.1875,0.1875,0.1875,0.1875,0.1875,,,
10.0370779037476,0,0.1875,0.1875,0.1875,0.1875,0.1875,0.1875,,,
10.0390810966492,0,0.1875,0.1875,0.1875,0.1875,0.1875,0.1875,,,
10.0410809516907,0,0.1875,0.1875,0.1875,0.1875,0.1875,0.1875,,,
10.0430839061737,0,0.1875,0.1875,0.1875,0.1875,0.1875,0.1875,,,
10.0450849533081,0,0.1875,0.1875,0.1875,0.1875,0.1875,0.1875,,,
10.0470879077911,0,0.1875,0.1875,0.1875,0.1875,0.1875,0.1875,,,
10.0490899085999,0,0.1875,0.1875,0.1875,0.1875,0.1875,0.1875,,,
10.0510909557343,0,0.1875,0.1875,0.1875,0.1875,0.1875,0.1875,,,
10.053092956543,0,0.1875,0.1875,0.1875,0.1875,0.1875,0.1875,,,
10.0550940036774,0,0.1875,0.1875,0.1875,0.1875,0.1875,0.1875,,,
10.0569579601288,0,0.1875,0.1875,0.1875,0.1875,0.1875,0.1875,,,
10.0589609146118,0,0.1875,0.1875,0.1875,0.1875,0.1875,0.1875,,,
10.0609610080719,0,0.1875,0.1875,0.1875,0.1875,0.1875,0.1875,,,
10.0629639625549,0,0.1875,0.1875,0.1875,0.1875,0.1875,0.1875,,,
10.0649650096893,0,0.1875,0.1875,0.1875,0.1875,0.1875,0.1875,,,
10.066967010498,0,0.1875,0.1875,0.1875,0.1875,0.1875,0.1875,,,
10.0689699649811,0,0.1875,0.1875,0.1875,0.1875,0.1875,0.1875,,,
10.0709700584412,0,0.1875,0.1875,0.1875,0.1875,0.1875,0.1875,,,
10.0729730129242,0,0.1875,0.1875,0.1875,0.1875,0.1875,0.1875,,,
10.0749759674072,0,0.1875,0.1875,0.1875,0.1875,0.1875,0.1875,,,
10.0769760608673,0,0.1875,0.1875,0.1875,0.1875,0.1875,0.1875,,,
10.0789790153503,0,0.1875,0.1875,0.1875,0.1875,0.1875,0.1875,,,
10.0809800624847,0,0.1875,0.1875,0.1875,0.1875,0.1875,0.1875,,,
10.0829820632935,0,0.1875,0.1875,0.1875,0.1875,0.1875,0.1875,,,
10.0849828720093,0,0.1875,0.1875,0.1875,0.1875,0.1875,0.1875,,,
10.086984872818,0,0.1875,0.1875,0.1875,0.1875,0.1875,0.1875,,,
10.0889880657196,0,0.1875,0.1875,0.1875,0.1875,0.1875,0.1875,,,
10.0909879207611,0,0.1875,0.1875,0.1875,0.1875,0.1875,0.1875,,,
10.0929908752441,0,0.1875,0.1875,0.1875,0.1875,0.1875,0.1875,,,
10.0949919223785,0,0.1875,0.1875,0.1875,0.1875,0.1875,0.1875,,,
10.0969948768616,0,0.1875,0.1875,0.1875,0.1875,0.1875,0.1875,,,
10.0989968776703,0,0.1875,0.1875,0.1875,0.1875,0.1875,0.1875,,,
10.1009979248047,0,0.1875,0.1875,0.1875,0.1875,0.1875,0.1875,,,
10.1030008792877,0,0.1875,0.1875,0.1875,0.1875,0.1875,0.1875,,,
10.1050009727478,0,0.1875,0.1875,0.1875,0.1875,0.1875,0.1875,,,
10.1070039272308,0,0.1875,0.1875,0.1875,0.1875,0.1875,0.1875,,,
10.1090040206909,0,0.1875,0.1875,0.1875,0.1875,0.1875,0.1875,,,
10.111006975174,0,0.1875,0.1875,0.1875,0.1875,0.1875,0.1875,,,
10.113009929657,0,0.1875,0.1875,0.1875,0.1875,0.1875,0.1875,,,
10.1150100231171,0,0.1875,0.1875,0.1875,0.1875,0.1875,0.1875,,,
10.1170129776001,0,0.1875,0.1875,0.1875,0.1875,0.1875,0.1875,,,
10.1190130710602,0,0.1875,0.1875,0.1875,0.1875,0.1875,0.1875,,,
10.1210160255432,0,0.1875,0.1875,0.1875,0.1875,0.1875,0.1875,,,
10.1230158805847,0,0.1875,0.1875,0.1875,0.1875,0.1875,0.1875,,,
10.1250190734863,0,0.1875,0.1875,0.1875,0.1875,0.1875,0.1875,,,
10.1270220279694,0,0.1875,0.1875,0.1875,0.1875,0.1875,0.1875,,,
10.1290218830109,0,0.1875,0.1875,0.1875,0.1875,0.1875,0.1875,,,
10.1310250759125,0,0.1875,0.1875,0.1875,0.1875,0.1875,0.1875,,,
10.1330280303955,0,0.1875,0.1875,0.1875,0.1875,0.1875,0.1875,,,
10.1350269317627,0,0.1875,0.1875,0.1875,0.1875,0.1875,0.1875,,,
10.1370298862457,0,0.1875,0.1875,0.1875,0.1875,0.1875,0.1875,,,
10.1390318870544,0,0.1875,0.1875,0.1875,0.1875,0.1875,0.1875,,,
10.1410329341888,0,0.1875,0.1875,0.1875,0.1875,0.1875,0.1875,,,
10.1430358886719,0,0.1875,0.1875,0.1875,0.1875,0.1875,0.1875,,,
10.1450390815735,0,0.1875,0.1875,0.1875,0.1875,0.1875,0.1875,,,
10.147038936615,0,0.1875,0.1875,0.1875,0.1875,0.1875,0.1875,,,
10.149041891098,0,0.1875,0.1875,0.1875,0.1875,0.1875,0.1875,,,
10.1510419845581,0,0.1875,0.1875,0.1875,0.1875,0.1875,0.1875,,,
10.1530449390411,0,0.1875,0.1875,0.1875,0.1875,0.1875,0.1875,,,
10.1550459861755,0,0.1875,0.1875,0.1875,0.1875,0.1875,0.1875,,,
10.1570489406586,0,0.1875,0.1875,0.1875,0.1875,0.1875,0.1875,,,
10.1590490341187,0,0.1875,0.1875,0.1875,0.1875,0.1875,0.1875,,,
10.1610519886017,0,0.1875,0.1875,0.1875,0.1875,0.1875,0.1875,,,
10.1630549430847,0,0.1875,0.1875,0.1875,0.1875,0.1875,0.1875,,,
10.1650550365448,0,0.1875,0.1875,0.1875,0.1875,0.1875,0.1875,,,
10.1670579910278,0,0.1875,0.1875,0.1875,0.1875,0.1875,0.1875,,,
10.1690590381622,0,0.1875,0.1875,0.1875,0.1875,0.1875,0.1875,,,
10.1710619926453,0,0.1875,0.1875,0.1875,0.1875,0.1875,0.1875,,,
10.1730620861053,0,0.1875,0.1875,0.1875,0.1875,0.1875,0.1875,,,
10.1750650405884,0,0.1875,0.1875,0.1875,0.1875,0.1875,0.1875,,,
10.1770648956299,0,0.1875,0.1875,0.1875,0.1875,0.1875,0.1875,,,
10.1790680885315,0,0.1875,0.1875,0.1875,0.1875,0.1875,0.1875,,,
10.1810688972473,0,0.1875,0.1875,0.1875,0.1875,0.1875,0.1875,,,
10.1830720901489,0,0.1875,0.1875,0.1875,0.1875,0.1875,0.1875,,,
10.1850719451904,0,0.1875,0.1875,0.1875,0.1875,0.1875,0.1875,,,
10.1870748996735,0,0.1875,0.1875,0.1875,0.1875,0.1875,0.1875,,,
10.1890780925751,0,0.1875,0.1875,0.1875,0.1875,0.1875,0.1875,,,
10.1910779476166,0,0.1875,0.1875,0.1875,0.1875,0.1875,0.1875,,,
10.1930809020996,0,0.1875,0.1875,0.1875,0.1875,0.1875,0.1875,,,
10.1950809955597,0,0.1875,0.1875,0.1875,0.1875,0.1875,0.1875,,,
10.1970839500427,0,0.1875,0.1875,0.1875,0.1875,0.1875,0.1875,,,
10.1990859508514,0,0.1875,0.1875,0.1875,0.1875,0.1875,0.1875,,,
10.2010860443115,0,0.1875,0.1875,0.1875,0.1875,0.1875,0.1875,,,
10.2030889987946,0,0.1875,0.1875,0.1875,0.1875,0.1875,0.1875,,,
10.2050919532776,0,0.1875,0.1875,0.1875,0.1875,0.1875,0.1875,,,
10.2070920467377,0,0.1875,0.1875,0.1875,0.1875,0.1875,0.1875,,,
10.2090940475464,0,0.1875,0.1875,0.1875,0.1875,0.1875,0.1875,,,
10.2110970020294,0,0.1875,0.1875,0.1875,0.1875,0.1875,0.1875,,,
10.2130970954895,0,0.1875,0.1875,0.1875,0.1875,0.1875,0.1875,,,
10.2151000499725,0,0.1875,0.1875,0.1875,0.1875,0.1875,0.1875,,,
10.217099905014,0,0.1875,0.1875,0.1875,0.1875,0.1875,0.1875,,,
10.2191030979156,0,0.1875,0.1875,0.1875,0.1875,0.1875,0.1875,,,
10.2211060523987,0,0.1875,0.1875,0.1875,0.1875,0.1875,0.1875,,,
10.2231059074402,0,0.1875,0.1875,0.1875,0.1875,0.1875,0.1875,,,
10.2251079082489,0,0.1875,0.1875,0.1875,0.1875,0.1875,0.1875,,,
10.2271111011505,0,0.1875,0.1875,0.1875,0.1875,0.1875,0.1875,,,
10.229110956192,0,0.1875,0.1875,0.1875,0.1875,0.1875,0.1875,,,
10.231113910675,0,0.1875,0.1875,0.1875,0.1875,0.1875,0.1875,,,
10.2331168651581,0,0.1875,0.1875,0.1875,0.1875,0.1875,0.1875,,,
10.2351169586182,0,0.1875,0.1875,0.1875,0.1875,0.1875,0.1875,,,
10.2371199131012,0,0.1875,0.1875,0.1875,0.1875,0.1875,0.1875,,,
10.2391200065613,0,0.1875,0.1875,0.1875,0.1875,0.1875,0.1875,,,
10.24112200737,0,0.1875,0.1875,0.1875,0.1875,0.1875,0.1875,,,
10.243124961853,0,0.1875,0.1875,0.1875,0.1875,0.1875,0.1875,,,
10.2451250553131,0,0.1875,0.1875,0.1875,0.1875,0.1875,0.1875,,,
10.2471280097961,0,0.1875,0.1875,0.1875,0.1875,0.1875,0.1875,,,
10.2491309642792,0,0.1875,0.1875,0.1875,0.1875,0.1875,0.1875,,,
10.2511310577393,0,0.1875,0.1875,0.1875,0.1875,0.1875,0.1875,,,
10.253133058548,0,0.1875,0.1875,0.1875,0.1875,0.1875,0.1875,,,
10.255136013031,0,0.1875,0.1875,0.1875,0.1875,0.1875,0.1875,,,
10.2571358680725,0,0.1875,0.1875,0.1875,0.1875,0.1875,0.1875,,,
10.2591390609741,0,0.1875,0.1875,0.1875,0.1875,0.1875,0.1875,,,
10.2611420154572,0,0.1875,0.1875,0.1875,0.1875,0.1875,0.1875,,,
10.2631418704987,0,0.1875,0.1875,0.1875,0.1875,0.1875,0.1875,,,
10.2651450634003,0,0.1875,0.1875,0.1875,0.1875,0.1875,0.1875,,,
10.2671449184418,0,0.1875,0.1875,0.1875,0.1875,0.1875,0.1875,,,
10.2691469192505,0,0.1875,0.1875,0.1875,0.1875,0.1875,0.1875,,,
10.2711498737335,0,0.1875,0.1875,0.1875,0.1875,0.1875,0.1875,,,
10.2731499671936,0,0.1875,0.1875,0.1875,0.1875,0.1875,0.1875,,,
10.2751529216766,0,0.1875,0.1875,0.1875,0.1875,0.1875,0.1875,,,
10.2771549224854,0,0.1875,0.1875,0.1875,0.1875,0.1875,0.1875,,,
10.2791559696198,0,0.1875,0.1875,0.1875,0.1875,0.1875,0.1875,,,
10.2811579704285,0,0.1875,0.1875,0.1875,0.1875,0.1875,0.1875,,,
10.2831609249115,0,0.1875,0.1875,0.1875,0.1875,0.1875,0.1875,,,
10.2851619720459,0,0.1875,0.1875,0.1875,0.1875,0.1875,0.1875,,,
10.2871689796448,0,0.1875,0.1875,0.1875,0.1875,0.1875,0.1875,,,
10.2891700267792,0,0.1875,0.1875,0.1875,0.1875,0.1875,0.1875,,,
10.2911720275879,0,0.1875,0.1875,0.1875,0.1875,0.1875,0.1875,,,
10.2931730747223,0,0.1875,0.1875,0.1875,0.1875,0.1875,0.1875,,,
10.2951729297638,0,0.1875,0.1875,0.1875,0.1875,0.1875,0.1875,,,
10.2971730232239,0,0.1875,0.1875,0.1875,0.1875,0.1875,0.1875,,,
10.2991728782654,0,0.1875,0.1875,0.1875,0.1875,0.1875,0.1875,,,
10.301176071167,0,0.1875,0.1875,0.1875,0.1875,0.1875,0.1875,,,
10.3031759262085,0,0.1875,0.1875,0.1875,0.1875,0.1875,0.1875,,,
10.3051788806915,0,0.1875,0.1875,0.1875,0.1875,0.1875,0.1875,,,
10.3071820735931,0,0.1875,0.1875,0.1875,0.1875,0.1875,0.1875,,,
10.3091819286346,0,0.1875,0.1875,0.1875,0.1875,0.1875,0.1875,,,
10.3111848831177,0,0.1875,0.1875,0.1875,0.1875,0.1875,0.1875,,,
10.3131849765778,0,0.1875,0.1875,0.1875,0.1875,0.1875,0.1875,,,
10.3151879310608,0,0.1875,0.1875,0.1875,0.1875,0.1875,0.1875,,,
10.3171908855438,0,0.1875,0.1875,0.1875,0.1875,0.1875,0.1875,,,
10.3191909790039,0,0.1875,0.1875,0.1875,0.1875,0.1875,0.1875,,,
10.3211939334869,0,0.1875,0.1875,0.1875,0.1875,0.1875,0.1875,,,
10.323194026947,0,0.1875,0.1875,0.1875,0.1875,0.1875,0.1875,,,
10.3251969814301,0,0.1875,0.1875,0.1875,0.1875,0.1875,0.1875,,,
10.3271999359131,0,0.1875,0.1875,0.1875,0.1875,0.1875,0.1875,,,
10.3292000293732,0,0.1875,0.1875,0.1875,0.1875,0.1875,0.1875,,,
10.3312029838562,0,0.1875,0.1875,0.1875,0.1875,0.1875,0.1875,,,
10.3332030773163,0,0.1875,0.1875,0.1875,0.1875,0.1875,0.1875,,,
10.3352060317993,0,0.1875,0.1875,0.1875,0.1875,0.1875,0.1875,,,
10.3372058868408,0,0.1875,0.1875,0.1875,0.1875,0.1875,0.1875,,,
10.3392090797424,0,0.1875,0.1875,0.1875,0.1875,0.1875,0.1875,,,
10.3412120342255,0,0.1875,0.1875,0.1875,0.1875,0.1875,0.1875,,,
10.343211889267,0,0.1875,0.1875,0.1875,0.1875,0.1875,0.1875,,,
10.3452150821686,0,0.1875,0.1875,0.1875,0.1875,0.1875,0.1875,,,
10.3472158908844,0,0.1875,0.1875,0.1875,0.1875,0.1875,0.1875,,,
10.3492178916931,0,0.1875,0.1875,0.1875,0.1875,0.1875,0.1875,,,
10.3512189388275,0,0.1875,0.1875,0.1875,0.1875,0.1875,0.1875,,,
10.3532209396362,0,0.1875,0.1875,0.1875,0.1875,0.1875,0.1875,,,
10.3552238941193,0,0.1875,0.1875,0.1875,0.1875,0.1875,0.1875,,,
10.3572249412537,0,0.1875,0.1875,0.1875,0.1875,0.1875,0.1875,,,
10.3592269420624,0,0.1875,0.1875,0.1875,0.1875,0.1875,0.1875,,,
10.3612298965454,0,0.1875,0.1875,0.1875,0.1875,0.1875,0.1875,,,
10.3632299900055,0,0.1875,0.1875,0.1875,0.1875,0.1875,0.1875,,,
10.3652329444885,0,0.1875,0.1875,0.1875,0.1875,0.1875,0.1875,,,
10.3672330379486,0,0.1875,0.1875,0.1875,0.1875,0.1875,0.1875,,,
10.3692359924316,0,0.1875,0.1875,0.1875,0.1875,0.1875,0.1875,,,
10.371237039566,0,0.1875,0.1875,0.1875,0.1875,0.1875,0.1875,,,
10.3732399940491,0,0.1875,0.1875,0.1875,0.1875,0.1875,0.1875,,,
10.3752419948578,0,0.1875,0.1875,0.1875,0.1875,0.1875,0.1875,,,
10.3772430419922,0,0.1875,0.1875,0.1875,0.1875,0.1875,0.1875,,,
10.3792459964752,0,0.1875,0.1875,0.1875,0.1875,0.1875,0.1875,,,
10.3812460899353,0,0.1875,0.1875,0.1875,0.1875,0.1875,0.1875,,,
10.3832490444183,0,0.1875,0.1875,0.1875,0.1875,0.1875,0.1875,,,
10.3852488994598,0,0.1875,0.1875,0.1875,0.1875,0.1875,0.1875,,,
10.3872520923615,0,0.1875,0.1875,0.1875,0.1875,0.1875,0.1875,,,
10.3892550468445,0,0.1875,0.1875,0.1875,0.1875,0.1875,0.1875,,,
10.391254901886,0,0.1875,0.1875,0.1875,0.1875,0.1875,0.1875,,,
10.3932580947876,0,0.1875,0.1875,0.1875,0.1875,0.1875,0.1875,,,
10.3952589035034,0,0.1875,0.1875,0.1875,0.1875,0.1875,0.1875,,,
10.3972609043121,0,0.1875,0.1875,0.1875,0.1875,0.1875,0.1875,,,
10.3992619514465,0,0.1875,0.1875,0.1875,0.1875,0.1875,0.1875,,,
10.4012639522552,0,0.1875,0.1875,0.1875,0.1875,0.1875,0.1875,,,
10.4032669067383,0,0.1875,0.1875,0.1875,0.1875,0.1875,0.1875,,,
10.4052670001984,0,0.1875,0.1875,0.1875,0.1875,0.1875,0.1875,,,
10.4072699546814,0,0.1875,0.1875,0.1875,0.1875,0.1875,0.1875,,,
10.4092700481415,0,0.1875,0.1875,0.1875,0.1875,0.1875,0.1875,,,
10.4112730026245,0,0.1875,0.1875,0.1875,0.1875,0.1875,0.1875,,,
10.4132740497589,0,0.1875,0.1875,0.1875,0.1875,0.1875,0.1875,,,
10.4152760505676,0,0.1875,0.1875,0.1875,0.1875,0.1875,0.1875,,,
10.4172790050507,0,0.1875,0.1875,0.1875,0.1875,0.1875,0.1875,,,
10.4192800521851,0,0.1875,0.1875,0.1875,0.1875,0.1875,0.1875,,,
10.4212820529938,0,0.1875,0.1875,0.1875,0.1875,0.1875,0.1875,,,
10.4232831001282,0,0.1875,0.1875,0.1875,0.1875,0.1875,0.1875,,,
10.4252851009369,0,0.1875,0.1875,0.1875,0.1875,0.1875,0.1875,,,
10.4272880554199,0,0.1875,0.1875,0.1875,0.1875,0.1875,0.1875,,,
10.4292891025543,0,0.1875,0.1875,0.1875,0.1875,0.1875,0.1875,,,
10.4312908649445,0,0.1875,0.1875,0.1875,0.1875,0.1875,0.1875,,,
10.4332919120789,0,0.1875,0.1875,0.1875,0.1875,0.1875,0.1875,,,
10.4352939128876,0,0.1875,0.1875,0.1875,0.1875,0.1875,0.1875,,,
10.4372968673706,0,0.1875,0.1875,0.1875,0.1875,0.1875,0.1875,,,
10.4392969608307,0,0.1875,0.1875,0.1875,0.1875,0.1875,0.1875,,,
10.4412999153137,0,0.1875,0.1875,0.1875,0.1875,0.1875,0.1875,,,
10.4433009624481,0,0.1875,0.1875,0.1875,0.1875,0.1875,0.1875,,,
10.4453029632568,0,0.1875,0.1875,0.1875,0.1875,0.1875,0.1875,,,
10.4473040103912,0,0.1875,0.1875,0.1875,0.1875,0.1875,0.1875,,,
10.4493069648743,0,0.1875,0.1875,0.1875,0.1875,0.1875,0.1875,,,
10.4513070583344,0,0.1875,0.1875,0.1875,0.1875,0.1875,0.1875,,,
10.4533100128174,0,0.1875,0.1875,0.1875,0.1875,0.1875,0.1875,,,
10.4553098678589,0,0.1875,0.1875,0.1875,0.1875,0.1875,0.1875,,,
10.4573130607605,0,0.1875,0.1875,0.1875,0.1875,0.1875,0.1875,,,
10.459312915802,0,0.1875,0.1875,0.1875,0.1875,0.1875,0.1875,,,
10.461315870285,0,0.1875,0.1875,0.1875,0.1875,0.1875,0.1875,,,
10.4633190631866,0,0.1875,0.1875,0.1875,0.1875,0.1875,0.1875,,,
10.4653189182281,0,0.1875,0.1875,0.1875,0.1875,0.1875,0.1875,,,
10.4673218727112,0,0.1875,0.1875,0.1875,0.1875,0.1875,0.1875,,,
10.4693219661713,0,0.1875,0.1875,0.1875,0.1875,0.1875,0.1875,,,
10.4713249206543,0,0.1875,0.1875,0.1875,0.1875,0.1875,0.1875,,,
10.4733250141144,0,0.1875,0.1875,0.1875,0.1875,0.1875,0.1875,,,
10.4753279685974,0,0.1875,0.1875,0.1875,0.1875,0.1875,0.1875,,,
10.4773280620575,0,0.1875,0.1875,0.1875,0.1875,0.1875,0.1875,,,
10.4793310165405,0,0.1875,0.1875,0.1875,0.1875,0.1875,0.1875,,,
10.4813320636749,0,0.1875,0.1875,0.1875,0.1875,0.1875,0.1875,,,
10.483335018158,0,0.1875,0.1875,0.1875,0.1875,0.1875,0.1875,,,
10.4853348731995,0,0.1875,0.1875,0.1875,0.1875,0.1875,0.1875,,,
10.4873380661011,0,0.1875,0.1875,0.1875,0.1875,0.1875,0.1875,,,
10.4893410205841,0,0.1875,0.1875,0.1875,0.1875,0.1875,0.1875,,,
10.4913408756256,0,0.1875,0.1875,0.1875,0.1875,0.1875,0.1875,,,
10.4933440685272,0,0.1875,0.1875,0.1875,0.1875,0.1875,0.1875,,,
10.4953439235687,0,0.1875,0.1875,0.1875,0.1875,0.1875,0.1875,,,
10.4973468780518,0,0.1875,0.1875,0.1875,0.1875,0.1875,0.1875,,,
10.4993469715118,0,0.1875,0.1875,0.1875,0.1875,0.1875,0.1875,,,
10.5013499259949,0,0.1875,0.1875,0.1875,0.1875,0.1875,0.1875,,,
10.503350019455,0,0.1875,0.1875,0.1875,0.1875,0.1875,0.1875,,,
10.505352973938,0,0.1875,0.1875,0.1875,0.1875,0.1875,0.1875,,,
10.5073540210724,0,0.1875,0.1875,0.1875,0.1875,0.1875,0.1875,,,
10.5093560218811,0,0.1875,0.1875,0.1875,0.1875,0.1875,0.1875,,,
10.5113570690155,0,0.1875,0.1875,0.1875,0.1875,0.1875,0.1875,,,
10.5133590698242,0,0.1875,0.1875,0.1875,0.1875,0.1875,0.1875,,,
10.51535987854,0,0.1875,0.1875,0.1875,0.1875,0.1875,0.1875,,,
10.5173618793488,0,0.1875,0.1875,0.1875,0.1875,0.1875,0.1875,,,
10.5193629264832,0,0.1875,0.1875,0.1875,0.1875,0.1875,0.1875,,,
10.5213658809662,0,0.1875,0.1875,0.1875,0.1875,0.1875,0.1875,,,
10.5233659744263,0,0.1875,0.1875,0.1875,0.1875,0.1875,0.1875,,,
10.5253689289093,0,0.1875,0.1875,0.1875,0.1875,0.1875,0.1875,,,
10.5273718833923,0,0.1875,0.1875,0.1875,0.1875,0.1875,0.1875,,,
10.5293719768524,0,0.1875,0.1875,0.1875,0.1875,0.1875,0.1875,,,
10.5313749313354,0,0.1875,0.1875,0.1875,0.1875,0.1875,0.1875,,,
10.5333750247955,0,0.1875,0.1875,0.1875,0.1875,0.1875,0.1875,,,
10.5353779792786,0,0.1875,0.1875,0.1875,0.1875,0.1875,0.1875,,,
10.5373780727386,0,0.1875,0.1875,0.1875,0.1875,0.1875,0.1875,,,
10.5393810272217,0,0.1875,0.1875,0.1875,0.1875,0.1875,0.1875,,,
10.5413808822632,0,0.1875,0.1875,0.1875,0.1875,0.1875,0.1875,,,
10.5433840751648,0,0.1875,0.1875,0.1875,0.1875,0.1875,0.1875,,,
10.5453839302063,0,0.1875,0.1875,0.1875,0.1875,0.1875,0.1875,,,
10.5473868846893,0,0.1875,0.1875,0.1875,0.1875,0.1875,0.1875,,,
10.5493900775909,0,0.1875,0.1875,0.1875,0.1875,0.1875,0.1875,,,
10.5513899326324,0,0.1875,0.1875,0.1875,0.1875,0.1875,0.1875,,,
10.5534870624542,0,0.1875,0.1875,0.1875,0.1875,0.1875,0.1875,,,
10.5554900169373,0,0.1875,0.1875,0.1875,0.1875,0.1875,0.1875,,,
10.5574929714203,0,0.1875,0.1875,0.1875,0.1875,0.1875,0.1875,,,
10.5594930648804,0,0.1875,0.1875,0.1875,0.1875,0.1875,0.1875,,,
10.5614960193634,0,0.1875,0.1875,0.1875,0.1875,0.1875,0.1875,,,
10.5634958744049,0,0.1875,0.1875,0.1875,0.1875,0.1875,0.1875,,,
10.5654990673065,0,0.1875,0.1875,0.1875,0.1875,0.1875,0.1875,,,
10.567498922348,0,0.1875,0.1875,0.1875,0.1875,0.1875,0.1875,,,
10.5695018768311,0,0.1875,0.1875,0.1875,0.1875,0.1875,0.1875,,,
10.5715038776398,0,0.1875,0.1875,0.1875,0.1875,0.1875,0.1875,,,
10.5735049247742,0,0.1875,0.1875,0.1875,0.1875,0.1875,0.1875,,,
10.5755078792572,0,0.1875,0.1875,0.1875,0.1875,0.1875,0.1875,,,
10.5775079727173,0,0.1875,0.1875,0.1875,0.1875,0.1875,0.1875,,,
10.5795109272003,0,0.1875,0.1875,0.1875,0.1875,0.1875,0.1875,,,
10.5815110206604,0,0.1875,0.1875,0.1875,0.1875,0.1875,0.1875,,,
10.5835139751434,0,0.1875,0.1875,0.1875,0.1875,0.1875,0.1875,,,
10.5855140686035,0,0.1875,0.1875,0.1875,0.1875,0.1875,0.1875,,,
10.5875170230865,0,0.1875,0.1875,0.1875,0.1875,0.1875,0.1875,,,
10.5895199775696,0,0.1875,0.1875,0.1875,0.1875,0.1875,0.1875,,,
10.5915200710297,0,0.1875,0.1875,0.1875,0.1875,0.1875,0.1875,,,
10.5935230255127,0,0.1875,0.1875,0.1875,0.1875,0.1875,0.1875,,,
10.5955228805542,0,0.1875,0.1875,0.1875,0.1875,0.1875,0.1875,,,
10.5975260734558,0,0.1875,0.1875,0.1875,0.1875,0.1875,0.1875,,,
10.5995259284973,0,0.1875,0.1875,0.1875,0.1875,0.1875,0.1875,,,
10.6015288829803,0,0.1875,0.1875,0.1875,0.1875,0.1875,0.1875,,,
10.603532075882,0,0.1875,0.1875,0.1875,0.1875,0.1875,0.1875,,,
10.6055319309235,0,0.1875,0.1875,0.1875,0.1875,0.1875,0.1875,,,
10.6075348854065,0,0.1875,0.1875,0.1875,0.1875,0.1875,0.1875,,,
10.6095349788666,0,0.1875,0.1875,0.1875,0.1875,0.1875,0.1875,,,
10.6115379333496,0,0.1875,0.1875,0.1875,0.1875,0.1875,0.1875,,,
10.6135380268097,0,0.1875,0.1875,0.1875,0.1875,0.1875,0.1875,,,
10.6155409812927,0,0.1875,0.1875,0.1875,0.1875,0.1875,0.1875,,,
10.6175410747528,0,0.1875,0.1875,0.1875,0.1875,0.1875,0.1875,,,
10.6195440292358,0,0.1875,0.1875,0.1875,0.1875,0.1875,0.1875,,,
10.6215469837189,0,0.1875,0.1875,0.1875,0.1875,0.1875,0.1875,,,
10.623547077179,0,0.1875,0.1875,0.1875,0.1875,0.1875,0.1875,,,
10.625550031662,0,0.1875,0.1875,0.1875,0.1875,0.1875,0.1875,,,
10.6275498867035,0,0.1875,0.1875,0.1875,0.1875,0.1875,0.1875,,,
10.6295530796051,0,0.1875,0.1875,0.1875,0.1875,0.1875,0.1875,,,
10.6315538883209,0,0.1875,0.1875,0.1875,0.1875,0.1875,0.1875,,,
10.6335558891296,0,0.1875,0.1875,0.1875,0.1875,0.1875,0.1875,,,
10.635556936264,0,0.1875,0.1875,0.1875,0.1875,0.1875,0.1875,,,
10.6375589370728,0,0.1875,0.1875,0.1875,0.1875,0.1875,0.1875,,,
10.6395618915558,0,0.1875,0.1875,0.1875,0.1875,0.1875,0.1875,,,
10.6415629386902,0,0.1875,0.1875,0.1875,0.1875,0.1875,0.1875,,,
10.6435649394989,0,0.1875,0.1875,0.1875,0.1875,0.1875,0.1875,,,
10.6455659866333,0,0.1875,0.1875,0.1875,0.1875,0.1875,0.1875,,,
10.6475689411163,0,0.1875,0.1875,0.1875,0.1875,0.1875,0.1875,,,
10.6495690345764,0,0.1875,0.1875,0.1875,0.1875,0.1875,0.1875,,,
10.6515719890594,0,0.1875,0.1875,0.1875,0.1875,0.1875,0.1875,,,
10.6535720825195,0,0.1875,0.1875,0.1875,0.1875,0.1875,0.1875,,,
10.6555750370026,0,0.1875,0.1875,0.1875,0.1875,0.1875,0.1875,,,
10.6575779914856,0,0.1875,0.1875,0.1875,0.1875,0.1875,0.1875,,,
10.6595780849457,0,0.1875,0.1875,0.1875,0.1875,0.1875,0.1875,,,
10.6615810394287,0,0.1875,0.1875,0.1875,0.1875,0.1875,0.1875,,,
10.6635808944702,0,0.1875,0.1875,0.1875,0.1875,0.1875,0.1875,,,
10.6655840873718,0,0.1875,0.1875,0.1875,0.1875,0.1875,0.1875,,,
10.6675860881805,0,0.1875,0.1875,0.1875,0.1875,0.1875,0.1875,,,
10.6695868968964,0,0.1875,0.1875,0.1875,0.1875,0.1875,0.1875,,,
10.6715888977051,0,0.1875,0.1875,0.1875,0.1875,0.1875,0.1875,,,
10.6735899448395,0,0.1875,0.1875,0.1875,0.1875,0.1875,0.1875,,,
10.6755928993225,0,0.1875,0.1875,0.1875,0.1875,0.1875,0.1875,,,
10.6775929927826,0,0.1875,0.1875,0.1875,0.1875,0.1875,0.1875,,,
10.6795959472656,0,0.1875,0.1875,0.1875,0.1875,0.1875,0.1875,,,
10.6815960407257,0,0.1875,0.1875,0.1875,0.1875,0.1875,0.1875,,,
10.6835989952087,0,0.1875,0.1875,0.1875,0.1875,0.1875,0.1875,,,
10.6856009960175,0,0.1875,0.1875,0.1875,0.1875,0.1875,0.1875,,,
10.6876020431519,0,0.1875,0.1875,0.1875,0.1875,0.1875,0.1875,,,
10.6896049976349,0,0.1875,0.1875,0.1875,0.1875,0.1875,0.1875,,,
10.691605091095,0,0.1875,0.1875,0.1875,0.1875,0.1875,0.1875,,,
10.693608045578,0,0.1875,0.1875,0.1875,0.1875,0.1875,0.1875,,,
10.6956079006195,0,0.1875,0.1875,0.1875,0.1875,0.1875,0.1875,,,
10.6976110935211,0,0.1875,0.1875,0.1875,0.1875,0.1875,0.1875,,,
10.6996140480042,0,0.1875,0.1875,0.1875,0.1875,0.1875,0.1875,,,
10.7016139030457,0,0.1875,0.1875,0.1875,0.1875,0.1875,0.1875,,,
10.7036170959473,0,0.1875,0.1875,0.1875,0.1875,0.1875,0.1875,,,
10.7056169509888,0,0.1875,0.1875,0.1875,0.1875,0.1875,0.1875,,,
10.7076199054718,0,0.1875,0.1875,0.1875,0.1875,0.1875,0.1875,,,
10.7096230983734,0,0.1875,0.1875,0.1875,0.1875,0.1875,0.1875,,,
10.7116229534149,0,0.1875,0.1875,0.1875,0.1875,0.1875,0.1875,,,
10.7136259078979,0,0.1875,0.1875,0.1875,0.1875,0.1875,0.1875,,,
10.715626001358,0,0.1875,0.1875,0.1875,0.1875,0.1875,0.1875,,,
10.7176289558411,0,0.1875,0.1875,0.1875,0.1875,0.1875,0.1875,,,
10.7196290493011,0,0.1875,0.1875,0.1875,0.1875,0.1875,0.1875,,,
10.7216320037842,0,0.1875,0.1875,0.1875,0.1875,0.1875,0.1875,,,
10.7236349582672,0,0.1875,0.1875,0.1875,0.1875,0.1875,0.1875,,,
10.7256350517273,0,0.1875,0.1875,0.1875,0.1875,0.1875,0.1875,,,
10.7276380062103,0,0.1875,0.1875,0.1875,0.1875,0.1875,0.1875,,,
10.7296380996704,0,0.1875,0.1875,0.1875,0.1875,0.1875,0.1875,,,
10.7316410541534,0,0.1875,0.1875,0.1875,0.1875,0.1875,0.1875,,,
10.7336409091949,0,0.1875,0.1875,0.1875,0.1875,0.1875,0.1875,,,
10.7356441020966,0,0.1875,0.1875,0.1875,0.1875,0.1875,0.1875,,,
10.7376439571381,0,0.1875,0.1875,0.1875,0.1875,0.1875,0.1875,,,
10.7396469116211,0,0.1875,0.1875,0.1875,0.1875,0.1875,0.1875,,,
10.7416498661041,0,0.1875,0.1875,0.1875,0.1875,0.1875,0.1875,,,
10.7436499595642,0,0.1875,0.1875,0.1875,0.1875,0.1875,0.1875,,,
10.7456529140472,0,0.1875,0.1875,0.1875,0.1875,0.1875,0.1875,,,
10.7476530075073,0,0.1875,0.1875,0.1875,0.1875,0.1875,0.1875,,,
10.7496559619904,0,0.1875,0.1875,0.1875,0.1875,0.1875,0.1875,,,
10.7516560554504,0,0.1875,0.1875,0.1875,0.1875,0.1875,0.1875,,,
10.7536590099335,0,0.1875,0.1875,0.1875,0.1875,0.1875,0.1875,,,
10.7556600570679,0,0.1875,0.1875,0.1875,0.1875,0.1875,0.1875,,,
10.7576620578766,0,0.1875,0.1875,0.1875,0.1875,0.1875,0.1875,,,
10.7596650123596,0,0.1875,0.1875,0.1875,0.1875,0.1875,0.1875,,,
10.7616648674011,0,0.1875,0.1875,0.1875,0.1875,0.1875,0.1875,,,
10.7636680603027,0,0.1875,0.1875,0.1875,0.1875,0.1875,0.1875,,,
10.7656679153442,0,0.1875,0.1875,0.1875,0.1875,0.1875,0.1875,,,
10.7676708698273,0,0.1875,0.1875,0.1875,0.1875,0.1875,0.1875,,,
10.7696719169617,0,0.1875,0.1875,0.1875,0.1875,0.1875,0.1875,,,
10.7716739177704,0,0.1875,0.1875,0.1875,0.1875,0.1875,0.1875,,,
10.7736768722534,0,0.1875,0.1875,0.1875,0.1875,0.1875,0.1875,,,
10.7756779193878,0,0.1875,0.1875,0.1875,0.1875,0.1875,0.1875,,,
10.7776799201965,0,0.1875,0.1875,0.1875,0.1875,0.1875,0.1875,,,
10.7796809673309,0,0.1875,0.1875,0.1875,0.1875,0.1875,0.1875,,,
10.7816829681396,0,0.1875,0.1875,0.1875,0.1875,0.1875,0.1875,,,
10.783684015274,0,0.1875,0.1875,0.1875,0.1875,0.1875,0.1875,,,
10.7856869697571,0,0.1875,0.1875,0.1875,0.1875,0.1875,0.1875,,,
10.7876889705658,0,0.1875,0.1875,0.1875,0.1875,0.1875,0.1875,,,
10.7896900177002,0,0.1875,0.1875,0.1875,0.1875,0.1875,0.1875,,,
10.7916929721832,0,0.1875,0.1875,0.1875,0.1875,0.1875,0.1875,,,
10.7936930656433,0,0.1875,0.1875,0.1875,0.1875,0.1875,0.1875,,,
10.7956960201263,0,0.1875,0.1875,0.1875,0.1875,0.1875,0.1875,,,
10.7976958751678,0,0.1875,0.1875,0.1875,0.1875,0.1875,0.1875,,,
10.7996990680695,0,0.1875,0.1875,0.1875,0.1875,0.1875,0.1875,,,
10.8017010688782,0,0.1875,0.1875,0.1875,0.1875,0.1875,0.1875,,,
10.803701877594,0,0.1875,0.1875,0.1875,0.1875,0.1875,0.1875,,,
10.8057050704956,0,0.1875,0.1875,0.1875,0.1875,0.1875,0.1875,,,
10.8077049255371,0,0.1875,0.1875,0.1875,0.1875,0.1875,0.1875,,,
10.8097078800201,0,0.1875,0.1875,0.1875,0.1875,0.1875,0.1875,,,
10.8117079734802,0,0.1875,0.1875,0.1875,0.1875,0.1875,0.1875,,,
10.8137109279633,0,0.1875,0.1875,0.1875,0.1875,0.1875,0.1875,,,
10.815712928772,0,0.1875,0.1875,0.1875,0.1875,0.1875,0.1875,,,
10.8177139759064,0,0.1875,0.1875,0.1875,0.1875,0.1875,0.1875,,,
10.8197169303894,0,0.1875,0.1875,0.1875,0.1875,0.1875,0.1875,,,
10.8217170238495,0,0.1875,0.1875,0.1875,0.1875,0.1875,0.1875,,,
10.8237199783325,0,0.1875,0.1875,0.1875,0.1875,0.1875,0.1875,,,
10.8257200717926,0,0.1875,0.1875,0.1875,0.1875,0.1875,0.1875,,,
10.8277230262756,0,0.1875,0.1875,0.1875,0.1875,0.1875,0.1875,,,
10.8297228813171,0,0.1875,0.1875,0.1875,0.1875,0.1875,0.1875,,,
10.8317260742188,0,0.1875,0.1875,0.1875,0.1875,0.1875,0.1875,,,
10.8337290287018,0,0.1875,0.1875,0.1875,0.1875,0.1875,0.1875,,,
10.8357288837433,0,0.1875,0.1875,0.1875,0.1875,0.1875,0.1875,,,
10.8377320766449,0,0.1875,0.1875,0.1875,0.1875,0.1875,0.1875,,,
10.8397319316864,0,0.1875,0.1875,0.1875,0.1875,0.1875,0.1875,,,
10.8417348861694,0,0.1875,0.1875,0.1875,0.1875,0.1875,0.1875,,,
10.8437359333038,0,0.1875,0.1875,0.1875,0.1875,0.1875,0.1875,,,
10.8457379341125,0,0.1875,0.1875,0.1875,0.1875,0.1875,0.1875,,,
10.8477389812469,0,0.1875,0.1875,0.1875,0.1875,0.1875,0.1875,,,
10.84974193573,0,0.1875,0.1875,0.1875,0.1875,0.1875,0.1875,,,
10.8517420291901,0,0.1875,0.1875,0.1875,0.1875,0.1875,0.1875,,,
10.8537449836731,0,0.1875,0.1875,0.1875,0.1875,0.1875,0.1875,,,
10.8557479381561,0,0.1875,0.1875,0.1875,0.1875,0.1875,0.1875,,,
10.8577480316162,0,0.1875,0.1875,0.1875,0.1875,0.1875,0.1875,,,
10.8597509860992,0,0.1875,0.1875,0.1875,0.1875,0.1875,0.1875,,,
10.8617510795593,0,0.1875,0.1875,0.1875,0.1875,0.1875,0.1875,,,
10.8637540340424,0,0.1875,0.1875,0.1875,0.1875,0.1875,0.1875,,,
10.8657538890839,0,0.1875,0.1875,0.1875,0.1875,0.1875,0.1875,,,
10.8677570819855,0,0.1875,0.1875,0.1875,0.1875,0.1875,0.1875,,,
10.869756937027,0,0.1875,0.1875,0.1875,0.1875,0.1875,0.1875,,,
10.87175989151,0,0.1875,0.1875,0.1875,0.1875,0.1875,0.1875,,,
10.8737609386444,0,0.1875,0.1875,0.1875,0.1875,0.1875,0.1875,,,
10.8757629394531,0,0.1875,0.1875,0.1875,0.1875,0.1875,0.1875,,,
10.8777639865875,0,0.1875,0.1875,0.1875,0.1875,0.1875,0.1875,,,
10.8797659873962,0,0.1875,0.1875,0.1875,0.1875,0.1875,0.1875,,,
10.8817689418793,0,0.1875,0.1875,0.1875,0.1875,0.1875,0.1875,,,
10.8837690353394,0,0.1875,0.1875,0.1875,0.1875,0.1875,0.1875,,,
10.8857719898224,0,0.1875,0.1875,0.1875,0.1875,0.1875,0.1875,,,
10.8877730369568,0,0.1875,0.1875,0.1875,0.1875,0.1875,0.1875,,,
10.8897750377655,0,0.1875,0.1875,0.1875,0.1875,0.1875,0.1875,,,
10.8917760848999,0,0.1875,0.1875,0.1875,0.1875,0.1875,0.1875,,,
10.8937780857086,0,0.1875,0.1875,0.1875,0.1875,0.1875,0.1875,,,
10.8957810401917,0,0.1875,0.1875,0.1875,0.1875,0.1875,0.1875,,,
10.8977808952332,0,0.1875,0.1875,0.1875,0.1875,0.1875,0.1875,,,
10.8997840881348,0,0.1875,0.1875,0.1875,0.1875,0.1875,0.1875,,,
10.9017839431763,0,0.1875,0.1875,0.1875,0.1875,0.1875,0.1875,,,
10.9037868976593,0,0.1875,0.1875,0.1875,0.1875,0.1875,0.1875,,,
10.9057879447937,0,0.1875,0.1875,0.1875,0.1875,0.1875,0.1875,,,
10.9077899456024,0,0.1875,0.1875,0.1875,0.1875,0.1875,0.1875,,,
10.9097929000854,0,0.1875,0.1875,0.1875,0.1875,0.1875,0.1875,,,
10.9117939472198,0,0.1875,0.1875,0.1875,0.1875,0.1875,0.1875,,,
10.9137959480286,0,0.1875,0.1875,0.1875,0.1875,0.1875,0.1875,,,
10.915796995163,0,0.1875,0.1875,0.1875,0.1875,0.1875,0.1875,,,
10.917799949646,0,0.1875,0.1875,0.1875,0.1875,0.1875,0.1875,,,
10.9198000431061,0,0.1875,0.1875,0.1875,0.1875,0.1875,0.1875,,,
10.9218029975891,0,0.1875,0.1875,0.1875,0.1875,0.1875,0.1875,,,
10.9238030910492,0,0.1875,0.1875,0.1875,0.1875,0.1875,0.1875,,,
10.9258060455322,0,0.1875,0.1875,0.1875,0.1875,0.1875,0.1875,,,
10.9278090000153,0,0.1875,0.1875,0.1875,0.1875,0.1875,0.1875,,,
10.9298090934753,0,0.1875,0.1875,0.1875,0.1875,0.1875,0.1875,,,
10.9318120479584,0,0.1875,0.1875,0.1875,0.1875,0.1875,0.1875,,,
10.9338119029999,0,0.1875,0.1875,0.1875,0.1875,0.1875,0.1875,,,
10.9358150959015,0,0.1875,0.1875,0.1875,0.1875,0.1875,0.1875,,,
10.937814950943,0,0.1875,0.1875,0.1875,0.1875,0.1875,0.1875,,,
10.939817905426,0,0.1875,0.1875,0.1875,0.1875,0.1875,0.1875,,,
10.9418179988861,0,0.1875,0.1875,0.1875,0.1875,0.1875,0.1875,,,
10.9438209533691,0,0.1875,0.1875,0.1875,0.1875,0.1875,0.1875,,,
10.9458239078522,0,0.1875,0.1875,0.1875,0.1875,0.1875,0.1875,,,
10.9478240013123,0,0.1875,0.1875,0.1875,0.1875,0.1875,0.1875,,,
10.9498269557953,0,0.1875,0.1875,0.1875,0.1875,0.1875,0.1875,,,
10.9518270492554,0,0.1875,0.1875,0.1875,0.1875,0.1875,0.1875,,,
10.9538300037384,0,0.1875,0.1875,0.1875,0.1875,0.1875,0.1875,,,
10.9558329582214,0,0.1875,0.1875,0.1875,0.1875,0.1875,0.1875,,,
10.9578330516815,0,0.1875,0.1875,0.1875,0.1875,0.1875,0.1875,,,
10.9598360061646,0,0.1875,0.1875,0.1875,0.1875,0.1875,0.1875,,,
10.9618360996246,0,0.1875,0.1875,0.1875,0.1875,0.1875,0.1875,,,
10.9638390541077,0,0.1875,0.1875,0.1875,0.1875,0.1875,0.1875,,,
10.9658401012421,0,0.1875,0.1875,0.1875,0.1875,0.1875,0.1875,,,
10.9678421020508,0,0.1875,0.1875,0.1875,0.1875,0.1875,0.1875,,,
10.9698450565338,0,0.1875,0.1875,0.1875,0.1875,0.1875,0.1875,,,
10.9718458652496,0,0.1875,0.1875,0.1875,0.1875,0.1875,0.1875,,,
10.9738478660584,0,0.1875,0.1875,0.1875,0.1875,0.1875,0.1875,,,
10.9758489131927,0,0.1875,0.1875,0.1875,0.1875,0.1875,0.1875,,,
10.9778518676758,0,0.1875,0.1875,0.1875,0.1875,0.1875,0.1875,,,
10.9798519611359,0,0.1875,0.1875,0.1875,0.1875,0.1875,0.1875,,,
10.9818549156189,0,0.1875,0.1875,0.1875,0.1875,0.1875,0.1875,,,
10.983855009079,0,0.1875,0.1875,0.1875,0.1875,0.1875,0.1875,,,
10.985857963562,0,0.1875,0.1875,0.1875,0.1875,0.1875,0.1875,,,
10.987860918045,0,0.1875,0.1875,0.1875,0.1875,0.1875,0.1875,,,
10.9898610115051,0,0.1875,0.1875,0.1875,0.1875,0.1875,0.1875,,,
10.9918639659882,0,0.1875,0.1875,0.1875,0.1875,0.1875,0.1875,,,
10.9938640594482,0,0.1875,0.1875,0.1875,0.1875,0.1875,0.1875,,,
10.9958670139313,0,0.1875,0.1875,0.1875,0.1875,0.1875,0.1875,,,
10.9978680610657,0,0.1875,0.1875,0.1875,0.1875,0.1875,0.1875,,,
10.9998700618744,0,0.1875,0.1875,0.1875,0.1875,0.1875,0.1875,,,
11.0018730163574,0,0.1875,0.1875,0.1875,0.1875,0.1875,0.1875,,,
11.0038728713989,0,0.1875,0.1875,0.1875,0.1875,0.1875,0.1875,,,
11.0058760643005,0,0.1875,0.1875,0.1875,0.1875,0.1875,0.1875,,,
11.007875919342,0,0.1875,0.1875,0.1875,0.1875,0.1875,0.1875,,,
11.0098788738251,0,0.1875,0.1875,0.1875,0.1875,0.1875,0.1875,,,
11.0118789672852,0,0.1875,0.1875,0.1875,0.1875,0.1875,0.1875,,,
11.0138819217682,0,0.1875,0.1875,0.1875,0.1875,0.1875,0.1875,,,
11.0158848762512,0,0.1875,0.1875,0.1875,0.1875,0.1875,0.1875,,,
11.0178849697113,0,0.1875,0.1875,0.1875,0.1875,0.1875,0.1875,,,
11.0198879241943,0,0.1875,0.1875,0.1875,0.1875,0.1875,0.1875,,,
11.0218880176544,0,0.1875,0.1875,0.1875,0.1875,0.1875,0.1875,,,
11.0238909721375,0,0.1875,0.1875,0.1875,0.1875,0.1875,0.1875,,,
11.0258910655975,0,0.1875,0.1875,0.1875,0.1875,0.1875,0.1875,,,
11.0278940200806,0,0.1875,0.1875,0.1875,0.1875,0.1875,0.1875,,,
11.0298969745636,0,0.1875,0.1875,0.1875,0.1875,0.1875,0.1875,,,
11.0318970680237,0,0.1875,0.1875,0.1875,0.1875,0.1875,0.1875,,,
11.0339000225067,0,0.1875,0.1875,0.1875,0.1875,0.1875,0.1875,,,
11.0358998775482,0,0.1875,0.1875,0.1875,0.1875,0.1875,0.1875,,,
11.0379030704498,0,0.1875,0.1875,0.1875,0.1875,0.1875,0.1875,,,
11.0399038791656,0,0.1875,0.1875,0.1875,0.1875,0.1875,0.1875,,,
11.0419058799744,0,0.1875,0.1875,0.1875,0.1875,0.1875,0.1875,,,
11.0439069271088,0,0.1875,0.1875,0.1875,0.1875,0.1875,0.1875,,,
11.0459098815918,0,0.1875,0.1875,0.1875,0.1875,0.1875,0.1875,,,
11.0479099750519,0,0.1875,0.1875,0.1875,0.1875,0.1875,0.1875,,,
11.0499129295349,0,0.1875,0.1875,0.1875,0.1875,0.1875,0.1875,,,
11.0519149303436,0,0.1875,0.1875,0.1875,0.1875,0.1875,0.1875,,,
11.053915977478,0,0.1875,0.1875,0.1875,0.1875,0.1875,0.1875,,,
11.0559179782867,0,0.1875,0.1875,0.1875,0.1875,0.1875,0.1875,,,
11.0579190254211,0,0.1875,0.1875,0.1875,0.1875,0.1875,0.1875,,,
11.0599219799042,0,0.1875,0.1875,0.1875,0.1875,0.1875,0.1875,,,
11.0619220733643,0,0.1875,0.1875,0.1875,0.1875,0.1875,0.1875,,,
11.0639250278473,0,0.1875,0.1875,0.1875,0.1875,0.1875,0.1875,,,
11.0659248828888,0,0.1875,0.1875,0.1875,0.1875,0.1875,0.1875,,,
11.0677990913391,0,0.1875,0.1875,0.1875,0.1875,0.1875,0.1875,,,
11.0698020458221,0,0.1875,0.1875,0.1875,0.1875,0.1875,0.1875,,,
11.0718019008636,0,0.1875,0.1875,0.1875,0.1875,0.1875,0.1875,,,
11.0738050937653,0,0.1875,0.1875,0.1875,0.1875,0.1875,0.1875,,,
11.0758049488068,0,0.1875,0.1875,0.1875,0.1875,0.1875,0.1875,,,
11.0778079032898,0,0.1875,0.1875,0.1875,0.1875,0.1875,0.1875,,,
11.0798110961914,0,0.1875,0.1875,0.1875,0.1875,0.1875,0.1875,,,
11.0818109512329,0,0.1875,0.1875,0.1875,0.1875,0.1875,0.1875,,,
11.0838139057159,0,0.1875,0.1875,0.1875,0.1875,0.1875,0.1875,,,
11.085813999176,0,0.1875,0.1875,0.1875,0.1875,0.1875,0.1875,,,
11.0878169536591,0,0.1875,0.1875,0.1875,0.1875,0.1875,0.1875,,,
11.0898170471191,0,0.1875,0.1875,0.1875,0.1875,0.1875,0.1875,,,
11.0918200016022,0,0.1875,0.1875,0.1875,0.1875,0.1875,0.1875,,,
11.0938210487366,0,0.1875,0.1875,0.1875,0.1875,0.1875,0.1875,,,
11.0958230495453,0,0.1875,0.1875,0.1875,0.1875,0.1875,0.1875,,,
11.0978260040283,0,0.1875,0.1875,0.1875,0.1875,0.1875,0.1875,,,
11.0998260974884,0,0.1875,0.1875,0.1875,0.1875,0.1875,0.1875,,,
11.1018290519714,0,0.1875,0.1875,0.1875,0.1875,0.1875,0.1875,,,
11.1038300991058,0,0.1875,0.1875,0.1875,0.1875,0.1875,0.1875,,,
11.1058320999146,0,0.1875,0.1875,0.1875,0.1875,0.1875,0.1875,,,
11.1078329086304,0,0.1875,0.1875,0.1875,0.1875,0.1875,0.1875,,,
11.109836101532,0,0.1875,0.1875,0.1875,0.1875,0.1875,0.1875,,,
11.1118359565735,0,0.1875,0.1875,0.1875,0.1875,0.1875,0.1875,,,
11.1138389110565,0,0.1875,0.1875,0.1875,0.1875,0.1875,0.1875,,,
11.1158418655396,0,0.1875,0.1875,0.1875,0.1875,0.1875,0.1875,,,
11.1178419589996,0,0.1875,0.1875,0.1875,0.1875,0.1875,0.1875,,,
11.1198449134827,0,0.1875,0.1875,0.1875,0.1875,0.1875,0.1875,,,
11.1218450069427,0,0.1875,0.1875,0.1875,0.1875,0.1875,0.1875,,,
11.1238479614258,0,0.1875,0.1875,0.1875,0.1875,0.1875,0.1875,,,
11.1258480548859,0,0.1875,0.1875,0.1875,0.1875,0.1875,0.1875,,,
11.1278510093689,0,0.1875,0.1875,0.1875,0.1875,0.1875,0.1875,,,
11.1298520565033,0,0.1875,0.1875,0.1875,0.1875,0.1875,0.1875,,,
11.131854057312,0,0.1875,0.1875,0.1875,0.1875,0.1875,0.1875,,,
11.133857011795,0,0.1875,0.1875,0.1875,0.1875,0.1875,0.1875,,,
11.1358568668365,0,0.1875,0.1875,0.1875,0.1875,0.1875,0.1875,,,
11.1378600597382,0,0.1875,0.1875,0.1875,0.1875,0.1875,0.1875,,,
11.139860868454,0,0.1875,0.1875,0.1875,0.1875,0.1875,0.1875,,,
11.1418628692627,0,0.1875,0.1875,0.1875,0.1875,0.1875,0.1875,,,
11.1438639163971,0,0.1875,0.1875,0.1875,0.1875,0.1875,0.1875,,,
11.1458668708801,0,0.1875,0.1875,0.1875,0.1875,0.1875,0.1875,,,
11.1478688716888,0,0.1875,0.1875,0.1875,0.1875,0.1875,0.1875,,,
11.1498699188232,0,0.1875,0.1875,0.1875,0.1875,0.1875,0.1875,,,
11.151871919632,0,0.1875,0.1875,0.1875,0.1875,0.1875,0.1875,,,
11.1538729667664,0,0.1875,0.1875,0.1875,0.1875,0.1875,0.1875,,,
11.1558749675751,0,0.1875,0.1875,0.1875,0.1875,0.1875,0.1875,,,
11.1578760147095,0,0.1875,0.1875,0.1875,0.1875,0.1875,0.1875,,,
11.1598789691925,0,0.1875,0.1875,0.1875,0.1875,0.1875,0.1875,,,
11.1618790626526,0,0.1875,0.1875,0.1875,0.1875,0.1875,0.1875,,,
11.1638820171356,0,0.1875,0.1875,0.1875,0.1875,0.1875,0.1875,,,
11.1658840179443,0,0.1875,0.1875,0.1875,0.1875,0.1875,0.1875,,,
11.1678850650787,0,0.1875,0.1875,0.1875,0.1875,0.1875,0.1875,,,
11.1698870658875,0,0.1875,0.1875,0.1875,0.1875,0.1875,0.1875,,,
11.1718878746033,0,0.1875,0.1875,0.1875,0.1875,0.1875,0.1875,,,
11.1738910675049,0,0.1875,0.1875,0.1875,0.1875,0.1875,0.1875,,,
11.1758930683136,0,0.1875,0.1875,0.1875,0.1875,0.1875,0.1875,,,
11.1778938770294,0,0.1875,0.1875,0.1875,0.1875,0.1875,0.1875,,,
11.179897069931,0,0.1875,0.1875,0.1875,0.1875,0.1875,0.1875,,,
11.1818969249725,0,0.1875,0.1875,0.1875,0.1875,0.1875,0.1875,,,
11.1838998794556,0,0.1875,0.1875,0.1875,0.1875,0.1875,0.1875,,,
11.1858999729156,0,0.1875,0.1875,0.1875,0.1875,0.1875,0.1875,,,
11.1879029273987,0,0.1875,0.1875,0.1875,0.1875,0.1875,0.1875,,,
11.1899030208588,0,0.1875,0.1875,0.1875,0.1875,0.1875,0.1875,,,
11.1919059753418,0,0.1875,0.1875,0.1875,0.1875,0.1875,0.1875,,,
11.1939089298248,0,0.1875,0.1875,0.1875,0.1875,0.1875,0.1875,,,
11.1959090232849,0,0.1875,0.1875,0.1875,0.1875,0.1875,0.1875,,,
11.1979119777679,0,0.1875,0.1875,0.1875,0.1875,0.1875,0.1875,,,
11.199912071228,0,0.1875,0.1875,0.1875,0.1875,0.1875,0.1875,,,
11.2019150257111,0,0.1875,0.1875,0.1875,0.1875,0.1875,0.1875,,,
11.2039148807526,0,0.1875,0.1875,0.1875,0.1875,0.1875,0.1875,,,
11.2059180736542,0,0.1875,0.1875,0.1875,0.1875,0.1875,0.1875,,,
11.2079210281372,0,0.1875,0.1875,0.1875,0.1875,0.1875,0.1875,,,
11.2099208831787,0,0.1875,0.1875,0.1875,0.1875,0.1875,0.1875,,,
11.2119240760803,0,0.1875,0.1875,0.1875,0.1875,0.1875,0.1875,,,
11.2139239311218,0,0.1875,0.1875,0.1875,0.1875,0.1875,0.1875,,,
11.2159268856049,0,0.1875,0.1875,0.1875,0.1875,0.1875,0.1875,,,
11.2179269790649,0,0.1875,0.1875,0.1875,0.1875,0.1875,0.1875,,,
11.219929933548,0,0.1875,0.1875,0.1875,0.1875,0.1875,0.1875,,,
11.2219300270081,0,0.1875,0.1875,0.1875,0.1875,0.1875,0.1875,,,
11.2239329814911,0,0.1875,0.1875,0.1875,0.1875,0.1875,0.1875,,,
11.2259340286255,0,0.1875,0.1875,0.1875,0.1875,0.1875,0.1875,,,
11.2279360294342,0,0.1875,0.1875,0.1875,0.1875,0.1875,0.1875,,,
11.2299389839172,0,0.1875,0.1875,0.1875,0.1875,0.1875,0.1875,,,
11.2319390773773,0,0.1875,0.1875,0.1875,0.1875,0.1875,0.1875,,,
11.2339420318604,0,0.1875,0.1875,0.1875,0.1875,0.1875,0.1875,,,
11.2359430789948,0,0.1875,0.1875,0.1875,0.1875,0.1875,0.1875,,,
11.2379450798035,0,0.1875,0.1875,0.1875,0.1875,0.1875,0.1875,,,
11.2399458885193,0,0.1875,0.1875,0.1875,0.1875,0.1875,0.1875,,,
11.2419490814209,0,0.1875,0.1875,0.1875,0.1875,0.1875,0.1875,,,
11.2439489364624,0,0.1875,0.1875,0.1875,0.1875,0.1875,0.1875,,,
11.2459518909454,0,0.1875,0.1875,0.1875,0.1875,0.1875,0.1875,,,
11.2479519844055,0,0.1875,0.1875,0.1875,0.1875,0.1875,0.1875,,,
11.2499549388886,0,0.1875,0.1875,0.1875,0.1875,0.1875,0.1875,,,
11.2519578933716,0,0.1875,0.1875,0.1875,0.1875,0.1875,0.1875,,,
11.2539579868317,0,0.1875,0.1875,0.1875,0.1875,0.1875,0.1875,,,
11.2559609413147,0,0.1875,0.1875,0.1875,0.1875,0.1875,0.1875,,,
11.2579610347748,0,0.1875,0.1875,0.1875,0.1875,0.1875,0.1875,,,
11.2599639892578,0,0.1875,0.1875,0.1875,0.1875,0.1875,0.1875,,,
11.2619640827179,0,0.1875,0.1875,0.1875,0.1875,0.1875,0.1875,,,
11.2639670372009,0,0.1875,0.1875,0.1875,0.1875,0.1875,0.1875,,,
11.2659680843353,0,0.1875,0.1875,0.1875,0.1875,0.1875,0.1875,,,
11.267970085144,0,0.1875,0.1875,0.1875,0.1875,0.1875,0.1875,,,
11.2699730396271,0,0.1875,0.1875,0.1875,0.1875,0.1875,0.1875,,,
11.2719740867615,0,0.1875,0.1875,0.1875,0.1875,0.1875,0.1875,,,
11.2739760875702,0,0.1875,0.1875,0.1875,0.1875,0.1875,0.1875,,,
11.275976896286,0,0.1875,0.1875,0.1875,0.1875,0.1875,0.1875,,,
11.2779800891876,0,0.1875,0.1875,0.1875,0.1875,0.1875,0.1875,,,
11.2799799442291,0,0.1875,0.1875,0.1875,0.1875,0.1875,0.1875,,,
11.2819828987122,0,0.1875,0.1875,0.1875,0.1875,0.1875,0.1875,,,
11.2839829921722,0,0.1875,0.1875,0.1875,0.1875,0.1875,0.1875,,,
11.2859859466553,0,0.1875,0.1875,0.1875,0.1875,0.1875,0.1875,,,
11.2879889011383,0,0.1875,0.1875,0.1875,0.1875,0.1875,0.1875,,,
11.2899889945984,0,0.1875,0.1875,0.1875,0.1875,0.1875,0.1875,,,
11.2919919490814,0,0.1875,0.1875,0.1875,0.1875,0.1875,0.1875,,,
11.2939920425415,0,0.1875,0.1875,0.1875,0.1875,0.1875,0.1875,,,
11.2959949970245,0,0.1875,0.1875,0.1875,0.1875,0.1875,0.1875,,,
11.2979969978333,0,0.1875,0.1875,0.1875,0.1875,0.1875,0.1875,,,
11.2999970912933,0,0.1875,0.1875,0.1875,0.1875,0.1875,0.1875,,,
11.3019990921021,0,0.1875,0.1875,0.1875,0.1875,0.1875,0.1875,,,
11.3040020465851,0,0.1875,0.1875,0.1875,0.1875,0.1875,0.1875,,,
11.3060030937195,0,0.1875,0.1875,0.1875,0.1875,0.1875,0.1875,,,
11.3080060482025,0,0.1875,0.1875,0.1875,0.1875,0.1875,0.1875,,,
11.310005903244,0,0.1875,0.1875,0.1875,0.1875,0.1875,0.1875,,,
11.3120090961456,0,0.1875,0.1875,0.1875,0.1875,0.1875,0.1875,,,
11.3140089511871,0,0.1875,0.1875,0.1875,0.1875,0.1875,0.1875,,,
11.3160119056702,0,0.1875,0.1875,0.1875,0.1875,0.1875,0.1875,,,
11.3180119991302,0,0.1875,0.1875,0.1875,0.1875,0.1875,0.1875,,,
11.3200149536133,0,0.1875,0.1875,0.1875,0.1875,0.1875,0.1875,,,
11.3220160007477,0,0.1875,0.1875,0.1875,0.1875,0.1875,0.1875,,,
11.3240189552307,0,0.1875,0.1875,0.1875,0.1875,0.1875,0.1875,,,
11.3260190486908,0,0.1875,0.1875,0.1875,0.1875,0.1875,0.1875,,,
11.3280220031738,0,0.1875,0.1875,0.1875,0.1875,0.1875,0.1875,,,
11.3300249576569,0,0.1875,0.1875,0.1875,0.1875,0.1875,0.1875,,,
11.3320250511169,0,0.1875,0.1875,0.1875,0.1875,0.1875,0.1875,,,
11.3340280056,0,0.1875,0.1875,0.1875,0.1875,0.1875,0.1875,,,
11.3360290527344,0,0.1875,0.1875,0.1875,0.1875,0.1875,0.1875,,,
11.3380310535431,0,0.1875,0.1875,0.1875,0.1875,0.1875,0.1875,,,
11.3400321006775,0,0.1875,0.1875,0.1875,0.1875,0.1875,0.1875,,,
11.3420350551605,0,0.1875,0.1875,0.1875,0.1875,0.1875,0.1875,,,
11.3440361022949,0,0.1875,0.1875,0.1875,0.1875,0.1875,0.1875,,,
11.3460359573364,0,0.1875,0.1875,0.1875,0.1875,0.1875,0.1875,,,
11.3480389118195,0,0.1875,0.1875,0.1875,0.1875,0.1875,0.1875,,,
11.3500418663025,0,0.1875,0.1875,0.1875,0.1875,0.1875,0.1875,,,
11.3520419597626,0,0.1875,0.1875,0.1875,0.1875,0.1875,0.1875,,,
11.3540449142456,0,0.1875,0.1875,0.1875,0.1875,0.1875,0.1875,,,
11.3560450077057,0,0.1875,0.1875,0.1875,0.1875,0.1875,0.1875,,,
11.3580479621887,0,0.1875,0.1875,0.1875,0.1875,0.1875,0.1875,,,
11.3600499629974,0,0.1875,0.1875,0.1875,0.1875,0.1875,0.1875,,,
11.3620510101318,0,0.1875,0.1875,0.1875,0.1875,0.1875,0.1875,,,
11.3640530109406,0,0.1875,0.1875,0.1875,0.1875,0.1875,0.1875,,,
11.3660528659821,0,0.1875,0.1875,0.1875,0.1875,0.1875,0.1875,,,
11.3680560588837,0,0.1875,0.1875,0.1875,0.1875,0.1875,0.1875,,,
11.3700590133667,0,0.1875,0.1875,0.1875,0.1875,0.1875,0.1875,,,
11.3720588684082,0,0.1875,0.1875,0.1875,0.1875,0.1875,0.1875,,,
11.3740608692169,0,0.1875,0.1875,0.1875,0.1875,0.1875,0.1875,,,
11.3760640621185,0,0.1875,0.1875,0.1875,0.1875,0.1875,0.1875,,,
11.3780648708344,0,0.1875,0.1875,0.1875,0.1875,0.1875,0.1875,,,
11.3800668716431,0,0.1875,0.1875,0.1875,0.1875,0.1875,0.1875,,,
11.3820669651031,0,0.1875,0.1875,0.1875,0.1875,0.1875,0.1875,,,
11.3840699195862,0,0.1875,0.1875,0.1875,0.1875,0.1875,0.1875,,,
11.3860728740692,0,0.1875,0.1875,0.1875,0.1875,0.1875,0.1875,,,
11.3880729675293,0,0.1875,0.1875,0.1875,0.1875,0.1875,0.1875,,,
11.390074968338,0,0.1875,0.1875,0.1875,0.1875,0.1875,0.1875,,,
11.3920760154724,0,0.1875,0.1875,0.1875,0.1875,0.1875,0.1875,,,
11.3940780162811,0,0.1875,0.1875,0.1875,0.1875,0.1875,0.1875,,,
11.3960790634155,0,0.1875,0.1875,0.1875,0.1875,0.1875,0.1875,,,
11.3980810642242,0,0.1875,0.1875,0.1875,0.1875,0.1875,0.1875,,,
11.4000840187073,0,0.1875,0.1875,0.1875,0.1875,0.1875,0.1875,,,
11.4020838737488,0,0.1875,0.1875,0.1875,0.1875,0.1875,0.1875,,,
11.4040870666504,0,0.1875,0.1875,0.1875,0.1875,0.1875,0.1875,,,
11.4060890674591,0,0.1875,0.1875,0.1875,0.1875,0.1875,0.1875,,,
11.4080889225006,0,0.1875,0.1875,0.1875,0.1875,0.1875,0.1875,,,
11.4100918769836,0,0.1875,0.1875,0.1875,0.1875,0.1875,0.1875,,,
11.4120919704437,0,0.1875,0.1875,0.1875,0.1875,0.1875,0.1875,,,
11.4140949249268,0,0.1875,0.1875,0.1875,0.1875,0.1875,0.1875,,,
11.4160978794098,0,0.1875,0.1875,0.1875,0.1875,0.1875,0.1875,,,
11.4180979728699,0,0.1875,0.1875,0.1875,0.1875,0.1875,0.1875,,,
11.4200999736786,0,0.1875,0.1875,0.1875,0.1875,0.1875,0.1875,,,
11.4221029281616,0,0.1875,0.1875,0.1875,0.1875,0.1875,0.1875,,,
11.4241030216217,0,0.1875,0.1875,0.1875,0.1875,0.1875,0.1875,,,
11.4261059761047,0,0.1875,0.1875,0.1875,0.1875,0.1875,0.1875,,,
11.4281060695648,0,0.1875,0.1875,0.1875,0.1875,0.1875,0.1875,,,
11.4301090240479,0,0.1875,0.1875,0.1875,0.1875,0.1875,0.1875,,,
11.4321119785309,0,0.1875,0.1875,0.1875,0.1875,0.1875,0.1875,,,
11.434112071991,0,0.1875,0.1875,0.1875,0.1875,0.1875,0.1875,,,
11.4361140727997,0,0.1875,0.1875,0.1875,0.1875,0.1875,0.1875,,,
11.4381170272827,0,0.1875,0.1875,0.1875,0.1875,0.1875,0.1875,,,
11.4401168823242,0,0.1875,0.1875,0.1875,0.1875,0.1875,0.1875,,,
11.4421200752258,0,0.1875,0.1875,0.1875,0.1875,0.1875,0.1875,,,
11.4441199302673,0,0.1875,0.1875,0.1875,0.1875,0.1875,0.1875,,,
11.4461219310761,0,0.1875,0.1875,0.1875,0.1875,0.1875,0.1875,,,
11.4481248855591,0,0.1875,0.1875,0.1875,0.1875,0.1875,0.1875,,,
11.4501259326935,0,0.1875,0.1875,0.1875,0.1875,0.1875,0.1875,,,
11.4521288871765,0,0.1875,0.1875,0.1875,0.1875,0.1875,0.1875,,,
11.4541289806366,0,0.1875,0.1875,0.1875,0.1875,0.1875,0.1875,,,
11.4561369419098,0,0.1875,0.1875,0.1875,0.1875,0.1875,0.1875,,,
11.4581398963928,0,0.1875,0.1875,0.1875,0.1875,0.1875,0.1875,,,
11.4601399898529,0,0.1875,0.1875,0.1875,0.1875,0.1875,0.1875,,,
11.462140083313,0,0.1875,0.1875,0.1875,0.1875,0.1875,0.1875,,,
11.4641399383545,0,0.1875,0.1875,0.1875,0.1875,0.1875,0.1875,,,
11.4661409854889,0,0.1875,0.1875,0.1875,0.1875,0.1875,0.1875,,,
11.4681429862976,0,0.1875,0.1875,0.1875,0.1875,0.1875,0.1875,,,
11.470144033432,0,0.1875,0.1875,0.1875,0.1875,0.1875,0.1875,,,
11.472146987915,0,0.1875,0.1875,0.1875,0.1875,0.1875,0.1875,,,
11.4741470813751,0,0.1875,0.1875,0.1875,0.1875,0.1875,0.1875,,,
11.4761500358582,0,0.1875,0.1875,0.1875,0.1875,0.1875,0.1875,,,
11.4781498908997,0,0.1875,0.1875,0.1875,0.1875,0.1875,0.1875,,,
11.4801530838013,0,0.1875,0.1875,0.1875,0.1875,0.1875,0.1875,,,
11.48215508461,0,0.1875,0.1875,0.1875,0.1875,0.1875,0.1875,,,
11.4841558933258,0,0.1875,0.1875,0.1875,0.1875,0.1875,0.1875,,,
11.4861578941345,0,0.1875,0.1875,0.1875,0.1875,0.1875,0.1875,,,
11.4881589412689,0,0.1875,0.1875,0.1875,0.1875,0.1875,0.1875,,,
11.4901609420776,0,0.1875,0.1875,0.1875,0.1875,0.1875,0.1875,,,
11.4921638965607,0,0.1875,0.1875,0.1875,0.1875,0.1875,0.1875,,,
11.4941649436951,0,0.1875,0.1875,0.1875,0.1875,0.1875,0.1875,,,
11.4961669445038,0,0.1875,0.1875,0.1875,0.1875,0.1875,0.1875,,,
11.4981679916382,0,0.1875,0.1875,0.1875,0.1875,0.1875,0.1875,,,
11.5001709461212,0,0.1875,0.1875,0.1875,0.1875,0.1875,0.1875,,,
11.5021739006042,0,0.1875,0.1875,0.1875,0.1875,0.1875,0.1875,,,
11.5041739940643,0,0.1875,0.1875,0.1875,0.1875,0.1875,0.1875,,,
11.5061769485474,0,0.1875,0.1875,0.1875,0.1875,0.1875,0.1875,,,
11.5081770420074,0,0.1875,0.1875,0.1875,0.1875,0.1875,0.1875,,,
11.5101799964905,0,0.1875,0.1875,0.1875,0.1875,0.1875,0.1875,,,
11.5121819972992,0,0.1875,0.1875,0.1875,0.1875,0.1875,0.1875,,,
11.5141830444336,0,0.1875,0.1875,0.1875,0.1875,0.1875,0.1875,,,
11.5161850452423,0,0.1875,0.1875,0.1875,0.1875,0.1875,0.1875,,,
11.5181879997253,0,0.1875,0.1875,0.1875,0.1875,0.1875,0.1875,,,
11.5201880931854,0,0.1875,0.1875,0.1875,0.1875,0.1875,0.1875,,,
11.5221910476685,0,0.1875,0.1875,0.1875,0.1875,0.1875,0.1875,,,
11.5241920948029,0,0.1875,0.1875,0.1875,0.1875,0.1875,0.1875,,,
11.5261940956116,0,0.1875,0.1875,0.1875,0.1875,0.1875,0.1875,,,
11.5281949043274,0,0.1875,0.1875,0.1875,0.1875,0.1875,0.1875,,,
11.5301969051361,0,0.1875,0.1875,0.1875,0.1875,0.1875,0.1875,,,
11.5322000980377,0,0.1875,0.1875,0.1875,0.1875,0.1875,0.1875,,,
11.5342009067535,0,0.1875,0.1875,0.1875,0.1875,0.1875,0.1875,,,
11.5362029075623,0,0.1875,0.1875,0.1875,0.1875,0.1875,0.1875,,,
11.5382039546967,0,0.1875,0.1875,0.1875,0.1875,0.1875,0.1875,,,
11.5402069091797,0,0.1875,0.1875,0.1875,0.1875,0.1875,0.1875,,,
11.5422070026398,0,0.1875,0.1875,0.1875,0.1875,0.1875,0.1875,,,
11.5442099571228,0,0.1875,0.1875,0.1875,0.1875,0.1875,0.1875,,,
11.5462119579315,0,0.1875,0.1875,0.1875,0.1875,0.1875,0.1875,,,
11.5482130050659,0,0.1875,0.1875,0.1875,0.1875,0.1875,0.1875,,,
11.550215959549,0,0.1875,0.1875,0.1875,0.1875,0.1875,0.1875,,,
11.552216053009,0,0.1875,0.1875,0.1875,0.1875,0.1875,0.1875,,,
11.5542190074921,0,0.1875,0.1875,0.1875,0.1875,0.1875,0.1875,,,
11.5562191009521,0,0.1875,0.1875,0.1875,0.1875,0.1875,0.1875,,,
11.5582220554352,0,0.1875,0.1875,0.1875,0.1875,0.1875,0.1875,,,
11.5602240562439,0,0.1875,0.1875,0.1875,0.1875,0.1875,0.1875,,,
11.5622248649597,0,0.1875,0.1875,0.1875,0.1875,0.1875,0.1875,,,
11.5641839504242,0,0.1875,0.1875,0.1875,0.1875,0.1875,0.1875,,,
11.5661840438843,0,0.1875,0.1875,0.1875,0.1875,0.1875,0.1875,,,
11.5681869983673,0,0.1875,0.1875,0.1875,0.1875,0.1875,0.1875,,,
11.5701870918274,0,0.1875,0.1875,0.1875,0.1875,0.1875,0.1875,,,
11.5721900463104,0,0.1875,0.1875,0.1875,0.1875,0.1875,0.1875,,,
11.5741930007935,0,0.1875,0.1875,0.1875,0.1875,0.1875,0.1875,,,
11.5761930942535,0,0.1875,0.1875,0.1875,0.1875,0.1875,0.1875,,,
11.5781960487366,0,0.1875,0.1875,0.1875,0.1875,0.1875,0.1875,,,
11.5801959037781,0,0.1875,0.1875,0.1875,0.1875,0.1875,0.1875,,,
11.5821990966797,0,0.1875,0.1875,0.1875,0.1875,0.1875,0.1875,,,
11.5841989517212,0,0.1875,0.1875,0.1875,0.1875,0.1875,0.1875,,,
11.5862019062042,0,0.1875,0.1875,0.1875,0.1875,0.1875,0.1875,,,
11.5882050991058,0,0.1875,0.1875,0.1875,0.1875,0.1875,0.1875,,,
11.5902049541473,0,0.1875,0.1875,0.1875,0.1875,0.1875,0.1875,,,
11.5922079086304,0,0.1875,0.1875,0.1875,0.1875,0.1875,0.1875,,,
11.5942080020905,0,0.1875,0.1875,0.1875,0.1875,0.1875,0.1875,,,
11.5962109565735,0,0.1875,0.1875,0.1875,0.1875,0.1875,0.1875,,,
11.5982110500336,0,0.1875,0.1875,0.1875,0.1875,0.1875,0.1875,,,
11.6002140045166,0,0.1875,0.1875,0.1875,0.1875,0.1875,0.1875,,,
11.6022169589996,0,0.1875,0.1875,0.1875,0.1875,0.1875,0.1875,,,
11.604218006134,0,0.1875,0.1875,0.1875,0.1875,0.1875,0.1875,,,
11.6062200069427,0,0.1875,0.1875,0.1875,0.1875,0.1875,0.1875,,,
11.6082210540771,0,0.1875,0.1875,0.1875,0.1875,0.1875,0.1875,,,
11.6102240085602,0,0.1875,0.1875,0.1875,0.1875,0.1875,0.1875,,,
11.6122241020203,0,0.1875,0.1875,0.1875,0.1875,0.1875,0.1875,,,
11.6142270565033,0,0.1875,0.1875,0.1875,0.1875,0.1875,0.1875,,,
11.6162269115448,0,0.1875,0.1875,0.1875,0.1875,0.1875,0.1875,,,
11.6182298660278,0,0.1875,0.1875,0.1875,0.1875,0.1875,0.1875,,,
11.6202330589294,0,0.1875,0.1875,0.1875,0.1875,0.1875,0.1875,,,
11.6222329139709,0,0.1875,0.1875,0.1875,0.1875,0.1875,0.1875,,,
11.624235868454,0,0.1875,0.1875,0.1875,0.1875,0.1875,0.1875,,,
11.6262359619141,0,0.1875,0.1875,0.1875,0.1875,0.1875,0.1875,,,
11.6282389163971,0,0.1875,0.1875,0.1875,0.1875,0.1875,0.1875,,,
11.6302418708801,0,0.1875,0.1875,0.1875,0.1875,0.1875,0.1875,,,
11.6322419643402,0,0.1875,0.1875,0.1875,0.1875,0.1875,0.1875,,,
11.6342449188232,0,0.1875,0.1875,0.1875,0.1875,0.1875,0.1875,,,
11.6362450122833,0,0.1875,0.1875,0.1875,0.1875,0.1875,0.1875,,,
11.6382479667664,0,0.1875,0.1875,0.1875,0.1875,0.1875,0.1875,,,
11.6402480602264,0,0.1875,0.1875,0.1875,0.1875,0.1875,0.1875,,,
11.6422510147095,0,0.1875,0.1875,0.1875,0.1875,0.1875,0.1875,,,
11.6442520618439,0,0.1875,0.1875,0.1875,0.1875,0.1875,0.1875,,,
11.6462540626526,0,0.1875,0.1875,0.1875,0.1875,0.1875,0.1875,,,
11.6482570171356,0,0.1875,0.1875,0.1875,0.1875,0.1875,0.1875,,,
11.65025806427,0,0.1875,0.1875,0.1875,0.1875,0.1875,0.1875,,,
11.6522610187531,0,0.1875,0.1875,0.1875,0.1875,0.1875,0.1875,,,
11.6542608737946,0,0.1875,0.1875,0.1875,0.1875,0.1875,0.1875,,,
11.6562640666962,0,0.1875,0.1875,0.1875,0.1875,0.1875,0.1875,,,
11.6582639217377,0,0.1875,0.1875,0.1875,0.1875,0.1875,0.1875,,,
11.6602668762207,0,0.1875,0.1875,0.1875,0.1875,0.1875,0.1875,,,
11.6622700691223,0,0.1875,0.1875,0.1875,0.1875,0.1875,0.1875,,,
11.6642699241638,0,0.1875,0.1875,0.1875,0.1875,0.1875,0.1875,,,
11.6662728786469,0,0.1875,0.1875,0.1875,0.1875,0.1875,0.1875,,,
11.6682729721069,0,0.1875,0.1875,0.1875,0.1875,0.1875,0.1875,,,
11.67027592659,0,0.1875,0.1875,0.1875,0.1875,0.1875,0.1875,,,
11.67227602005,0,0.1875,0.1875,0.1875,0.1875,0.1875,0.1875,,,
11.6742789745331,0,0.1875,0.1875,0.1875,0.1875,0.1875,0.1875,,,
11.6762790679932,0,0.1875,0.1875,0.1875,0.1875,0.1875,0.1875,,,
11.6782820224762,0,0.1875,0.1875,0.1875,0.1875,0.1875,0.1875,,,
11.6802849769592,0,0.1875,0.1875,0.1875,0.1875,0.1875,0.1875,,,
11.6822850704193,0,0.1875,0.1875,0.1875,0.1875,0.1875,0.1875,,,
11.6842880249023,0,0.1875,0.1875,0.1875,0.1875,0.1875,0.1875,,,
11.6862878799438,0,0.1875,0.1875,0.1875,0.1875,0.1875,0.1875,,,
11.6882910728455,0,0.1875,0.1875,0.1875,0.1875,0.1875,0.1875,,,
11.690290927887,0,0.1875,0.1875,0.1875,0.1875,0.1875,0.1875,,,
11.69229388237,0,0.1875,0.1875,0.1875,0.1875,0.1875,0.1875,,,
11.6942949295044,0,0.1875,0.1875,0.1875,0.1875,0.1875,0.1875,,,
11.6962978839874,0,0.1875,0.1875,0.1875,0.1875,0.1875,0.1875,,,
11.6982998847961,0,0.1875,0.1875,0.1875,0.1875,0.1875,0.1875,,,
11.7003009319305,0,0.1875,0.1875,0.1875,0.1875,0.1875,0.1875,,,
11.7023038864136,0,0.1875,0.1875,0.1875,0.1875,0.1875,0.1875,,,
11.7043039798737,0,0.1875,0.1875,0.1875,0.1875,0.1875,0.1875,,,
11.7063069343567,0,0.1875,0.1875,0.1875,0.1875,0.1875,0.1875,,,
11.7083070278168,0,0.1875,0.1875,0.1875,0.1875,0.1875,0.1875,,,
11.7103099822998,0,0.1875,0.1875,0.1875,0.1875,0.1875,0.1875,,,
11.7123129367828,0,0.1875,0.1875,0.1875,0.1875,0.1875,0.1875,,,
11.7143130302429,0,0.1875,0.1875,0.1875,0.1875,0.1875,0.1875,,,
11.716315984726,0,0.1875,0.1875,0.1875,0.1875,0.1875,0.1875,,,
11.718316078186,0,0.1875,0.1875,0.1875,0.1875,0.1875,0.1875,,,
11.7203190326691,0,0.1875,0.1875,0.1875,0.1875,0.1875,0.1875,,,
11.7223200798035,0,0.1875,0.1875,0.1875,0.1875,0.1875,0.1875,,,
11.7243220806122,0,0.1875,0.1875,0.1875,0.1875,0.1875,0.1875,,,
11.726322889328,0,0.1875,0.1875,0.1875,0.1875,0.1875,0.1875,,,
11.7283248901367,0,0.1875,0.1875,0.1875,0.1875,0.1875,0.1875,,,
11.7303280830383,0,0.1875,0.1875,0.1875,0.1875,0.1875,0.1875,,,
11.7323279380798,0,0.1875,0.1875,0.1875,0.1875,0.1875,0.1875,,,
11.7343308925629,0,0.1875,0.1875,0.1875,0.1875,0.1875,0.1875,,,
11.7363309860229,0,0.1875,0.1875,0.1875,0.1875,0.1875,0.1875,,,
11.738333940506,0,0.1875,0.1875,0.1875,0.1875,0.1875,0.1875,,,
11.740336894989,0,0.1875,0.1875,0.1875,0.1875,0.1875,0.1875,,,
11.7423369884491,0,0.1875,0.1875,0.1875,0.1875,0.1875,0.1875,,,
11.7443399429321,0,0.1875,0.1875,0.1875,0.1875,0.1875,0.1875,,,
11.7463409900665,0,0.1875,0.1875,0.1875,0.1875,0.1875,0.1875,,,
11.7483429908752,0,0.1875,0.1875,0.1875,0.1875,0.1875,0.1875,,,
11.7503440380096,0,0.1875,0.1875,0.1875,0.1875,0.1875,0.1875,,,
11.7523469924927,0,0.1875,0.1875,0.1875,0.1875,0.1875,0.1875,,,
11.7543489933014,0,0.1875,0.1875,0.1875,0.1875,0.1875,0.1875,,,
11.7563500404358,0,0.1875,0.1875,0.1875,0.1875,0.1875,0.1875,,,
11.7583520412445,0,0.1875,0.1875,0.1875,0.1875,0.1875,0.1875,,,
11.7603549957275,0,0.1875,0.1875,0.1875,0.1875,0.1875,0.1875,,,
11.7623560428619,0,0.1875,0.1875,0.1875,0.1875,0.1875,0.1875,,,
11.7643580436707,0,0.1875,0.1875,0.1875,0.1875,0.1875,0.1875,,,
11.7663590908051,0,0.1875,0.1875,0.1875,0.1875,0.1875,0.1875,,,
11.7683610916138,0,0.1875,0.1875,0.1875,0.1875,0.1875,0.1875,,,
11.7703640460968,0,0.1875,0.1875,0.1875,0.1875,0.1875,0.1875,,,
11.7723650932312,0,0.1875,0.1875,0.1875,0.1875,0.1875,0.1875,,,
11.7743670940399,0,0.1875,0.1875,0.1875,0.1875,0.1875,0.1875,,,
11.7763679027557,0,0.1875,0.1875,0.1875,0.1875,0.1875,0.1875,,,
11.7783699035645,0,0.1875,0.1875,0.1875,0.1875,0.1875,0.1875,,,
11.7803730964661,0,0.1875,0.1875,0.1875,0.1875,0.1875,0.1875,,,
11.7823739051819,0,0.1875,0.1875,0.1875,0.1875,0.1875,0.1875,,,
11.7843759059906,0,0.1875,0.1875,0.1875,0.1875,0.1875,0.1875,,,
11.786376953125,0,0.1875,0.1875,0.1875,0.1875,0.1875,0.1875,,,
11.788379907608,0,0.1875,0.1875,0.1875,0.1875,0.1875,0.1875,,,
11.7903819084167,0,0.1875,0.1875,0.1875,0.1875,0.1875,0.1875,,,
11.7923829555511,0,0.1875,0.1875,0.1875,0.1875,0.1875,0.1875,,,
11.7943849563599,0,0.1875,0.1875,0.1875,0.1875,0.1875,0.1875,,,
11.7963860034943,0,0.1875,0.1875,0.1875,0.1875,0.1875,0.1875,,,
11.798388004303,0,0.1875,0.1875,0.1875,0.1875,0.1875,0.1875,,,
11.800390958786,0,0.1875,0.1875,0.1875,0.1875,0.1875,0.1875,,,
11.8023910522461,0,0.1875,0.1875,0.1875,0.1875,0.1875,0.1875,,,
11.8043940067291,0,0.1875,0.1875,0.1875,0.1875,0.1875,0.1875,,,
11.8063950538635,0,0.1875,0.1875,0.1875,0.1875,0.1875,0.1875,,,
11.8083970546722,0,0.1875,0.1875,0.1875,0.1875,0.1875,0.1875,,,
11.8104000091553,0,0.1875,0.1875,0.1875,0.1875,0.1875,0.1875,,,
11.8124001026154,0,0.1875,0.1875,0.1875,0.1875,0.1875,0.1875,,,
11.8144030570984,0,0.1875,0.1875,0.1875,0.1875,0.1875,0.1875,,,
11.8164038658142,0,0.1875,0.1875,0.1875,0.1875,0.1875,0.1875,,,
11.8184058666229,0,0.1875,0.1875,0.1875,0.1875,0.1875,0.1875,,,
11.8204090595245,0,0.1875,0.1875,0.1875,0.1875,0.1875,0.1875,,,
11.8224098682404,0,0.1875,0.1875,0.1875,0.1875,0.1875,0.1875,,,
11.824413061142,0,0.1875,0.1875,0.1875,0.1875,0.1875,0.1875,,,
11.8264129161835,0,0.1875,0.1875,0.1875,0.1875,0.1875,0.1875,,,
11.8284158706665,0,0.1875,0.1875,0.1875,0.1875,0.1875,0.1875,,,
11.8304190635681,0,0.1875,0.1875,0.1875,0.1875,0.1875,0.1875,,,
11.8324189186096,0,0.1875,0.1875,0.1875,0.1875,0.1875,0.1875,,,
11.8344218730927,0,0.1875,0.1875,0.1875,0.1875,0.1875,0.1875,,,
11.8364219665527,0,0.1875,0.1875,0.1875,0.1875,0.1875,0.1875,,,
11.8384249210358,0,0.1875,0.1875,0.1875,0.1875,0.1875,0.1875,,,
11.8404250144959,0,0.1875,0.1875,0.1875,0.1875,0.1875,0.1875,,,
11.8424279689789,0,0.1875,0.1875,0.1875,0.1875,0.1875,0.1875,,,
11.8444309234619,0,0.1875,0.1875,0.1875,0.1875,0.1875,0.1875,,,
11.846431016922,0,0.1875,0.1875,0.1875,0.1875,0.1875,0.1875,,,
11.848433971405,0,0.1875,0.1875,0.1875,0.1875,0.1875,0.1875,,,
11.8504340648651,0,0.1875,0.1875,0.1875,0.1875,0.1875,0.1875,,,
11.8524370193481,0,0.1875,0.1875,0.1875,0.1875,0.1875,0.1875,,,
11.8544399738312,0,0.1875,0.1875,0.1875,0.1875,0.1875,0.1875,,,
11.8564400672913,0,0.1875,0.1875,0.1875,0.1875,0.1875,0.1875,,,
11.8584430217743,0,0.1875,0.1875,0.1875,0.1875,0.1875,0.1875,,,
11.8604428768158,0,0.1875,0.1875,0.1875,0.1875,0.1875,0.1875,,,
11.8624460697174,0,0.1875,0.1875,0.1875,0.1875,0.1875,0.1875,,,
11.8644459247589,0,0.1875,0.1875,0.1875,0.1875,0.1875,0.1875,,,
11.8664488792419,0,0.1875,0.1875,0.1875,0.1875,0.1875,0.1875,,,
11.8684520721436,0,0.1875,0.1875,0.1875,0.1875,0.1875,0.1875,,,
11.8704519271851,0,0.1875,0.1875,0.1875,0.1875,0.1875,0.1875,,,
11.8724548816681,0,0.1875,0.1875,0.1875,0.1875,0.1875,0.1875,,,
11.8744580745697,0,0.1875,0.1875,0.1875,0.1875,0.1875,0.1875,,,
11.8764579296112,0,0.1875,0.1875,0.1875,0.1875,0.1875,0.1875,,,
11.8784608840942,0,0.1875,0.1875,0.1875,0.1875,0.1875,0.1875,,,
11.8804609775543,0,0.1875,0.1875,0.1875,0.1875,0.1875,0.1875,,,
11.8824639320374,0,0.1875,0.1875,0.1875,0.1875,0.1875,0.1875,,,
11.8844640254974,0,0.1875,0.1875,0.1875,0.1875,0.1875,0.1875,,,
11.8864669799805,0,0.1875,0.1875,0.1875,0.1875,0.1875,0.1875,,,
11.8884699344635,0,0.1875,0.1875,0.1875,0.1875,0.1875,0.1875,,,
11.8904700279236,0,0.1875,0.1875,0.1875,0.1875,0.1875,0.1875,,,
11.8924729824066,0,0.1875,0.1875,0.1875,0.1875,0.1875,0.1875,,,
11.8944759368896,0,0.1875,0.1875,0.1875,0.1875,0.1875,0.1875,,,
11.8964760303497,0,0.1875,0.1875,0.1875,0.1875,0.1875,0.1875,,,
11.8984789848328,0,0.1875,0.1875,0.1875,0.1875,0.1875,0.1875,,,
11.9004800319672,0,0.1875,0.1875,0.1875,0.1875,0.1875,0.1875,,,
11.9024820327759,0,0.1875,0.1875,0.1875,0.1875,0.1875,0.1875,,,
11.9044830799103,0,0.1875,0.1875,0.1875,0.1875,0.1875,0.1875,,,
11.9064860343933,0,0.1875,0.1875,0.1875,0.1875,0.1875,0.1875,,,
11.908488035202,0,0.1875,0.1875,0.1875,0.1875,0.1875,0.1875,,,
11.9104890823364,0,0.1875,0.1875,0.1875,0.1875,0.1875,0.1875,,,
11.9124920368195,0,0.1875,0.1875,0.1875,0.1875,0.1875,0.1875,,,
11.914491891861,0,0.1875,0.1875,0.1875,0.1875,0.1875,0.1875,,,
11.9164950847626,0,0.1875,0.1875,0.1875,0.1875,0.1875,0.1875,,,
11.9184980392456,0,0.1875,0.1875,0.1875,0.1875,0.1875,0.1875,,,
11.9204978942871,0,0.1875,0.1875,0.1875,0.1875,0.1875,0.1875,,,
11.9225010871887,0,0.1875,0.1875,0.1875,0.1875,0.1875,0.1875,,,
11.9245009422302,0,0.1875,0.1875,0.1875,0.1875,0.1875,0.1875,,,
11.9265038967133,0,0.1875,0.1875,0.1875,0.1875,0.1875,0.1875,,,
11.9285070896149,0,0.1875,0.1875,0.1875,0.1875,0.1875,0.1875,,,
11.9305069446564,0,0.1875,0.1875,0.1875,0.1875,0.1875,0.1875,,,
11.9325098991394,0,0.1875,0.1875,0.1875,0.1875,0.1875,0.1875,,,
11.9345099925995,0,0.1875,0.1875,0.1875,0.1875,0.1875,0.1875,,,
11.9365129470825,0,0.1875,0.1875,0.1875,0.1875,0.1875,0.1875,,,
11.9385130405426,0,0.1875,0.1875,0.1875,0.1875,0.1875,0.1875,,,
11.9405159950256,0,0.1875,0.1875,0.1875,0.1875,0.1875,0.1875,,,
11.9425189495087,0,0.1875,0.1875,0.1875,0.1875,0.1875,0.1875,,,
11.9445190429688,0,0.1875,0.1875,0.1875,0.1875,0.1875,0.1875,,,
11.9465219974518,0,0.1875,0.1875,0.1875,0.1875,0.1875,0.1875,,,
11.9485220909119,0,0.1875,0.1875,0.1875,0.1875,0.1875,0.1875,,,
11.9505250453949,0,0.1875,0.1875,0.1875,0.1875,0.1875,0.1875,,,
11.9525279998779,0,0.1875,0.1875,0.1875,0.1875,0.1875,0.1875,,,
11.954528093338,0,0.1875,0.1875,0.1875,0.1875,0.1875,0.1875,,,
11.956531047821,0,0.1875,0.1875,0.1875,0.1875,0.1875,0.1875,,,
11.9585320949554,0,0.1875,0.1875,0.1875,0.1875,0.1875,0.1875,,,
11.9605340957642,0,0.1875,0.1875,0.1875,0.1875,0.1875,0.1875,,,
11.9625370502472,0,0.1875,0.1875,0.1875,0.1875,0.1875,0.1875,,,
11.9645380973816,0,0.1875,0.1875,0.1875,0.1875,0.1875,0.1875,,,
11.9665400981903,0,0.1875,0.1875,0.1875,0.1875,0.1875,0.1875,,,
11.9685409069061,0,0.1875,0.1875,0.1875,0.1875,0.1875,0.1875,,,
11.9705429077148,0,0.1875,0.1875,0.1875,0.1875,0.1875,0.1875,,,
11.9725439548492,0,0.1875,0.1875,0.1875,0.1875,0.1875,0.1875,,,
11.9745469093323,0,0.1875,0.1875,0.1875,0.1875,0.1875,0.1875,,,
11.976548910141,0,0.1875,0.1875,0.1875,0.1875,0.1875,0.1875,,,
11.9785499572754,0,0.1875,0.1875,0.1875,0.1875,0.1875,0.1875,,,
11.9805519580841,0,0.1875,0.1875,0.1875,0.1875,0.1875,0.1875,,,
11.9825530052185,0,0.1875,0.1875,0.1875,0.1875,0.1875,0.1875,,,
11.9845559597015,0,0.1875,0.1875,0.1875,0.1875,0.1875,0.1875,,,
11.9865560531616,0,0.1875,0.1875,0.1875,0.1875,0.1875,0.1875,,,
11.9885590076447,0,0.1875,0.1875,0.1875,0.1875,0.1875,0.1875,,,
11.9905619621277,0,0.1875,0.1875,0.1875,0.1875,0.1875,0.1875,,,
11.9925620555878,0,0.1875,0.1875,0.1875,0.1875,0.1875,0.1875,,,
11.9945650100708,0,0.1875,0.1875,0.1875,0.1875,0.1875,0.1875,,,
11.9965648651123,0,0.1875,0.1875,0.1875,0.1875,0.1875,0.1875,,,
11.9985680580139,0,0.1875,0.1875,0.1875,0.1875,0.1875,0.1875,,,
12.0005710124969,0,0.1875,0.1875,0.1875,0.1875,0.1875,0.1875,,,
12.0025720596313,0,0.1875,0.1875,0.1875,0.1875,0.1875,0.1875,,,
12.0045740604401,0,0.1875,0.1875,0.1875,0.1875,0.1875,0.1875,,,
12.0065748691559,0,0.1875,0.1875,0.1875,0.1875,0.1875,0.1875,,,
12.0085780620575,0,0.1875,0.1875,0.1875,0.1875,0.1875,0.1875,,,
12.010577917099,0,0.1875,0.1875,0.1875,0.1875,0.1875,0.1875,,,
12.012580871582,0,0.1875,0.1875,0.1875,0.1875,0.1875,0.1875,,,
12.0145809650421,0,0.1875,0.1875,0.1875,0.1875,0.1875,0.1875,,,
12.0165839195251,0,0.1875,0.1875,0.1875,0.1875,0.1875,0.1875,,,
12.0185868740082,0,0.1875,0.1875,0.1875,0.1875,0.1875,0.1875,,,
12.0205869674683,0,0.1875,0.1875,0.1875,0.1875,0.1875,0.1875,,,
12.0225899219513,0,0.1875,0.1875,0.1875,0.1875,0.1875,0.1875,,,
12.0245900154114,0,0.1875,0.1875,0.1875,0.1875,0.1875,0.1875,,,
12.0265929698944,0,0.1875,0.1875,0.1875,0.1875,0.1875,0.1875,,,
12.0285930633545,0,0.1875,0.1875,0.1875,0.1875,0.1875,0.1875,,,
12.0305960178375,0,0.1875,0.1875,0.1875,0.1875,0.1875,0.1875,,,
12.0325970649719,0,0.1875,0.1875,0.1875,0.1875,0.1875,0.1875,,,
12.0345990657806,0,0.1875,0.1875,0.1875,0.1875,0.1875,0.1875,,,
12.0366020202637,0,0.1875,0.1875,0.1875,0.1875,0.1875,0.1875,,,
12.0386018753052,0,0.1875,0.1875,0.1875,0.1875,0.1875,0.1875,,,
12.0406050682068,0,0.1875,0.1875,0.1875,0.1875,0.1875,0.1875,,,
12.0426058769226,0,0.1875,0.1875,0.1875,0.1875,0.1875,0.1875,,,
12.0446078777313,0,0.1875,0.1875,0.1875,0.1875,0.1875,0.1875,,,
12.0466110706329,0,0.1875,0.1875,0.1875,0.1875,0.1875,0.1875,,,
12.0486118793488,0,0.1875,0.1875,0.1875,0.1875,0.1875,0.1875,,,
12.0506138801575,0,0.1875,0.1875,0.1875,0.1875,0.1875,0.1875,,,
12.0526149272919,0,0.1875,0.1875,0.1875,0.1875,0.1875,0.1875,,,
12.0546178817749,0,0.1875,0.1875,0.1875,0.1875,0.1875,0.1875,,,
12.0566198825836,0,0.1875,0.1875,0.1875,0.1875,0.1875,0.1875,,,
12.058620929718,0,0.1875,0.1875,0.1875,0.1875,0.1875,0.1875,,,
12.0606229305267,0,0.1875,0.1875,0.1875,0.1875,0.1875,0.1875,,,
12.0626258850098,0,0.1875,0.1875,0.1875,0.1875,0.1875,0.1875,,,
12.0645098686218,0,0.1875,0.1875,0.1875,0.1875,0.1875,0.1875,,,
12.0665130615234,0,0.1875,0.1875,0.1875,0.1875,0.1875,0.1875,,,
12.0685129165649,0,0.1875,0.1875,0.1875,0.1875,0.1875,0.1875,,,
12.070515871048,0,0.1875,0.1875,0.1875,0.1875,0.1875,0.1875,,,
12.0725190639496,0,0.1875,0.1875,0.1875,0.1875,0.1875,0.1875,,,
12.0745189189911,0,0.1875,0.1875,0.1875,0.1875,0.1875,0.1875,,,
12.0765218734741,0,0.1875,0.1875,0.1875,0.1875,0.1875,0.1875,,,
12.0785219669342,0,0.1875,0.1875,0.1875,0.1875,0.1875,0.1875,,,
12.0805249214172,0,0.1875,0.1875,0.1875,0.1875,0.1875,0.1875,,,
12.0825278759003,0,0.1875,0.1875,0.1875,0.1875,0.1875,0.1875,,,
12.0845279693604,0,0.1875,0.1875,0.1875,0.1875,0.1875,0.1875,,,
12.0865309238434,0,0.1875,0.1875,0.1875,0.1875,0.1875,0.1875,,,
12.0885310173035,0,0.1875,0.1875,0.1875,0.1875,0.1875,0.1875,,,
12.0905339717865,0,0.1875,0.1875,0.1875,0.1875,0.1875,0.1875,,,
12.0925369262695,0,0.1875,0.1875,0.1875,0.1875,0.1875,0.1875,,,
12.0945370197296,0,0.1875,0.1875,0.1875,0.1875,0.1875,0.1875,,,
12.0965399742126,0,0.1875,0.1875,0.1875,0.1875,0.1875,0.1875,,,
12.0985400676727,0,0.1875,0.1875,0.1875,0.1875,0.1875,0.1875,,,
12.1005430221558,0,0.1875,0.1875,0.1875,0.1875,0.1875,0.1875,,,
12.1025459766388,0,0.1875,0.1875,0.1875,0.1875,0.1875,0.1875,,,
12.1045460700989,0,0.1875,0.1875,0.1875,0.1875,0.1875,0.1875,,,
12.1065490245819,0,0.1875,0.1875,0.1875,0.1875,0.1875,0.1875,,,
12.1085519790649,0,0.1875,0.1875,0.1875,0.1875,0.1875,0.1875,,,
12.110552072525,0,0.1875,0.1875,0.1875,0.1875,0.1875,0.1875,,,
12.1125550270081,0,0.1875,0.1875,0.1875,0.1875,0.1875,0.1875,,,
12.1145548820496,0,0.1875,0.1875,0.1875,0.1875,0.1875,0.1875,,,
12.1165580749512,0,0.1875,0.1875,0.1875,0.1875,0.1875,0.1875,,,
12.118558883667,0,0.1875,0.1875,0.1875,0.1875,0.1875,0.1875,,,
12.1205608844757,0,0.1875,0.1875,0.1875,0.1875,0.1875,0.1875,,,
12.1225640773773,0,0.1875,0.1875,0.1875,0.1875,0.1875,0.1875,,,
12.1245639324188,0,0.1875,0.1875,0.1875,0.1875,0.1875,0.1875,,,
12.1265668869019,0,0.1875,0.1875,0.1875,0.1875,0.1875,0.1875,,,
12.1285700798035,0,0.1875,0.1875,0.1875,0.1875,0.1875,0.1875,,,
12.130569934845,0,0.1875,0.1875,0.1875,0.1875,0.1875,0.1875,,,
12.132572889328,0,0.1875,0.1875,0.1875,0.1875,0.1875,0.1875,,,
12.1345739364624,0,0.1875,0.1875,0.1875,0.1875,0.1875,0.1875,,,
12.1365759372711,0,0.1875,0.1875,0.1875,0.1875,0.1875,0.1875,,,
12.1385769844055,0,0.1875,0.1875,0.1875,0.1875,0.1875,0.1875,,,
12.1405789852142,0,0.1875,0.1875,0.1875,0.1875,0.1875,0.1875,,,
12.1425819396973,0,0.1875,0.1875,0.1875,0.1875,0.1875,0.1875,,,
12.1445820331573,0,0.1875,0.1875,0.1875,0.1875,0.1875,0.1875,,,
12.1465849876404,0,0.1875,0.1875,0.1875,0.1875,0.1875,0.1875,,,
12.1485879421234,0,0.1875,0.1875,0.1875,0.1875,0.1875,0.1875,,,
12.1505880355835,0,0.1875,0.1875,0.1875,0.1875,0.1875,0.1875,,,
12.1525909900665,0,0.1875,0.1875,0.1875,0.1875,0.1875,0.1875,,,
12.1545920372009,0,0.1875,0.1875,0.1875,0.1875,0.1875,0.1875,,,
12.1565940380096,0,0.1875,0.1875,0.1875,0.1875,0.1875,0.1875,,,
12.1585969924927,0,0.1875,0.1875,0.1875,0.1875,0.1875,0.1875,,,
12.1605970859528,0,0.1875,0.1875,0.1875,0.1875,0.1875,0.1875,,,
12.1626000404358,0,0.1875,0.1875,0.1875,0.1875,0.1875,0.1875,,,
12.1645998954773,0,0.1875,0.1875,0.1875,0.1875,0.1875,0.1875,,,
12.1666030883789,0,0.1875,0.1875,0.1875,0.1875,0.1875,0.1875,,,
12.1686060428619,0,0.1875,0.1875,0.1875,0.1875,0.1875,0.1875,,,
12.1706070899963,0,0.1875,0.1875,0.1875,0.1875,0.1875,0.1875,,,
12.1726090908051,0,0.1875,0.1875,0.1875,0.1875,0.1875,0.1875,,,
12.1746098995209,0,0.1875,0.1875,0.1875,0.1875,0.1875,0.1875,,,
12.1766119003296,0,0.1875,0.1875,0.1875,0.1875,0.1875,0.1875,,,
12.1786150932312,0,0.1875,0.1875,0.1875,0.1875,0.1875,0.1875,,,
12.1806149482727,0,0.1875,0.1875,0.1875,0.1875,0.1875,0.1875,,,
12.1826179027557,0,0.1875,0.1875,0.1875,0.1875,0.1875,0.1875,,,
12.1846189498901,0,0.1875,0.1875,0.1875,0.1875,0.1875,0.1875,,,
12.1866209506989,0,0.1875,0.1875,0.1875,0.1875,0.1875,0.1875,,,
12.1886239051819,0,0.1875,0.1875,0.1875,0.1875,0.1875,0.1875,,,
12.1906249523163,0,0.1875,0.1875,0.1875,0.1875,0.1875,0.1875,,,
12.192626953125,0,0.1875,0.1875,0.1875,0.1875,0.1875,0.1875,,,
12.1946280002594,0,0.1875,0.1875,0.1875,0.1875,0.1875,0.1875,,,
12.1966309547424,0,0.1875,0.1875,0.1875,0.1875,0.1875,0.1875,,,
12.1986329555511,0,0.1875,0.1875,0.1875,0.1875,0.1875,0.1875,,,
12.2006340026855,0,0.1875,0.1875,0.1875,0.1875,0.1875,0.1875,,,
12.2026369571686,0,0.1875,0.1875,0.1875,0.1875,0.1875,0.1875,,,
12.2046370506287,0,0.1875,0.1875,0.1875,0.1875,0.1875,0.1875,,,
12.2066400051117,0,0.1875,0.1875,0.1875,0.1875,0.1875,0.1875,,,
12.2086420059204,0,0.1875,0.1875,0.1875,0.1875,0.1875,0.1875,,,
12.2106430530548,0,0.1875,0.1875,0.1875,0.1875,0.1875,0.1875,,,
12.2126450538635,0,0.1875,0.1875,0.1875,0.1875,0.1875,0.1875,,,
12.2146461009979,0,0.1875,0.1875,0.1875,0.1875,0.1875,0.1875,,,
12.216649055481,0,0.1875,0.1875,0.1875,0.1875,0.1875,0.1875,,,
12.2186510562897,0,0.1875,0.1875,0.1875,0.1875,0.1875,0.1875,,,
12.2206518650055,0,0.1875,0.1875,0.1875,0.1875,0.1875,0.1875,,,
12.2226550579071,0,0.1875,0.1875,0.1875,0.1875,0.1875,0.1875,,,
12.2246549129486,0,0.1875,0.1875,0.1875,0.1875,0.1875,0.1875,,,
12.2266578674316,0,0.1875,0.1875,0.1875,0.1875,0.1875,0.1875,,,
12.2286579608917,0,0.1875,0.1875,0.1875,0.1875,0.1875,0.1875,,,
12.2306609153748,0,0.1875,0.1875,0.1875,0.1875,0.1875,0.1875,,,
12.2326638698578,0,0.1875,0.1875,0.1875,0.1875,0.1875,0.1875,,,
12.2346639633179,0,0.1875,0.1875,0.1875,0.1875,0.1875,0.1875,,,
12.2366669178009,0,0.1875,0.1875,0.1875,0.1875,0.1875,0.1875,,,
12.238667011261,0,0.1875,0.1875,0.1875,0.1875,0.1875,0.1875,,,
12.240669965744,0,0.1875,0.1875,0.1875,0.1875,0.1875,0.1875,,,
12.2426719665527,0,0.1875,0.1875,0.1875,0.1875,0.1875,0.1875,,,
12.2446730136871,0,0.1875,0.1875,0.1875,0.1875,0.1875,0.1875,,,
12.2466750144959,0,0.1875,0.1875,0.1875,0.1875,0.1875,0.1875,,,
12.2486760616302,0,0.1875,0.1875,0.1875,0.1875,0.1875,0.1875,,,
12.2506790161133,0,0.1875,0.1875,0.1875,0.1875,0.1875,0.1875,,,
12.252681016922,0,0.1875,0.1875,0.1875,0.1875,0.1875,0.1875,,,
12.2546820640564,0,0.1875,0.1875,0.1875,0.1875,0.1875,0.1875,,,
12.2566840648651,0,0.1875,0.1875,0.1875,0.1875,0.1875,0.1875,,,
12.2586848735809,0,0.1875,0.1875,0.1875,0.1875,0.1875,0.1875,,,
12.2606868743896,0,0.1875,0.1875,0.1875,0.1875,0.1875,0.1875,,,
12.2626900672913,0,0.1875,0.1875,0.1875,0.1875,0.1875,0.1875,,,
12.2646908760071,0,0.1875,0.1875,0.1875,0.1875,0.1875,0.1875,,,
12.2666928768158,0,0.1875,0.1875,0.1875,0.1875,0.1875,0.1875,,,
12.2686939239502,0,0.1875,0.1875,0.1875,0.1875,0.1875,0.1875,,,
12.2706959247589,0,0.1875,0.1875,0.1875,0.1875,0.1875,0.1875,,,
12.2726988792419,0,0.1875,0.1875,0.1875,0.1875,0.1875,0.1875,,,
12.274698972702,0,0.1875,0.1875,0.1875,0.1875,0.1875,0.1875,,,
12.2767019271851,0,0.1875,0.1875,0.1875,0.1875,0.1875,0.1875,,,
12.2787020206451,0,0.1875,0.1875,0.1875,0.1875,0.1875,0.1875,,,
12.2807049751282,0,0.1875,0.1875,0.1875,0.1875,0.1875,0.1875,,,
12.2827079296112,0,0.1875,0.1875,0.1875,0.1875,0.1875,0.1875,,,
12.2847080230713,0,0.1875,0.1875,0.1875,0.1875,0.1875,0.1875,,,
12.2867109775543,0,0.1875,0.1875,0.1875,0.1875,0.1875,0.1875,,,
12.2887110710144,0,0.1875,0.1875,0.1875,0.1875,0.1875,0.1875,,,
12.2907140254974,0,0.1875,0.1875,0.1875,0.1875,0.1875,0.1875,,,
12.2927169799805,0,0.1875,0.1875,0.1875,0.1875,0.1875,0.1875,,,
12.2947180271149,0,0.1875,0.1875,0.1875,0.1875,0.1875,0.1875,,,
12.2967200279236,0,0.1875,0.1875,0.1875,0.1875,0.1875,0.1875,,,
12.298721075058,0,0.1875,0.1875,0.1875,0.1875,0.1875,0.1875,,,
12.300724029541,0,0.1875,0.1875,0.1875,0.1875,0.1875,0.1875,,,
12.3027238845825,0,0.1875,0.1875,0.1875,0.1875,0.1875,0.1875,,,
12.3047270774841,0,0.1875,0.1875,0.1875,0.1875,0.1875,0.1875,,,
12.3067269325256,0,0.1875,0.1875,0.1875,0.1875,0.1875,0.1875,,,
12.3087298870087,0,0.1875,0.1875,0.1875,0.1875,0.1875,0.1875,,,
12.3107330799103,0,0.1875,0.1875,0.1875,0.1875,0.1875,0.1875,,,
12.3127329349518,0,0.1875,0.1875,0.1875,0.1875,0.1875,0.1875,,,
12.3147358894348,0,0.1875,0.1875,0.1875,0.1875,0.1875,0.1875,,,
12.3167390823364,0,0.1875,0.1875,0.1875,0.1875,0.1875,0.1875,,,
12.3187389373779,0,0.1875,0.1875,0.1875,0.1875,0.1875,0.1875,,,
12.320741891861,0,0.1875,0.1875,0.1875,0.1875,0.1875,0.1875,,,
12.322741985321,0,0.1875,0.1875,0.1875,0.1875,0.1875,0.1875,,,
12.3247449398041,0,0.1875,0.1875,0.1875,0.1875,0.1875,0.1875,,,
12.3267469406128,0,0.1875,0.1875,0.1875,0.1875,0.1875,0.1875,,,
12.3287479877472,0,0.1875,0.1875,0.1875,0.1875,0.1875,0.1875,,,
12.3307499885559,0,0.1875,0.1875,0.1875,0.1875,0.1875,0.1875,,,
12.3327529430389,0,0.1875,0.1875,0.1875,0.1875,0.1875,0.1875,,,
12.3347539901733,0,0.1875,0.1875,0.1875,0.1875,0.1875,0.1875,,,
12.3367559909821,0,0.1875,0.1875,0.1875,0.1875,0.1875,0.1875,,,
12.3387589454651,0,0.1875,0.1875,0.1875,0.1875,0.1875,0.1875,,,
12.3407590389252,0,0.1875,0.1875,0.1875,0.1875,0.1875,0.1875,,,
12.3427619934082,0,0.1875,0.1875,0.1875,0.1875,0.1875,0.1875,,,
12.3447649478912,0,0.1875,0.1875,0.1875,0.1875,0.1875,0.1875,,,
12.3467650413513,0,0.1875,0.1875,0.1875,0.1875,0.1875,0.1875,,,
12.3487679958344,0,0.1875,0.1875,0.1875,0.1875,0.1875,0.1875,,,
12.3507709503174,0,0.1875,0.1875,0.1875,0.1875,0.1875,0.1875,,,
12.3527710437775,0,0.1875,0.1875,0.1875,0.1875,0.1875,0.1875,,,
12.3547739982605,0,0.1875,0.1875,0.1875,0.1875,0.1875,0.1875,,,
12.3567740917206,0,0.1875,0.1875,0.1875,0.1875,0.1875,0.1875,,,
12.3587770462036,0,0.1875,0.1875,0.1875,0.1875,0.1875,0.1875,,,
12.3607800006866,0,0.1875,0.1875,0.1875,0.1875,0.1875,0.1875,,,
12.3627800941467,0,0.1875,0.1875,0.1875,0.1875,0.1875,0.1875,,,
12.3647830486298,0,0.1875,0.1875,0.1875,0.1875,0.1875,0.1875,,,
12.3667860031128,0,0.1875,0.1875,0.1875,0.1875,0.1875,0.1875,,,
12.3687860965729,0,0.1875,0.1875,0.1875,0.1875,0.1875,0.1875,,,
12.3707890510559,0,0.1875,0.1875,0.1875,0.1875,0.1875,0.1875,,,
12.3727889060974,0,0.1875,0.1875,0.1875,0.1875,0.1875,0.1875,,,
12.374792098999,0,0.1875,0.1875,0.1875,0.1875,0.1875,0.1875,,,
12.3767919540405,0,0.1875,0.1875,0.1875,0.1875,0.1875,0.1875,,,
12.3787949085236,0,0.1875,0.1875,0.1875,0.1875,0.1875,0.1875,,,
12.3807981014252,0,0.1875,0.1875,0.1875,0.1875,0.1875,0.1875,,,
12.3827979564667,0,0.1875,0.1875,0.1875,0.1875,0.1875,0.1875,,,
12.3848009109497,0,0.1875,0.1875,0.1875,0.1875,0.1875,0.1875,,,
12.3868010044098,0,0.1875,0.1875,0.1875,0.1875,0.1875,0.1875,,,
12.3888039588928,0,0.1875,0.1875,0.1875,0.1875,0.1875,0.1875,,,
12.3908040523529,0,0.1875,0.1875,0.1875,0.1875,0.1875,0.1875,,,
12.3928070068359,0,0.1875,0.1875,0.1875,0.1875,0.1875,0.1875,,,
12.394809961319,0,0.1875,0.1875,0.1875,0.1875,0.1875,0.1875,,,
12.3968100547791,0,0.1875,0.1875,0.1875,0.1875,0.1875,0.1875,,,
12.3988130092621,0,0.1875,0.1875,0.1875,0.1875,0.1875,0.1875,,,
12.4008140563965,0,0.1875,0.1875,0.1875,0.1875,0.1875,0.1875,,,
12.4028160572052,0,0.1875,0.1875,0.1875,0.1875,0.1875,0.1875,,,
12.4048190116882,0,0.1875,0.1875,0.1875,0.1875,0.1875,0.1875,,,
12.4068188667297,0,0.1875,0.1875,0.1875,0.1875,0.1875,0.1875,,,
12.4088220596313,0,0.1875,0.1875,0.1875,0.1875,0.1875,0.1875,,,
12.4108219146729,0,0.1875,0.1875,0.1875,0.1875,0.1875,0.1875,,,
12.4128248691559,0,0.1875,0.1875,0.1875,0.1875,0.1875,0.1875,,,
12.4148259162903,0,0.1875,0.1875,0.1875,0.1875,0.1875,0.1875,,,
12.416827917099,0,0.1875,0.1875,0.1875,0.1875,0.1875,0.1875,,,
12.418830871582,0,0.1875,0.1875,0.1875,0.1875,0.1875,0.1875,,,
12.4208309650421,0,0.1875,0.1875,0.1875,0.1875,0.1875,0.1875,,,
12.4228339195251,0,0.1875,0.1875,0.1875,0.1875,0.1875,0.1875,,,
12.4248340129852,0,0.1875,0.1875,0.1875,0.1875,0.1875,0.1875,,,
12.4268369674683,0,0.1875,0.1875,0.1875,0.1875,0.1875,0.1875,,,
12.428838968277,0,0.1875,0.1875,0.1875,0.1875,0.1875,0.1875,,,
12.4308400154114,0,0.1875,0.1875,0.1875,0.1875,0.1875,0.1875,,,
12.4328429698944,0,0.1875,0.1875,0.1875,0.1875,0.1875,0.1875,,,
12.4348430633545,0,0.1875,0.1875,0.1875,0.1875,0.1875,0.1875,,,
12.4368460178375,0,0.1875,0.1875,0.1875,0.1875,0.1875,0.1875,,,
12.438845872879,0,0.1875,0.1875,0.1875,0.1875,0.1875,0.1875,,,
12.4408490657806,0,0.1875,0.1875,0.1875,0.1875,0.1875,0.1875,,,
12.4428520202637,0,0.1875,0.1875,0.1875,0.1875,0.1875,0.1875,,,
12.4448530673981,0,0.1875,0.1875,0.1875,0.1875,0.1875,0.1875,,,
12.4468560218811,0,0.1875,0.1875,0.1875,0.1875,0.1875,0.1875,,,
12.4488558769226,0,0.1875,0.1875,0.1875,0.1875,0.1875,0.1875,,,
12.4508590698242,0,0.1875,0.1875,0.1875,0.1875,0.1875,0.1875,,,
12.4528589248657,0,0.1875,0.1875,0.1875,0.1875,0.1875,0.1875,,,
12.4548618793488,0,0.1875,0.1875,0.1875,0.1875,0.1875,0.1875,,,
12.4568629264832,0,0.1875,0.1875,0.1875,0.1875,0.1875,0.1875,,,
12.4588658809662,0,0.1875,0.1875,0.1875,0.1875,0.1875,0.1875,,,
12.4608659744263,0,0.1875,0.1875,0.1875,0.1875,0.1875,0.1875,,,
12.4628689289093,0,0.1875,0.1875,0.1875,0.1875,0.1875,0.1875,,,
12.4648718833923,0,0.1875,0.1875,0.1875,0.1875,0.1875,0.1875,,,
12.4668719768524,0,0.1875,0.1875,0.1875,0.1875,0.1875,0.1875,,,
12.4688749313354,0,0.1875,0.1875,0.1875,0.1875,0.1875,0.1875,,,
12.4708759784698,0,0.1875,0.1875,0.1875,0.1875,0.1875,0.1875,,,
12.4728789329529,0,0.1875,0.1875,0.1875,0.1875,0.1875,0.1875,,,
12.474879026413,0,0.1875,0.1875,0.1875,0.1875,0.1875,0.1875,,,
12.476881980896,0,0.1875,0.1875,0.1875,0.1875,0.1875,0.1875,,,
12.4788830280304,0,0.1875,0.1875,0.1875,0.1875,0.1875,0.1875,,,
12.4808859825134,0,0.1875,0.1875,0.1875,0.1875,0.1875,0.1875,,,
12.4828860759735,0,0.1875,0.1875,0.1875,0.1875,0.1875,0.1875,,,
12.4848890304565,0,0.1875,0.1875,0.1875,0.1875,0.1875,0.1875,,,
12.4868910312653,0,0.1875,0.1875,0.1875,0.1875,0.1875,0.1875,,,
12.488893032074,0,0.1875,0.1875,0.1875,0.1875,0.1875,0.1875,,,
12.4908928871155,0,0.1875,0.1875,0.1875,0.1875,0.1875,0.1875,,,
12.4928960800171,0,0.1875,0.1875,0.1875,0.1875,0.1875,0.1875,,,
12.4948990345001,0,0.1875,0.1875,0.1875,0.1875,0.1875,0.1875,,,
12.4968988895416,0,0.1875,0.1875,0.1875,0.1875,0.1875,0.1875,,,
12.4989020824432,0,0.1875,0.1875,0.1875,0.1875,0.1875,0.1875,,,
12.500904083252,0,0.1875,0.1875,0.1875,0.1875,0.1875,0.1875,,,
12.5029048919678,0,0.1875,0.1875,0.1875,0.1875,0.1875,0.1875,,,
12.5049068927765,0,0.1875,0.1875,0.1875,0.1875,0.1875,0.1875,,,
12.5069069862366,0,0.1875,0.1875,0.1875,0.1875,0.1875,0.1875,,,
12.5089099407196,0,0.1875,0.1875,0.1875,0.1875,0.1875,0.1875,,,
12.5109128952026,0,0.1875,0.1875,0.1875,0.1875,0.1875,0.1875,,,
12.5129129886627,0,0.1875,0.1875,0.1875,0.1875,0.1875,0.1875,,,
12.5149149894714,0,0.1875,0.1875,0.1875,0.1875,0.1875,0.1875,,,
12.5169179439545,0,0.1875,0.1875,0.1875,0.1875,0.1875,0.1875,,,
12.5189189910889,0,0.1875,0.1875,0.1875,0.1875,0.1875,0.1875,,,
12.5209209918976,0,0.1875,0.1875,0.1875,0.1875,0.1875,0.1875,,,
12.5229229927063,0,0.1875,0.1875,0.1875,0.1875,0.1875,0.1875,,,
12.5249240398407,0,0.1875,0.1875,0.1875,0.1875,0.1875,0.1875,,,
12.5269269943237,0,0.1875,0.1875,0.1875,0.1875,0.1875,0.1875,,,
12.5289289951324,0,0.1875,0.1875,0.1875,0.1875,0.1875,0.1875,,,
12.5309290885925,0,0.1875,0.1875,0.1875,0.1875,0.1875,0.1875,,,
12.5329320430756,0,0.1875,0.1875,0.1875,0.1875,0.1875,0.1875,,,
12.5349318981171,0,0.1875,0.1875,0.1875,0.1875,0.1875,0.1875,,,
12.5369350910187,0,0.1875,0.1875,0.1875,0.1875,0.1875,0.1875,,,
12.5389380455017,0,0.1875,0.1875,0.1875,0.1875,0.1875,0.1875,,,
12.5409379005432,0,0.1875,0.1875,0.1875,0.1875,0.1875,0.1875,,,
12.5429399013519,0,0.1875,0.1875,0.1875,0.1875,0.1875,0.1875,,,
12.5449430942535,0,0.1875,0.1875,0.1875,0.1875,0.1875,0.1875,,,
12.546942949295,0,0.1875,0.1875,0.1875,0.1875,0.1875,0.1875,,,
12.5489459037781,0,0.1875,0.1875,0.1875,0.1875,0.1875,0.1875,,,
12.5509490966797,0,0.1875,0.1875,0.1875,0.1875,0.1875,0.1875,,,
12.5529489517212,0,0.1875,0.1875,0.1875,0.1875,0.1875,0.1875,,,
12.5549519062042,0,0.1875,0.1875,0.1875,0.1875,0.1875,0.1875,,,
12.5569539070129,0,0.1875,0.1875,0.1875,0.1875,0.1875,0.1875,,,
12.5589549541473,0,0.1875,0.1875,0.1875,0.1875,0.1875,0.1875,,,
12.5609900951386,0,0.1875,0.1875,0.1875,0.1875,0.1875,0.1875,,,
12.5629920959473,0,0.1875,0.1875,0.1875,0.1875,0.1875,0.1875,,,
12.5649919509888,0,0.1875,0.1875,0.1875,0.1875,0.1875,0.1875,,,
12.5669939517975,0,0.1875,0.1875,0.1875,0.1875,0.1875,0.1875,,,
12.5689969062805,0,0.1875,0.1875,0.1875,0.1875,0.1875,0.1875,,,
12.5709969997406,0,0.1875,0.1875,0.1875,0.1875,0.1875,0.1875,,,
12.5729999542236,0,0.1875,0.1875,0.1875,0.1875,0.1875,0.1875,,,
12.575001001358,0,0.1875,0.1875,0.1875,0.1875,0.1875,0.1875,,,
12.5770080089569,0,0.1875,0.1875,0.1875,0.1875,0.1875,0.1875,,,
12.5790109634399,0,0.1875,0.1875,0.1875,0.1875,0.1875,0.1875,,,
12.5810110569,0,0.1875,0.1875,0.1875,0.1875,0.1875,0.1875,,,
12.5830118656158,0,0.1875,0.1875,0.1875,0.1875,0.1875,0.1875,,,
12.5850119590759,0,0.1875,0.1875,0.1875,0.1875,0.1875,0.1875,,,
12.587012052536,0,0.1875,0.1875,0.1875,0.1875,0.1875,0.1875,,,
12.589015007019,0,0.1875,0.1875,0.1875,0.1875,0.1875,0.1875,,,
12.5910151004791,0,0.1875,0.1875,0.1875,0.1875,0.1875,0.1875,,,
12.5930180549622,0,0.1875,0.1875,0.1875,0.1875,0.1875,0.1875,,,
12.5950179100037,0,0.1875,0.1875,0.1875,0.1875,0.1875,0.1875,,,
12.5970211029053,0,0.1875,0.1875,0.1875,0.1875,0.1875,0.1875,,,
12.5990240573883,0,0.1875,0.1875,0.1875,0.1875,0.1875,0.1875,,,
12.6010239124298,0,0.1875,0.1875,0.1875,0.1875,0.1875,0.1875,,,
12.6030268669128,0,0.1875,0.1875,0.1875,0.1875,0.1875,0.1875,,,
12.6050300598145,0,0.1875,0.1875,0.1875,0.1875,0.1875,0.1875,,,
12.607029914856,0,0.1875,0.1875,0.1875,0.1875,0.1875,0.1875,,,
12.609032869339,0,0.1875,0.1875,0.1875,0.1875,0.1875,0.1875,,,
12.6110329627991,0,0.1875,0.1875,0.1875,0.1875,0.1875,0.1875,,,
12.6130359172821,0,0.1875,0.1875,0.1875,0.1875,0.1875,0.1875,,,
12.6150360107422,0,0.1875,0.1875,0.1875,0.1875,0.1875,0.1875,,,
12.6170389652252,0,0.1875,0.1875,0.1875,0.1875,0.1875,0.1875,,,
12.6190390586853,0,0.1875,0.1875,0.1875,0.1875,0.1875,0.1875,,,
12.6210420131683,0,0.1875,0.1875,0.1875,0.1875,0.1875,0.1875,,,
12.6230449676514,0,0.1875,0.1875,0.1875,0.1875,0.1875,0.1875,,,
12.6250450611115,0,0.1875,0.1875,0.1875,0.1875,0.1875,0.1875,,,
12.6270480155945,0,0.1875,0.1875,0.1875,0.1875,0.1875,0.1875,,,
12.6290490627289,0,0.1875,0.1875,0.1875,0.1875,0.1875,0.1875,,,
12.6310510635376,0,0.1875,0.1875,0.1875,0.1875,0.1875,0.1875,,,
12.6330518722534,0,0.1875,0.1875,0.1875,0.1875,0.1875,0.1875,,,
12.6350538730621,0,0.1875,0.1875,0.1875,0.1875,0.1875,0.1875,,,
12.6370570659637,0,0.1875,0.1875,0.1875,0.1875,0.1875,0.1875,,,
12.6390569210052,0,0.1875,0.1875,0.1875,0.1875,0.1875,0.1875,,,
12.6410598754883,0,0.1875,0.1875,0.1875,0.1875,0.1875,0.1875,,,
12.6430599689484,0,0.1875,0.1875,0.1875,0.1875,0.1875,0.1875,,,
12.6450629234314,0,0.1875,0.1875,0.1875,0.1875,0.1875,0.1875,,,
12.6470658779144,0,0.1875,0.1875,0.1875,0.1875,0.1875,0.1875,,,
12.6490659713745,0,0.1875,0.1875,0.1875,0.1875,0.1875,0.1875,,,
12.6510689258575,0,0.1875,0.1875,0.1875,0.1875,0.1875,0.1875,,,
12.6530690193176,0,0.1875,0.1875,0.1875,0.1875,0.1875,0.1875,,,
12.6550719738007,0,0.1875,0.1875,0.1875,0.1875,0.1875,0.1875,,,
12.6570730209351,0,0.1875,0.1875,0.1875,0.1875,0.1875,0.1875,,,
12.6590759754181,0,0.1875,0.1875,0.1875,0.1875,0.1875,0.1875,,,
12.6610779762268,0,0.1875,0.1875,0.1875,0.1875,0.1875,0.1875,,,
12.6630790233612,0,0.1875,0.1875,0.1875,0.1875,0.1875,0.1875,,,
12.6650819778442,0,0.1875,0.1875,0.1875,0.1875,0.1875,0.1875,,,
12.6670820713043,0,0.1875,0.1875,0.1875,0.1875,0.1875,0.1875,,,
12.6690850257874,0,0.1875,0.1875,0.1875,0.1875,0.1875,0.1875,,,
12.6710879802704,0,0.1875,0.1875,0.1875,0.1875,0.1875,0.1875,,,
12.6730880737305,0,0.1875,0.1875,0.1875,0.1875,0.1875,0.1875,,,
12.6750910282135,0,0.1875,0.1875,0.1875,0.1875,0.1875,0.1875,,,
12.677090883255,0,0.1875,0.1875,0.1875,0.1875,0.1875,0.1875,,,
12.6790940761566,0,0.1875,0.1875,0.1875,0.1875,0.1875,0.1875,,,
12.6810939311981,0,0.1875,0.1875,0.1875,0.1875,0.1875,0.1875,,,
12.6830968856812,0,0.1875,0.1875,0.1875,0.1875,0.1875,0.1875,,,
12.6851000785828,0,0.1875,0.1875,0.1875,0.1875,0.1875,0.1875,,,
12.6870999336243,0,0.1875,0.1875,0.1875,0.1875,0.1875,0.1875,,,
12.6891028881073,0,0.1875,0.1875,0.1875,0.1875,0.1875,0.1875,,,
12.6911029815674,0,0.1875,0.1875,0.1875,0.1875,0.1875,0.1875,,,
12.6931059360504,0,0.1875,0.1875,0.1875,0.1875,0.1875,0.1875,,,
12.6951088905334,0,0.1875,0.1875,0.1875,0.1875,0.1875,0.1875,,,
12.6971089839935,0,0.1875,0.1875,0.1875,0.1875,0.1875,0.1875,,,
12.6991119384766,0,0.1875,0.1875,0.1875,0.1875,0.1875,0.1875,,,
12.701112985611,0,0.1875,0.1875,0.1875,0.1875,0.1875,0.1875,,,
12.7031149864197,0,0.1875,0.1875,0.1875,0.1875,0.1875,0.1875,,,
12.7051179409027,0,0.1875,0.1875,0.1875,0.1875,0.1875,0.1875,,,
12.7071180343628,0,0.1875,0.1875,0.1875,0.1875,0.1875,0.1875,,,
12.7091209888458,0,0.1875,0.1875,0.1875,0.1875,0.1875,0.1875,,,
12.7111239433289,0,0.1875,0.1875,0.1875,0.1875,0.1875,0.1875,,,
12.7131240367889,0,0.1875,0.1875,0.1875,0.1875,0.1875,0.1875,,,
12.715126991272,0,0.1875,0.1875,0.1875,0.1875,0.1875,0.1875,,,
12.7171270847321,0,0.1875,0.1875,0.1875,0.1875,0.1875,0.1875,,,
12.7191300392151,0,0.1875,0.1875,0.1875,0.1875,0.1875,0.1875,,,
12.7211310863495,0,0.1875,0.1875,0.1875,0.1875,0.1875,0.1875,,,
12.7231340408325,0,0.1875,0.1875,0.1875,0.1875,0.1875,0.1875,,,
12.7251360416412,0,0.1875,0.1875,0.1875,0.1875,0.1875,0.1875,,,
12.7271370887756,0,0.1875,0.1875,0.1875,0.1875,0.1875,0.1875,,,
12.7291400432587,0,0.1875,0.1875,0.1875,0.1875,0.1875,0.1875,,,
12.7311398983002,0,0.1875,0.1875,0.1875,0.1875,0.1875,0.1875,,,
12.7331430912018,0,0.1875,0.1875,0.1875,0.1875,0.1875,0.1875,,,
12.7351460456848,0,0.1875,0.1875,0.1875,0.1875,0.1875,0.1875,,,
12.7371459007263,0,0.1875,0.1875,0.1875,0.1875,0.1875,0.1875,,,
12.7391490936279,0,0.1875,0.1875,0.1875,0.1875,0.1875,0.1875,,,
12.7411489486694,0,0.1875,0.1875,0.1875,0.1875,0.1875,0.1875,,,
12.7431519031525,0,0.1875,0.1875,0.1875,0.1875,0.1875,0.1875,,,
12.7451550960541,0,0.1875,0.1875,0.1875,0.1875,0.1875,0.1875,,,
12.7471549510956,0,0.1875,0.1875,0.1875,0.1875,0.1875,0.1875,,,
12.7491579055786,0,0.1875,0.1875,0.1875,0.1875,0.1875,0.1875,,,
12.7511579990387,0,0.1875,0.1875,0.1875,0.1875,0.1875,0.1875,,,
12.7531609535217,0,0.1875,0.1875,0.1875,0.1875,0.1875,0.1875,,,
12.7551639080048,0,0.1875,0.1875,0.1875,0.1875,0.1875,0.1875,,,
12.7571640014648,0,0.1875,0.1875,0.1875,0.1875,0.1875,0.1875,,,
12.7591669559479,0,0.1875,0.1875,0.1875,0.1875,0.1875,0.1875,,,
12.761167049408,0,0.1875,0.1875,0.1875,0.1875,0.1875,0.1875,,,
12.763170003891,0,0.1875,0.1875,0.1875,0.1875,0.1875,0.1875,,,
12.765172958374,0,0.1875,0.1875,0.1875,0.1875,0.1875,0.1875,,,
12.7671740055084,0,0.1875,0.1875,0.1875,0.1875,0.1875,0.1875,,,
12.7691760063171,0,0.1875,0.1875,0.1875,0.1875,0.1875,0.1875,,,
12.7711770534515,0,0.1875,0.1875,0.1875,0.1875,0.1875,0.1875,,,
12.7731800079346,0,0.1875,0.1875,0.1875,0.1875,0.1875,0.1875,,,
12.7751829624176,0,0.1875,0.1875,0.1875,0.1875,0.1875,0.1875,,,
12.7771830558777,0,0.1875,0.1875,0.1875,0.1875,0.1875,0.1875,,,
12.7791860103607,0,0.1875,0.1875,0.1875,0.1875,0.1875,0.1875,,,
12.7811858654022,0,0.1875,0.1875,0.1875,0.1875,0.1875,0.1875,,,
12.7831890583038,0,0.1875,0.1875,0.1875,0.1875,0.1875,0.1875,,,
12.7851889133453,0,0.1875,0.1875,0.1875,0.1875,0.1875,0.1875,,,
12.7871918678284,0,0.1875,0.1875,0.1875,0.1875,0.1875,0.1875,,,
12.78919506073,0,0.1875,0.1875,0.1875,0.1875,0.1875,0.1875,,,
12.7911949157715,0,0.1875,0.1875,0.1875,0.1875,0.1875,0.1875,,,
12.7931978702545,0,0.1875,0.1875,0.1875,0.1875,0.1875,0.1875,,,
12.7951979637146,0,0.1875,0.1875,0.1875,0.1875,0.1875,0.1875,,,
12.7972009181976,0,0.1875,0.1875,0.1875,0.1875,0.1875,0.1875,,,
12.7992038726807,0,0.1875,0.1875,0.1875,0.1875,0.1875,0.1875,,,
12.8012039661407,0,0.1875,0.1875,0.1875,0.1875,0.1875,0.1875,,,
12.8032069206238,0,0.1875,0.1875,0.1875,0.1875,0.1875,0.1875,,,
12.8052070140839,0,0.1875,0.1875,0.1875,0.1875,0.1875,0.1875,,,
12.8072099685669,0,0.1875,0.1875,0.1875,0.1875,0.1875,0.1875,,,
12.8092129230499,0,0.1875,0.1875,0.1875,0.1875,0.1875,0.1875,,,
12.81121301651,0,0.1875,0.1875,0.1875,0.1875,0.1875,0.1875,,,
12.813215970993,0,0.1875,0.1875,0.1875,0.1875,0.1875,0.1875,,,
12.8152160644531,0,0.1875,0.1875,0.1875,0.1875,0.1875,0.1875,,,
12.8172190189362,0,0.1875,0.1875,0.1875,0.1875,0.1875,0.1875,,,
12.8192219734192,0,0.1875,0.1875,0.1875,0.1875,0.1875,0.1875,,,
12.8212220668793,0,0.1875,0.1875,0.1875,0.1875,0.1875,0.1875,,,
12.8232250213623,0,0.1875,0.1875,0.1875,0.1875,0.1875,0.1875,,,
12.8252248764038,0,0.1875,0.1875,0.1875,0.1875,0.1875,0.1875,,,
12.8272280693054,0,0.1875,0.1875,0.1875,0.1875,0.1875,0.1875,,,
12.8292310237885,0,0.1875,0.1875,0.1875,0.1875,0.1875,0.1875,,,
12.83123087883,0,0.1875,0.1875,0.1875,0.1875,0.1875,0.1875,,,
12.8332340717316,0,0.1875,0.1875,0.1875,0.1875,0.1875,0.1875,,,
12.8352339267731,0,0.1875,0.1875,0.1875,0.1875,0.1875,0.1875,,,
12.8372368812561,0,0.1875,0.1875,0.1875,0.1875,0.1875,0.1875,,,
12.8392400741577,0,0.1875,0.1875,0.1875,0.1875,0.1875,0.1875,,,
12.8412399291992,0,0.1875,0.1875,0.1875,0.1875,0.1875,0.1875,,,
12.8432428836823,0,0.1875,0.1875,0.1875,0.1875,0.1875,0.1875,,,
12.8452429771423,0,0.1875,0.1875,0.1875,0.1875,0.1875,0.1875,,,
12.8472459316254,0,0.1875,0.1875,0.1875,0.1875,0.1875,0.1875,,,
12.8492469787598,0,0.1875,0.1875,0.1875,0.1875,0.1875,0.1875,,,
12.8512499332428,0,0.1875,0.1875,0.1875,0.1875,0.1875,0.1875,,,
12.8532519340515,0,0.1875,0.1875,0.1875,0.1875,0.1875,0.1875,,,
12.8552529811859,0,0.1875,0.1875,0.1875,0.1875,0.1875,0.1875,,,
12.8572559356689,0,0.1875,0.1875,0.1875,0.1875,0.1875,0.1875,,,
12.859256029129,0,0.1875,0.1875,0.1875,0.1875,0.1875,0.1875,,,
12.8612589836121,0,0.1875,0.1875,0.1875,0.1875,0.1875,0.1875,,,
12.8632609844208,0,0.1875,0.1875,0.1875,0.1875,0.1875,0.1875,,,
12.8652620315552,0,0.1875,0.1875,0.1875,0.1875,0.1875,0.1875,,,
12.8672640323639,0,0.1875,0.1875,0.1875,0.1875,0.1875,0.1875,,,
12.8692650794983,0,0.1875,0.1875,0.1875,0.1875,0.1875,0.1875,,,
12.8712680339813,0,0.1875,0.1875,0.1875,0.1875,0.1875,0.1875,,,
12.87327003479,0,0.1875,0.1875,0.1875,0.1875,0.1875,0.1875,,,
12.8752710819244,0,0.1875,0.1875,0.1875,0.1875,0.1875,0.1875,,,
12.8772730827332,0,0.1875,0.1875,0.1875,0.1875,0.1875,0.1875,,,
12.879273891449,0,0.1875,0.1875,0.1875,0.1875,0.1875,0.1875,,,
12.8812770843506,0,0.1875,0.1875,0.1875,0.1875,0.1875,0.1875,,,
12.8832790851593,0,0.1875,0.1875,0.1875,0.1875,0.1875,0.1875,,,
12.8852798938751,0,0.1875,0.1875,0.1875,0.1875,0.1875,0.1875,,,
12.8872818946838,0,0.1875,0.1875,0.1875,0.1875,0.1875,0.1875,,,
12.8892829418182,0,0.1875,0.1875,0.1875,0.1875,0.1875,0.1875,,,
12.8912858963013,0,0.1875,0.1875,0.1875,0.1875,0.1875,0.1875,,,
12.89328789711,0,0.1875,0.1875,0.1875,0.1875,0.1875,0.1875,,,
12.8952889442444,0,0.1875,0.1875,0.1875,0.1875,0.1875,0.1875,,,
12.8972909450531,0,0.1875,0.1875,0.1875,0.1875,0.1875,0.1875,,,
12.8992919921875,0,0.1875,0.1875,0.1875,0.1875,0.1875,0.1875,,,
12.9012949466705,0,0.1875,0.1875,0.1875,0.1875,0.1875,0.1875,,,
12.9032969474792,0,0.1875,0.1875,0.1875,0.1875,0.1875,0.1875,,,
12.9052979946136,0,0.1875,0.1875,0.1875,0.1875,0.1875,0.1875,,,
12.9073009490967,0,0.1875,0.1875,0.1875,0.1875,0.1875,0.1875,,,
12.9093010425568,0,0.1875,0.1875,0.1875,0.1875,0.1875,0.1875,,,
12.9113039970398,0,0.1875,0.1875,0.1875,0.1875,0.1875,0.1875,,,
12.9133040904999,0,0.1875,0.1875,0.1875,0.1875,0.1875,0.1875,,,
12.9153070449829,0,0.1875,0.1875,0.1875,0.1875,0.1875,0.1875,,,
12.9173099994659,0,0.1875,0.1875,0.1875,0.1875,0.1875,0.1875,,,
12.919310092926,0,0.1875,0.1875,0.1875,0.1875,0.1875,0.1875,,,
12.9213130474091,0,0.1875,0.1875,0.1875,0.1875,0.1875,0.1875,,,
12.9233129024506,0,0.1875,0.1875,0.1875,0.1875,0.1875,0.1875,,,
12.9253160953522,0,0.1875,0.1875,0.1875,0.1875,0.1875,0.1875,,,
12.9273159503937,0,0.1875,0.1875,0.1875,0.1875,0.1875,0.1875,,,
12.9293189048767,0,0.1875,0.1875,0.1875,0.1875,0.1875,0.1875,,,
12.9313220977783,0,0.1875,0.1875,0.1875,0.1875,0.1875,0.1875,,,
12.9333219528198,0,0.1875,0.1875,0.1875,0.1875,0.1875,0.1875,,,
12.9353249073029,0,0.1875,0.1875,0.1875,0.1875,0.1875,0.1875,,,
12.9373250007629,0,0.1875,0.1875,0.1875,0.1875,0.1875,0.1875,,,
12.939327955246,0,0.1875,0.1875,0.1875,0.1875,0.1875,0.1875,,,
12.9413280487061,0,0.1875,0.1875,0.1875,0.1875,0.1875,0.1875,,,
12.9433310031891,0,0.1875,0.1875,0.1875,0.1875,0.1875,0.1875,,,
12.9453339576721,0,0.1875,0.1875,0.1875,0.1875,0.1875,0.1875,,,
12.9473340511322,0,0.1875,0.1875,0.1875,0.1875,0.1875,0.1875,,,
12.9493370056152,0,0.1875,0.1875,0.1875,0.1875,0.1875,0.1875,,,
12.9513370990753,0,0.1875,0.1875,0.1875,0.1875,0.1875,0.1875,,,
12.9533400535584,0,0.1875,0.1875,0.1875,0.1875,0.1875,0.1875,,,
12.9553399085999,0,0.1875,0.1875,0.1875,0.1875,0.1875,0.1875,,,
12.9573431015015,0,0.1875,0.1875,0.1875,0.1875,0.1875,0.1875,,,
12.9593460559845,0,0.1875,0.1875,0.1875,0.1875,0.1875,0.1875,,,
12.961345911026,0,0.1875,0.1875,0.1875,0.1875,0.1875,0.1875,,,
12.963348865509,0,0.1875,0.1875,0.1875,0.1875,0.1875,0.1875,,,
12.9653520584106,0,0.1875,0.1875,0.1875,0.1875,0.1875,0.1875,,,
12.9673519134521,0,0.1875,0.1875,0.1875,0.1875,0.1875,0.1875,,,
12.9693548679352,0,0.1875,0.1875,0.1875,0.1875,0.1875,0.1875,,,
12.9713549613953,0,0.1875,0.1875,0.1875,0.1875,0.1875,0.1875,,,
12.9733579158783,0,0.1875,0.1875,0.1875,0.1875,0.1875,0.1875,,,
12.9753608703613,0,0.1875,0.1875,0.1875,0.1875,0.1875,0.1875,,,
12.9773609638214,0,0.1875,0.1875,0.1875,0.1875,0.1875,0.1875,,,
12.9793639183044,0,0.1875,0.1875,0.1875,0.1875,0.1875,0.1875,,,
12.9813640117645,0,0.1875,0.1875,0.1875,0.1875,0.1875,0.1875,,,
12.9833669662476,0,0.1875,0.1875,0.1875,0.1875,0.1875,0.1875,,,
12.9853670597076,0,0.1875,0.1875,0.1875,0.1875,0.1875,0.1875,,,
12.9873700141907,0,0.1875,0.1875,0.1875,0.1875,0.1875,0.1875,,,
12.9893729686737,0,0.1875,0.1875,0.1875,0.1875,0.1875,0.1875,,,
12.9913730621338,0,0.1875,0.1875,0.1875,0.1875,0.1875,0.1875,,,
12.9933760166168,0,0.1875,0.1875,0.1875,0.1875,0.1875,0.1875,,,
12.9953758716583,0,0.1875,0.1875,0.1875,0.1875,0.1875,0.1875,,,
12.9973790645599,0,0.1875,0.1875,0.1875,0.1875,0.1875,0.1875,,,
12.999382019043,0,0.1875,0.1875,0.1875,0.1875,0.1875,0.1875,,,
13.0013818740845,0,0.1875,0.1875,0.1875,0.1875,0.1875,0.1875,,,
13.0033850669861,0,0.1875,0.1875,0.1875,0.1875,0.1875,0.1875,,,
13.0053858757019,0,0.1875,0.1875,0.1875,0.1875,0.1875,0.1875,,,
13.0073890686035,0,0.1875,0.1875,0.1875,0.1875,0.1875,0.1875,,,
13.0093910694122,0,0.1875,0.1875,0.1875,0.1875,0.1875,0.1875,,,
13.0113918781281,0,0.1875,0.1875,0.1875,0.1875,0.1875,0.1875,,,
13.0133950710297,0,0.1875,0.1875,0.1875,0.1875,0.1875,0.1875,,,
13.0153949260712,0,0.1875,0.1875,0.1875,0.1875,0.1875,0.1875,,,
13.0173978805542,0,0.1875,0.1875,0.1875,0.1875,0.1875,0.1875,,,
13.0194010734558,0,0.1875,0.1875,0.1875,0.1875,0.1875,0.1875,,,
13.0214009284973,0,0.1875,0.1875,0.1875,0.1875,0.1875,0.1875,,,
13.0234038829803,0,0.1875,0.1875,0.1875,0.1875,0.1875,0.1875,,,
13.0254039764404,0,0.1875,0.1875,0.1875,0.1875,0.1875,0.1875,,,
13.0274069309235,0,0.1875,0.1875,0.1875,0.1875,0.1875,0.1875,,,
13.0294089317322,0,0.1875,0.1875,0.1875,0.1875,0.1875,0.1875,,,
13.0314099788666,0,0.1875,0.1875,0.1875,0.1875,0.1875,0.1875,,,
13.0334129333496,0,0.1875,0.1875,0.1875,0.1875,0.1875,0.1875,,,
13.0354130268097,0,0.1875,0.1875,0.1875,0.1875,0.1875,0.1875,,,
13.0374159812927,0,0.1875,0.1875,0.1875,0.1875,0.1875,0.1875,,,
13.0394189357758,0,0.1875,0.1875,0.1875,0.1875,0.1875,0.1875,,,
13.0414190292358,0,0.1875,0.1875,0.1875,0.1875,0.1875,0.1875,,,
13.0434219837189,0,0.1875,0.1875,0.1875,0.1875,0.1875,0.1875,,,
13.0454239845276,0,0.1875,0.1875,0.1875,0.1875,0.1875,0.1875,,,
13.047425031662,0,0.1875,0.1875,0.1875,0.1875,0.1875,0.1875,,,
13.049427986145,0,0.1875,0.1875,0.1875,0.1875,0.1875,0.1875,,,
13.0514280796051,0,0.1875,0.1875,0.1875,0.1875,0.1875,0.1875,,,
13.0534310340881,0,0.1875,0.1875,0.1875,0.1875,0.1875,0.1875,,,
13.0554339885712,0,0.1875,0.1875,0.1875,0.1875,0.1875,0.1875,,,
13.0574340820313,0,0.1875,0.1875,0.1875,0.1875,0.1875,0.1875,,,
13.0594370365143,0,0.1875,0.1875,0.1875,0.1875,0.1875,0.1875,,,
13.0614399909973,0,0.1875,0.1875,0.1875,0.1875,0.1875,0.1875,,,
13.0632770061493,0,0.1875,0.1875,0.1875,0.1875,0.1875,0.1875,,,
13.065279006958,0,0.1875,0.1875,0.1875,0.1875,0.1875,0.1875,,,
13.0672800540924,0,0.1875,0.1875,0.1875,0.1875,0.1875,0.1875,,,
13.0692830085754,0,0.1875,0.1875,0.1875,0.1875,0.1875,0.1875,,,
13.0712850093842,0,0.1875,0.1875,0.1875,0.1875,0.1875,0.1875,,,
13.0732860565186,0,0.1875,0.1875,0.1875,0.1875,0.1875,0.1875,,,
13.0752880573273,0,0.1875,0.1875,0.1875,0.1875,0.1875,0.1875,,,
13.0772910118103,0,0.1875,0.1875,0.1875,0.1875,0.1875,0.1875,,,
13.0792920589447,0,0.1875,0.1875,0.1875,0.1875,0.1875,0.1875,,,
13.0812940597534,0,0.1875,0.1875,0.1875,0.1875,0.1875,0.1875,,,
13.0832948684692,0,0.1875,0.1875,0.1875,0.1875,0.1875,0.1875,,,
13.0852980613709,0,0.1875,0.1875,0.1875,0.1875,0.1875,0.1875,,,
13.0872979164124,0,0.1875,0.1875,0.1875,0.1875,0.1875,0.1875,,,
13.0893008708954,0,0.1875,0.1875,0.1875,0.1875,0.1875,0.1875,,,
13.0913028717041,0,0.1875,0.1875,0.1875,0.1875,0.1875,0.1875,,,
13.0933039188385,0,0.1875,0.1875,0.1875,0.1875,0.1875,0.1875,,,
13.0953059196472,0,0.1875,0.1875,0.1875,0.1875,0.1875,0.1875,,,
13.0973069667816,0,0.1875,0.1875,0.1875,0.1875,0.1875,0.1875,,,
13.0993099212646,0,0.1875,0.1875,0.1875,0.1875,0.1875,0.1875,,,
13.1013128757477,0,0.1875,0.1875,0.1875,0.1875,0.1875,0.1875,,,
13.1033129692078,0,0.1875,0.1875,0.1875,0.1875,0.1875,0.1875,,,
13.1053159236908,0,0.1875,0.1875,0.1875,0.1875,0.1875,0.1875,,,
13.1073160171509,0,0.1875,0.1875,0.1875,0.1875,0.1875,0.1875,,,
13.1093189716339,0,0.1875,0.1875,0.1875,0.1875,0.1875,0.1875,,,
13.1113219261169,0,0.1875,0.1875,0.1875,0.1875,0.1875,0.1875,,,
13.113322019577,0,0.1875,0.1875,0.1875,0.1875,0.1875,0.1875,,,
13.1153249740601,0,0.1875,0.1875,0.1875,0.1875,0.1875,0.1875,,,
13.1173250675201,0,0.1875,0.1875,0.1875,0.1875,0.1875,0.1875,,,
13.1193280220032,0,0.1875,0.1875,0.1875,0.1875,0.1875,0.1875,,,
13.1213278770447,0,0.1875,0.1875,0.1875,0.1875,0.1875,0.1875,,,
13.1233310699463,0,0.1875,0.1875,0.1875,0.1875,0.1875,0.1875,,,
13.1253340244293,0,0.1875,0.1875,0.1875,0.1875,0.1875,0.1875,,,
13.1273338794708,0,0.1875,0.1875,0.1875,0.1875,0.1875,0.1875,,,
13.1293370723724,0,0.1875,0.1875,0.1875,0.1875,0.1875,0.1875,,,
13.1313369274139,0,0.1875,0.1875,0.1875,0.1875,0.1875,0.1875,,,
13.133339881897,0,0.1875,0.1875,0.1875,0.1875,0.1875,0.1875,,,
13.1353430747986,0,0.1875,0.1875,0.1875,0.1875,0.1875,0.1875,,,
13.1373429298401,0,0.1875,0.1875,0.1875,0.1875,0.1875,0.1875,,,
13.1393458843231,0,0.1875,0.1875,0.1875,0.1875,0.1875,0.1875,,,
13.1413459777832,0,0.1875,0.1875,0.1875,0.1875,0.1875,0.1875,,,
13.1433489322662,0,0.1875,0.1875,0.1875,0.1875,0.1875,0.1875,,,
13.1453518867493,0,0.1875,0.1875,0.1875,0.1875,0.1875,0.1875,,,
13.1473519802094,0,0.1875,0.1875,0.1875,0.1875,0.1875,0.1875,,,
13.1493549346924,0,0.1875,0.1875,0.1875,0.1875,0.1875,0.1875,,,
13.1513550281525,0,0.1875,0.1875,0.1875,0.1875,0.1875,0.1875,,,
13.1533579826355,0,0.1875,0.1875,0.1875,0.1875,0.1875,0.1875,,,
13.1553609371185,0,0.1875,0.1875,0.1875,0.1875,0.1875,0.1875,,,
13.1573610305786,0,0.1875,0.1875,0.1875,0.1875,0.1875,0.1875,,,
13.1593639850616,0,0.1875,0.1875,0.1875,0.1875,0.1875,0.1875,,,
13.161365032196,0,0.1875,0.1875,0.1875,0.1875,0.1875,0.1875,,,
13.1633679866791,0,0.1875,0.1875,0.1875,0.1875,0.1875,0.1875,,,
13.1653680801392,0,0.1875,0.1875,0.1875,0.1875,0.1875,0.1875,,,
13.1673710346222,0,0.1875,0.1875,0.1875,0.1875,0.1875,0.1875,,,
13.1693708896637,0,0.1875,0.1875,0.1875,0.1875,0.1875,0.1875,,,
13.1713740825653,0,0.1875,0.1875,0.1875,0.1875,0.1875,0.1875,,,
13.1733770370483,0,0.1875,0.1875,0.1875,0.1875,0.1875,0.1875,,,
13.1753768920898,0,0.1875,0.1875,0.1875,0.1875,0.1875,0.1875,,,
13.1773800849915,0,0.1875,0.1875,0.1875,0.1875,0.1875,0.1875,,,
13.179379940033,0,0.1875,0.1875,0.1875,0.1875,0.1875,0.1875,,,
13.181382894516,0,0.1875,0.1875,0.1875,0.1875,0.1875,0.1875,,,
13.1833829879761,0,0.1875,0.1875,0.1875,0.1875,0.1875,0.1875,,,
13.1853859424591,0,0.1875,0.1875,0.1875,0.1875,0.1875,0.1875,,,
13.1873860359192,0,0.1875,0.1875,0.1875,0.1875,0.1875,0.1875,,,
13.1893889904022,0,0.1875,0.1875,0.1875,0.1875,0.1875,0.1875,,,
13.1913919448853,0,0.1875,0.1875,0.1875,0.1875,0.1875,0.1875,,,
13.1933920383453,0,0.1875,0.1875,0.1875,0.1875,0.1875,0.1875,,,
13.1953949928284,0,0.1875,0.1875,0.1875,0.1875,0.1875,0.1875,,,
13.1973950862885,0,0.1875,0.1875,0.1875,0.1875,0.1875,0.1875,,,
13.1993980407715,0,0.1875,0.1875,0.1875,0.1875,0.1875,0.1875,,,
13.201397895813,0,0.1875,0.1875,0.1875,0.1875,0.1875,0.1875,,,
13.2034010887146,0,0.1875,0.1875,0.1875,0.1875,0.1875,0.1875,,,
13.2054040431976,0,0.1875,0.1875,0.1875,0.1875,0.1875,0.1875,,,
13.2074038982391,0,0.1875,0.1875,0.1875,0.1875,0.1875,0.1875,,,
13.2094070911407,0,0.1875,0.1875,0.1875,0.1875,0.1875,0.1875,,,
13.2114078998566,0,0.1875,0.1875,0.1875,0.1875,0.1875,0.1875,,,
13.2134110927582,0,0.1875,0.1875,0.1875,0.1875,0.1875,0.1875,,,
13.2154109477997,0,0.1875,0.1875,0.1875,0.1875,0.1875,0.1875,,,
13.2174139022827,0,0.1875,0.1875,0.1875,0.1875,0.1875,0.1875,,,
13.2194139957428,0,0.1875,0.1875,0.1875,0.1875,0.1875,0.1875,,,
13.2214169502258,0,0.1875,0.1875,0.1875,0.1875,0.1875,0.1875,,,
13.2234199047089,0,0.1875,0.1875,0.1875,0.1875,0.1875,0.1875,,,
13.2254199981689,0,0.1875,0.1875,0.1875,0.1875,0.1875,0.1875,,,
13.227422952652,0,0.1875,0.1875,0.1875,0.1875,0.1875,0.1875,,,
13.2294230461121,0,0.1875,0.1875,0.1875,0.1875,0.1875,0.1875,,,
13.2314260005951,0,0.1875,0.1875,0.1875,0.1875,0.1875,0.1875,,,
13.2334260940552,0,0.1875,0.1875,0.1875,0.1875,0.1875,0.1875,,,
13.2354290485382,0,0.1875,0.1875,0.1875,0.1875,0.1875,0.1875,,,
13.2374320030212,0,0.1875,0.1875,0.1875,0.1875,0.1875,0.1875,,,
13.2394320964813,0,0.1875,0.1875,0.1875,0.1875,0.1875,0.1875,,,
13.2414350509644,0,0.1875,0.1875,0.1875,0.1875,0.1875,0.1875,,,
13.2434349060059,0,0.1875,0.1875,0.1875,0.1875,0.1875,0.1875,,,
13.2454380989075,0,0.1875,0.1875,0.1875,0.1875,0.1875,0.1875,,,
13.247437953949,0,0.1875,0.1875,0.1875,0.1875,0.1875,0.1875,,,
13.249440908432,0,0.1875,0.1875,0.1875,0.1875,0.1875,0.1875,,,
13.2514419555664,0,0.1875,0.1875,0.1875,0.1875,0.1875,0.1875,,,
13.2534439563751,0,0.1875,0.1875,0.1875,0.1875,0.1875,0.1875,,,
13.2554469108582,0,0.1875,0.1875,0.1875,0.1875,0.1875,0.1875,,,
13.2574479579926,0,0.1875,0.1875,0.1875,0.1875,0.1875,0.1875,,,
13.2594499588013,0,0.1875,0.1875,0.1875,0.1875,0.1875,0.1875,,,
13.2614510059357,0,0.1875,0.1875,0.1875,0.1875,0.1875,0.1875,,,
13.2634539604187,0,0.1875,0.1875,0.1875,0.1875,0.1875,0.1875,,,
13.2654569149017,0,0.1875,0.1875,0.1875,0.1875,0.1875,0.1875,,,
13.2674570083618,0,0.1875,0.1875,0.1875,0.1875,0.1875,0.1875,,,
13.2694599628448,0,0.1875,0.1875,0.1875,0.1875,0.1875,0.1875,,,
13.2714600563049,0,0.1875,0.1875,0.1875,0.1875,0.1875,0.1875,,,
13.273463010788,0,0.1875,0.1875,0.1875,0.1875,0.1875,0.1875,,,
13.2754628658295,0,0.1875,0.1875,0.1875,0.1875,0.1875,0.1875,,,
13.2774660587311,0,0.1875,0.1875,0.1875,0.1875,0.1875,0.1875,,,
13.2794690132141,0,0.1875,0.1875,0.1875,0.1875,0.1875,0.1875,,,
13.2814688682556,0,0.1875,0.1875,0.1875,0.1875,0.1875,0.1875,,,
13.2834720611572,0,0.1875,0.1875,0.1875,0.1875,0.1875,0.1875,,,
13.2854719161987,0,0.1875,0.1875,0.1875,0.1875,0.1875,0.1875,,,
13.2874748706818,0,0.1875,0.1875,0.1875,0.1875,0.1875,0.1875,,,
13.2894780635834,0,0.1875,0.1875,0.1875,0.1875,0.1875,0.1875,,,
13.2914779186249,0,0.1875,0.1875,0.1875,0.1875,0.1875,0.1875,,,
13.2934808731079,0,0.1875,0.1875,0.1875,0.1875,0.1875,0.1875,,,
13.295480966568,0,0.1875,0.1875,0.1875,0.1875,0.1875,0.1875,,,
13.297483921051,0,0.1875,0.1875,0.1875,0.1875,0.1875,0.1875,,,
13.2994868755341,0,0.1875,0.1875,0.1875,0.1875,0.1875,0.1875,,,
13.3014869689941,0,0.1875,0.1875,0.1875,0.1875,0.1875,0.1875,,,
13.3034899234772,0,0.1875,0.1875,0.1875,0.1875,0.1875,0.1875,,,
13.3054909706116,0,0.1875,0.1875,0.1875,0.1875,0.1875,0.1875,,,
13.3074929714203,0,0.1875,0.1875,0.1875,0.1875,0.1875,0.1875,,,
13.3094959259033,0,0.1875,0.1875,0.1875,0.1875,0.1875,0.1875,,,
13.3114960193634,0,0.1875,0.1875,0.1875,0.1875,0.1875,0.1875,,,
13.3134989738464,0,0.1875,0.1875,0.1875,0.1875,0.1875,0.1875,,,
13.3154990673065,0,0.1875,0.1875,0.1875,0.1875,0.1875,0.1875,,,
13.3175020217896,0,0.1875,0.1875,0.1875,0.1875,0.1875,0.1875,,,
13.3195049762726,0,0.1875,0.1875,0.1875,0.1875,0.1875,0.1875,,,
13.3215050697327,0,0.1875,0.1875,0.1875,0.1875,0.1875,0.1875,,,
13.3235080242157,0,0.1875,0.1875,0.1875,0.1875,0.1875,0.1875,,,
13.3255078792572,0,0.1875,0.1875,0.1875,0.1875,0.1875,0.1875,,,
13.3275110721588,0,0.1875,0.1875,0.1875,0.1875,0.1875,0.1875,,,
13.3295140266418,0,0.1875,0.1875,0.1875,0.1875,0.1875,0.1875,,,
13.3315138816834,0,0.1875,0.1875,0.1875,0.1875,0.1875,0.1875,,,
13.333517074585,0,0.1875,0.1875,0.1875,0.1875,0.1875,0.1875,,,
13.3355169296265,0,0.1875,0.1875,0.1875,0.1875,0.1875,0.1875,,,
13.3375198841095,0,0.1875,0.1875,0.1875,0.1875,0.1875,0.1875,,,
13.3395230770111,0,0.1875,0.1875,0.1875,0.1875,0.1875,0.1875,,,
13.3415229320526,0,0.1875,0.1875,0.1875,0.1875,0.1875,0.1875,,,
13.3435258865356,0,0.1875,0.1875,0.1875,0.1875,0.1875,0.1875,,,
13.3455259799957,0,0.1875,0.1875,0.1875,0.1875,0.1875,0.1875,,,
13.3475289344788,0,0.1875,0.1875,0.1875,0.1875,0.1875,0.1875,,,
13.3495318889618,0,0.1875,0.1875,0.1875,0.1875,0.1875,0.1875,,,
13.3515319824219,0,0.1875,0.1875,0.1875,0.1875,0.1875,0.1875,,,
13.3535349369049,0,0.1875,0.1875,0.1875,0.1875,0.1875,0.1875,,,
13.3555359840393,0,0.1875,0.1875,0.1875,0.1875,0.1875,0.1875,,,
13.357537984848,0,0.1875,0.1875,0.1875,0.1875,0.1875,0.1875,,,
13.3595390319824,0,0.1875,0.1875,0.1875,0.1875,0.1875,0.1875,,,
13.3615410327911,0,0.1875,0.1875,0.1875,0.1875,0.1875,0.1875,,,
13.3635439872742,0,0.1875,0.1875,0.1875,0.1875,0.1875,0.1875,,,
13.3655450344086,0,0.1875,0.1875,0.1875,0.1875,0.1875,0.1875,,,
13.3675470352173,0,0.1875,0.1875,0.1875,0.1875,0.1875,0.1875,,,
13.3695480823517,0,0.1875,0.1875,0.1875,0.1875,0.1875,0.1875,,,
13.3715510368347,0,0.1875,0.1875,0.1875,0.1875,0.1875,0.1875,,,
13.3735530376434,0,0.1875,0.1875,0.1875,0.1875,0.1875,0.1875,,,
13.3755540847778,0,0.1875,0.1875,0.1875,0.1875,0.1875,0.1875,,,
13.3775560855865,0,0.1875,0.1875,0.1875,0.1875,0.1875,0.1875,,,
13.3795568943024,0,0.1875,0.1875,0.1875,0.1875,0.1875,0.1875,,,
13.381560087204,0,0.1875,0.1875,0.1875,0.1875,0.1875,0.1875,,,
13.3835620880127,0,0.1875,0.1875,0.1875,0.1875,0.1875,0.1875,,,
13.3855628967285,0,0.1875,0.1875,0.1875,0.1875,0.1875,0.1875,,,
13.3875648975372,0,0.1875,0.1875,0.1875,0.1875,0.1875,0.1875,,,
13.3895659446716,0,0.1875,0.1875,0.1875,0.1875,0.1875,0.1875,,,
13.3915688991547,0,0.1875,0.1875,0.1875,0.1875,0.1875,0.1875,,,
13.3935708999634,0,0.1875,0.1875,0.1875,0.1875,0.1875,0.1875,,,
13.3955719470978,0,0.1875,0.1875,0.1875,0.1875,0.1875,0.1875,,,
13.3975739479065,0,0.1875,0.1875,0.1875,0.1875,0.1875,0.1875,,,
13.3995749950409,0,0.1875,0.1875,0.1875,0.1875,0.1875,0.1875,,,
13.4015779495239,0,0.1875,0.1875,0.1875,0.1875,0.1875,0.1875,,,
13.4035799503326,0,0.1875,0.1875,0.1875,0.1875,0.1875,0.1875,,,
13.405580997467,0,0.1875,0.1875,0.1875,0.1875,0.1875,0.1875,,,
13.4075839519501,0,0.1875,0.1875,0.1875,0.1875,0.1875,0.1875,,,
13.4095840454102,0,0.1875,0.1875,0.1875,0.1875,0.1875,0.1875,,,
13.4115869998932,0,0.1875,0.1875,0.1875,0.1875,0.1875,0.1875,,,
13.4135870933533,0,0.1875,0.1875,0.1875,0.1875,0.1875,0.1875,,,
13.4155900478363,0,0.1875,0.1875,0.1875,0.1875,0.1875,0.1875,,,
13.4175899028778,0,0.1875,0.1875,0.1875,0.1875,0.1875,0.1875,,,
13.4195930957794,0,0.1875,0.1875,0.1875,0.1875,0.1875,0.1875,,,
13.4215960502625,0,0.1875,0.1875,0.1875,0.1875,0.1875,0.1875,,,
13.423595905304,0,0.1875,0.1875,0.1875,0.1875,0.1875,0.1875,,,
13.4255990982056,0,0.1875,0.1875,0.1875,0.1875,0.1875,0.1875,,,
13.4275989532471,0,0.1875,0.1875,0.1875,0.1875,0.1875,0.1875,,,
13.4296019077301,0,0.1875,0.1875,0.1875,0.1875,0.1875,0.1875,,,
13.4316051006317,0,0.1875,0.1875,0.1875,0.1875,0.1875,0.1875,,,
13.4336049556732,0,0.1875,0.1875,0.1875,0.1875,0.1875,0.1875,,,
13.4356079101563,0,0.1875,0.1875,0.1875,0.1875,0.1875,0.1875,,,
13.4376080036163,0,0.1875,0.1875,0.1875,0.1875,0.1875,0.1875,,,
13.4396109580994,0,0.1875,0.1875,0.1875,0.1875,0.1875,0.1875,,,
13.4416129589081,0,0.1875,0.1875,0.1875,0.1875,0.1875,0.1875,,,
13.4436140060425,0,0.1875,0.1875,0.1875,0.1875,0.1875,0.1875,,,
13.4456169605255,0,0.1875,0.1875,0.1875,0.1875,0.1875,0.1875,,,
13.4476170539856,0,0.1875,0.1875,0.1875,0.1875,0.1875,0.1875,,,
13.4496200084686,0,0.1875,0.1875,0.1875,0.1875,0.1875,0.1875,,,
13.4516229629517,0,0.1875,0.1875,0.1875,0.1875,0.1875,0.1875,,,
13.4536230564117,0,0.1875,0.1875,0.1875,0.1875,0.1875,0.1875,,,
13.4556260108948,0,0.1875,0.1875,0.1875,0.1875,0.1875,0.1875,,,
13.4576258659363,0,0.1875,0.1875,0.1875,0.1875,0.1875,0.1875,,,
13.4596290588379,0,0.1875,0.1875,0.1875,0.1875,0.1875,0.1875,,,
13.4616289138794,0,0.1875,0.1875,0.1875,0.1875,0.1875,0.1875,,,
13.4636318683624,0,0.1875,0.1875,0.1875,0.1875,0.1875,0.1875,,,
13.465635061264,0,0.1875,0.1875,0.1875,0.1875,0.1875,0.1875,,,
13.4676349163055,0,0.1875,0.1875,0.1875,0.1875,0.1875,0.1875,,,
13.4696378707886,0,0.1875,0.1875,0.1875,0.1875,0.1875,0.1875,,,
13.4716379642487,0,0.1875,0.1875,0.1875,0.1875,0.1875,0.1875,,,
13.4736409187317,0,0.1875,0.1875,0.1875,0.1875,0.1875,0.1875,,,
13.4756438732147,0,0.1875,0.1875,0.1875,0.1875,0.1875,0.1875,,,
13.4776439666748,0,0.1875,0.1875,0.1875,0.1875,0.1875,0.1875,,,
13.4796469211578,0,0.1875,0.1875,0.1875,0.1875,0.1875,0.1875,,,
13.4816470146179,0,0.1875,0.1875,0.1875,0.1875,0.1875,0.1875,,,
13.483649969101,0,0.1875,0.1875,0.1875,0.1875,0.1875,0.1875,,,
13.485652923584,0,0.1875,0.1875,0.1875,0.1875,0.1875,0.1875,,,
13.4876530170441,0,0.1875,0.1875,0.1875,0.1875,0.1875,0.1875,,,
13.4896559715271,0,0.1875,0.1875,0.1875,0.1875,0.1875,0.1875,,,
13.4916560649872,0,0.1875,0.1875,0.1875,0.1875,0.1875,0.1875,,,
13.4936590194702,0,0.1875,0.1875,0.1875,0.1875,0.1875,0.1875,,,
13.4956619739532,0,0.1875,0.1875,0.1875,0.1875,0.1875,0.1875,,,
13.4976620674133,0,0.1875,0.1875,0.1875,0.1875,0.1875,0.1875,,,
13.4996650218964,0,0.1875,0.1875,0.1875,0.1875,0.1875,0.1875,,,
13.5016660690308,0,0.1875,0.1875,0.1875,0.1875,0.1875,0.1875,,,
13.5036680698395,0,0.1875,0.1875,0.1875,0.1875,0.1875,0.1875,,,
13.5056688785553,0,0.1875,0.1875,0.1875,0.1875,0.1875,0.1875,,,
13.507670879364,0,0.1875,0.1875,0.1875,0.1875,0.1875,0.1875,,,
13.5096740722656,0,0.1875,0.1875,0.1875,0.1875,0.1875,0.1875,,,
13.5116739273071,0,0.1875,0.1875,0.1875,0.1875,0.1875,0.1875,,,
13.5136768817902,0,0.1875,0.1875,0.1875,0.1875,0.1875,0.1875,,,
13.5156779289246,0,0.1875,0.1875,0.1875,0.1875,0.1875,0.1875,,,
13.5176799297333,0,0.1875,0.1875,0.1875,0.1875,0.1875,0.1875,,,
13.5196828842163,0,0.1875,0.1875,0.1875,0.1875,0.1875,0.1875,,,
13.5216829776764,0,0.1875,0.1875,0.1875,0.1875,0.1875,0.1875,,,
13.5236859321594,0,0.1875,0.1875,0.1875,0.1875,0.1875,0.1875,,,
13.5256860256195,0,0.1875,0.1875,0.1875,0.1875,0.1875,0.1875,,,
13.5276889801025,0,0.1875,0.1875,0.1875,0.1875,0.1875,0.1875,,,
13.5296919345856,0,0.1875,0.1875,0.1875,0.1875,0.1875,0.1875,,,
13.5316920280457,0,0.1875,0.1875,0.1875,0.1875,0.1875,0.1875,,,
13.5336949825287,0,0.1875,0.1875,0.1875,0.1875,0.1875,0.1875,,,
13.5356950759888,0,0.1875,0.1875,0.1875,0.1875,0.1875,0.1875,,,
13.5376980304718,0,0.1875,0.1875,0.1875,0.1875,0.1875,0.1875,,,
13.5397009849548,0,0.1875,0.1875,0.1875,0.1875,0.1875,0.1875,,,
13.5417010784149,0,0.1875,0.1875,0.1875,0.1875,0.1875,0.1875,,,
13.5437040328979,0,0.1875,0.1875,0.1875,0.1875,0.1875,0.1875,,,
13.5457060337067,0,0.1875,0.1875,0.1875,0.1875,0.1875,0.1875,,,
13.5477080345154,0,0.1875,0.1875,0.1875,0.1875,0.1875,0.1875,,,
13.5497090816498,0,0.1875,0.1875,0.1875,0.1875,0.1875,0.1875,,,
13.5517120361328,0,0.1875,0.1875,0.1875,0.1875,0.1875,0.1875,,,
13.5537118911743,0,0.1875,0.1875,0.1875,0.1875,0.1875,0.1875,,,
13.5557150840759,0,0.1875,0.1875,0.1875,0.1875,0.1875,0.1875,,,
13.557718038559,0,0.1875,0.1875,0.1875,0.1875,0.1875,0.1875,,,
13.5597178936005,0,0.1875,0.1875,0.1875,0.1875,0.1875,0.1875,,,
13.5616540908813,0,0.1875,0.1875,0.1875,0.1875,0.1875,0.1875,,,
13.5636539459229,0,0.1875,0.1875,0.1875,0.1875,0.1875,0.1875,,,
13.5656569004059,0,0.1875,0.1875,0.1875,0.1875,0.1875,0.1875,,,
13.5676579475403,0,0.1875,0.1875,0.1875,0.1875,0.1875,0.1875,,,
13.5696609020233,0,0.1875,0.1875,0.1875,0.1875,0.1875,0.1875,,,
13.5716609954834,0,0.1875,0.1875,0.1875,0.1875,0.1875,0.1875,,,
13.5736639499664,0,0.1875,0.1875,0.1875,0.1875,0.1875,0.1875,,,
13.5756669044495,0,0.1875,0.1875,0.1875,0.1875,0.1875,0.1875,,,
13.5776669979095,0,0.1875,0.1875,0.1875,0.1875,0.1875,0.1875,,,
13.5796699523926,0,0.1875,0.1875,0.1875,0.1875,0.1875,0.1875,,,
13.5816700458527,0,0.1875,0.1875,0.1875,0.1875,0.1875,0.1875,,,
13.5836730003357,0,0.1875,0.1875,0.1875,0.1875,0.1875,0.1875,,,
13.5856750011444,0,0.1875,0.1875,0.1875,0.1875,0.1875,0.1875,,,
13.5876760482788,0,0.1875,0.1875,0.1875,0.1875,0.1875,0.1875,,,
13.5896780490875,0,0.1875,0.1875,0.1875,0.1875,0.1875,0.1875,,,
13.591677904129,0,0.1875,0.1875,0.1875,0.1875,0.1875,0.1875,,,
13.5936810970306,0,0.1875,0.1875,0.1875,0.1875,0.1875,0.1875,,,
13.5956840515137,0,0.1875,0.1875,0.1875,0.1875,0.1875,0.1875,,,
13.5976839065552,0,0.1875,0.1875,0.1875,0.1875,0.1875,0.1875,,,
13.5996870994568,0,0.1875,0.1875,0.1875,0.1875,0.1875,0.1875,,,
13.6016900539398,0,0.1875,0.1875,0.1875,0.1875,0.1875,0.1875,,,
13.6036899089813,0,0.1875,0.1875,0.1875,0.1875,0.1875,0.1875,,,
13.6056931018829,0,0.1875,0.1875,0.1875,0.1875,0.1875,0.1875,,,
13.6076929569244,0,0.1875,0.1875,0.1875,0.1875,0.1875,0.1875,,,
13.6096949577332,0,0.1875,0.1875,0.1875,0.1875,0.1875,0.1875,,,
13.6116979122162,0,0.1875,0.1875,0.1875,0.1875,0.1875,0.1875,,,
13.6136980056763,0,0.1875,0.1875,0.1875,0.1875,0.1875,0.1875,,,
13.6157009601593,0,0.1875,0.1875,0.1875,0.1875,0.1875,0.1875,,,
13.617702960968,0,0.1875,0.1875,0.1875,0.1875,0.1875,0.1875,,,
13.6197040081024,0,0.1875,0.1875,0.1875,0.1875,0.1875,0.1875,,,
13.6217060089111,0,0.1875,0.1875,0.1875,0.1875,0.1875,0.1875,,,
13.6237089633942,0,0.1875,0.1875,0.1875,0.1875,0.1875,0.1875,,,
13.6257090568542,0,0.1875,0.1875,0.1875,0.1875,0.1875,0.1875,,,
13.6277120113373,0,0.1875,0.1875,0.1875,0.1875,0.1875,0.1875,,,
13.6297149658203,0,0.1875,0.1875,0.1875,0.1875,0.1875,0.1875,,,
13.6317150592804,0,0.1875,0.1875,0.1875,0.1875,0.1875,0.1875,,,
13.6337170600891,0,0.1875,0.1875,0.1875,0.1875,0.1875,0.1875,,,
13.6357200145721,0,0.1875,0.1875,0.1875,0.1875,0.1875,0.1875,,,
13.6377210617065,0,0.1875,0.1875,0.1875,0.1875,0.1875,0.1875,,,
13.6397230625153,0,0.1875,0.1875,0.1875,0.1875,0.1875,0.1875,,,
13.641725063324,0,0.1875,0.1875,0.1875,0.1875,0.1875,0.1875,,,
13.6437258720398,0,0.1875,0.1875,0.1875,0.1875,0.1875,0.1875,,,
13.6457290649414,0,0.1875,0.1875,0.1875,0.1875,0.1875,0.1875,,,
13.6477289199829,0,0.1875,0.1875,0.1875,0.1875,0.1875,0.1875,,,
13.6497309207916,0,0.1875,0.1875,0.1875,0.1875,0.1875,0.1875,,,
13.6517338752747,0,0.1875,0.1875,0.1875,0.1875,0.1875,0.1875,,,
13.6537339687347,0,0.1875,0.1875,0.1875,0.1875,0.1875,0.1875,,,
13.6557369232178,0,0.1875,0.1875,0.1875,0.1875,0.1875,0.1875,,,
13.6577389240265,0,0.1875,0.1875,0.1875,0.1875,0.1875,0.1875,,,
13.6597399711609,0,0.1875,0.1875,0.1875,0.1875,0.1875,0.1875,,,
13.6617419719696,0,0.1875,0.1875,0.1875,0.1875,0.1875,0.1875,,,
13.663743019104,0,0.1875,0.1875,0.1875,0.1875,0.1875,0.1875,,,
13.6657450199127,0,0.1875,0.1875,0.1875,0.1875,0.1875,0.1875,,,
13.6677479743958,0,0.1875,0.1875,0.1875,0.1875,0.1875,0.1875,,,
13.6697480678558,0,0.1875,0.1875,0.1875,0.1875,0.1875,0.1875,,,
13.6717510223389,0,0.1875,0.1875,0.1875,0.1875,0.1875,0.1875,,,
13.6737508773804,0,0.1875,0.1875,0.1875,0.1875,0.1875,0.1875,,,
13.675754070282,0,0.1875,0.1875,0.1875,0.1875,0.1875,0.1875,,,
13.6777560710907,0,0.1875,0.1875,0.1875,0.1875,0.1875,0.1875,,,
13.6797568798065,0,0.1875,0.1875,0.1875,0.1875,0.1875,0.1875,,,
13.6817588806152,0,0.1875,0.1875,0.1875,0.1875,0.1875,0.1875,,,
13.6837620735168,0,0.1875,0.1875,0.1875,0.1875,0.1875,0.1875,,,
13.6857619285584,0,0.1875,0.1875,0.1875,0.1875,0.1875,0.1875,,,
13.6877639293671,0,0.1875,0.1875,0.1875,0.1875,0.1875,0.1875,,,
13.6897668838501,0,0.1875,0.1875,0.1875,0.1875,0.1875,0.1875,,,
13.6917679309845,0,0.1875,0.1875,0.1875,0.1875,0.1875,0.1875,,,
13.6937708854675,0,0.1875,0.1875,0.1875,0.1875,0.1875,0.1875,,,
13.6957709789276,0,0.1875,0.1875,0.1875,0.1875,0.1875,0.1875,,,
13.6977789402008,0,0.1875,0.1875,0.1875,0.1875,0.1875,0.1875,,,
13.6997790336609,0,0.1875,0.1875,0.1875,0.1875,0.1875,0.1875,,,
13.7017819881439,0,0.1875,0.1875,0.1875,0.1875,0.1875,0.1875,,,
13.703782081604,0,0.1875,0.1875,0.1875,0.1875,0.1875,0.1875,,,
13.7057819366455,0,0.1875,0.1875,0.1875,0.1875,0.1875,0.1875,,,
13.7077829837799,0,0.1875,0.1875,0.1875,0.1875,0.1875,0.1875,,,
13.70978307724,0,0.1875,0.1875,0.1875,0.1875,0.1875,0.1875,,,
13.711786031723,0,0.1875,0.1875,0.1875,0.1875,0.1875,0.1875,,,
13.7137858867645,0,0.1875,0.1875,0.1875,0.1875,0.1875,0.1875,,,
13.7157890796661,0,0.1875,0.1875,0.1875,0.1875,0.1875,0.1875,,,
13.7177889347076,0,0.1875,0.1875,0.1875,0.1875,0.1875,0.1875,,,
13.7197918891907,0,0.1875,0.1875,0.1875,0.1875,0.1875,0.1875,,,
13.7217950820923,0,0.1875,0.1875,0.1875,0.1875,0.1875,0.1875,,,
13.7237949371338,0,0.1875,0.1875,0.1875,0.1875,0.1875,0.1875,,,
13.7257978916168,0,0.1875,0.1875,0.1875,0.1875,0.1875,0.1875,,,
13.7277979850769,0,0.1875,0.1875,0.1875,0.1875,0.1875,0.1875,,,
13.7298009395599,0,0.1875,0.1875,0.1875,0.1875,0.1875,0.1875,,,
13.73180103302,0,0.1875,0.1875,0.1875,0.1875,0.1875,0.1875,,,
13.7338039875031,0,0.1875,0.1875,0.1875,0.1875,0.1875,0.1875,,,
13.7358040809631,0,0.1875,0.1875,0.1875,0.1875,0.1875,0.1875,,,
13.7378070354462,0,0.1875,0.1875,0.1875,0.1875,0.1875,0.1875,,,
13.7398068904877,0,0.1875,0.1875,0.1875,0.1875,0.1875,0.1875,,,
13.7418100833893,0,0.1875,0.1875,0.1875,0.1875,0.1875,0.1875,,,
13.7438130378723,0,0.1875,0.1875,0.1875,0.1875,0.1875,0.1875,,,
13.7458128929138,0,0.1875,0.1875,0.1875,0.1875,0.1875,0.1875,,,
13.7478160858154,0,0.1875,0.1875,0.1875,0.1875,0.1875,0.1875,,,
13.7498159408569,0,0.1875,0.1875,0.1875,0.1875,0.1875,0.1875,,,
13.75181889534,0,0.1875,0.1875,0.1875,0.1875,0.1875,0.1875,,,
13.7538189888,0,0.1875,0.1875,0.1875,0.1875,0.1875,0.1875,,,
13.7558219432831,0,0.1875,0.1875,0.1875,0.1875,0.1875,0.1875,,,
13.7578248977661,0,0.1875,0.1875,0.1875,0.1875,0.1875,0.1875,,,
13.7598249912262,0,0.1875,0.1875,0.1875,0.1875,0.1875,0.1875,,,
13.7618279457092,0,0.1875,0.1875,0.1875,0.1875,0.1875,0.1875,,,
13.7638289928436,0,0.1875,0.1875,0.1875,0.1875,0.1875,0.1875,,,
13.7658309936523,0,0.1875,0.1875,0.1875,0.1875,0.1875,0.1875,,,
13.7678320407867,0,0.1875,0.1875,0.1875,0.1875,0.1875,0.1875,,,
13.7698340415955,0,0.1875,0.1875,0.1875,0.1875,0.1875,0.1875,,,
13.7718350887299,0,0.1875,0.1875,0.1875,0.1875,0.1875,0.1875,,,
13.7738380432129,0,0.1875,0.1875,0.1875,0.1875,0.1875,0.1875,,,
13.7758378982544,0,0.1875,0.1875,0.1875,0.1875,0.1875,0.1875,,,
13.777841091156,0,0.1875,0.1875,0.1875,0.1875,0.1875,0.1875,,,
13.779844045639,0,0.1875,0.1875,0.1875,0.1875,0.1875,0.1875,,,
13.7818439006805,0,0.1875,0.1875,0.1875,0.1875,0.1875,0.1875,,,
13.7838470935822,0,0.1875,0.1875,0.1875,0.1875,0.1875,0.1875,,,
13.7858469486237,0,0.1875,0.1875,0.1875,0.1875,0.1875,0.1875,,,
13.7878499031067,0,0.1875,0.1875,0.1875,0.1875,0.1875,0.1875,,,
13.7898530960083,0,0.1875,0.1875,0.1875,0.1875,0.1875,0.1875,,,
13.7918529510498,0,0.1875,0.1875,0.1875,0.1875,0.1875,0.1875,,,
13.7938559055328,0,0.1875,0.1875,0.1875,0.1875,0.1875,0.1875,,,
13.7958559989929,0,0.1875,0.1875,0.1875,0.1875,0.1875,0.1875,,,
13.797858953476,0,0.1875,0.1875,0.1875,0.1875,0.1875,0.1875,,,
13.799861907959,0,0.1875,0.1875,0.1875,0.1875,0.1875,0.1875,,,
13.8018620014191,0,0.1875,0.1875,0.1875,0.1875,0.1875,0.1875,,,
13.8038649559021,0,0.1875,0.1875,0.1875,0.1875,0.1875,0.1875,,,
13.8058650493622,0,0.1875,0.1875,0.1875,0.1875,0.1875,0.1875,,,
13.8078680038452,0,0.1875,0.1875,0.1875,0.1875,0.1875,0.1875,,,
13.8098709583282,0,0.1875,0.1875,0.1875,0.1875,0.1875,0.1875,,,
13.8118710517883,0,0.1875,0.1875,0.1875,0.1875,0.1875,0.1875,,,
13.8138740062714,0,0.1875,0.1875,0.1875,0.1875,0.1875,0.1875,,,
13.8158740997314,0,0.1875,0.1875,0.1875,0.1875,0.1875,0.1875,,,
13.8178770542145,0,0.1875,0.1875,0.1875,0.1875,0.1875,0.1875,,,
13.8198800086975,0,0.1875,0.1875,0.1875,0.1875,0.1875,0.1875,,,
13.8218801021576,0,0.1875,0.1875,0.1875,0.1875,0.1875,0.1875,,,
13.8238830566406,0,0.1875,0.1875,0.1875,0.1875,0.1875,0.1875,,,
13.8258838653564,0,0.1875,0.1875,0.1875,0.1875,0.1875,0.1875,,,
13.8278858661652,0,0.1875,0.1875,0.1875,0.1875,0.1875,0.1875,,,
13.8298869132996,0,0.1875,0.1875,0.1875,0.1875,0.1875,0.1875,,,
13.8318889141083,0,0.1875,0.1875,0.1875,0.1875,0.1875,0.1875,,,
13.8338918685913,0,0.1875,0.1875,0.1875,0.1875,0.1875,0.1875,,,
13.8358929157257,0,0.1875,0.1875,0.1875,0.1875,0.1875,0.1875,,,
13.8378949165344,0,0.1875,0.1875,0.1875,0.1875,0.1875,0.1875,,,
13.8398978710175,0,0.1875,0.1875,0.1875,0.1875,0.1875,0.1875,,,
13.8418989181519,0,0.1875,0.1875,0.1875,0.1875,0.1875,0.1875,,,
13.8439009189606,0,0.1875,0.1875,0.1875,0.1875,0.1875,0.1875,,,
13.845901966095,0,0.1875,0.1875,0.1875,0.1875,0.1875,0.1875,,,
13.847904920578,0,0.1875,0.1875,0.1875,0.1875,0.1875,0.1875,,,
13.8499069213867,0,0.1875,0.1875,0.1875,0.1875,0.1875,0.1875,,,
13.8519079685211,0,0.1875,0.1875,0.1875,0.1875,0.1875,0.1875,,,
13.8539109230042,0,0.1875,0.1875,0.1875,0.1875,0.1875,0.1875,,,
13.8559129238129,0,0.1875,0.1875,0.1875,0.1875,0.1875,0.1875,,,
13.8579139709473,0,0.1875,0.1875,0.1875,0.1875,0.1875,0.1875,,,
13.859915971756,0,0.1875,0.1875,0.1875,0.1875,0.1875,0.1875,,,
13.8619170188904,0,0.1875,0.1875,0.1875,0.1875,0.1875,0.1875,,,
13.8639199733734,0,0.1875,0.1875,0.1875,0.1875,0.1875,0.1875,,,
13.8659219741821,0,0.1875,0.1875,0.1875,0.1875,0.1875,0.1875,,,
13.8679230213165,0,0.1875,0.1875,0.1875,0.1875,0.1875,0.1875,,,
13.8699259757996,0,0.1875,0.1875,0.1875,0.1875,0.1875,0.1875,,,
13.8719260692596,0,0.1875,0.1875,0.1875,0.1875,0.1875,0.1875,,,
13.8739290237427,0,0.1875,0.1875,0.1875,0.1875,0.1875,0.1875,,,
13.8759310245514,0,0.1875,0.1875,0.1875,0.1875,0.1875,0.1875,,,
13.8779320716858,0,0.1875,0.1875,0.1875,0.1875,0.1875,0.1875,,,
13.8799340724945,0,0.1875,0.1875,0.1875,0.1875,0.1875,0.1875,,,
13.8819348812103,0,0.1875,0.1875,0.1875,0.1875,0.1875,0.1875,,,
13.8839380741119,0,0.1875,0.1875,0.1875,0.1875,0.1875,0.1875,,,
13.8859400749207,0,0.1875,0.1875,0.1875,0.1875,0.1875,0.1875,,,
13.8879408836365,0,0.1875,0.1875,0.1875,0.1875,0.1875,0.1875,,,
13.8899440765381,0,0.1875,0.1875,0.1875,0.1875,0.1875,0.1875,,,
13.8919439315796,0,0.1875,0.1875,0.1875,0.1875,0.1875,0.1875,,,
13.8939468860626,0,0.1875,0.1875,0.1875,0.1875,0.1875,0.1875,,,
13.8959500789642,0,0.1875,0.1875,0.1875,0.1875,0.1875,0.1875,,,
13.8979499340057,0,0.1875,0.1875,0.1875,0.1875,0.1875,0.1875,,,
13.8999528884888,0,0.1875,0.1875,0.1875,0.1875,0.1875,0.1875,,,
13.9019529819489,0,0.1875,0.1875,0.1875,0.1875,0.1875,0.1875,,,
13.9039559364319,0,0.1875,0.1875,0.1875,0.1875,0.1875,0.1875,,,
13.9059588909149,0,0.1875,0.1875,0.1875,0.1875,0.1875,0.1875,,,
13.907958984375,0,0.1875,0.1875,0.1875,0.1875,0.1875,0.1875,,,
13.909961938858,0,0.1875,0.1875,0.1875,0.1875,0.1875,0.1875,,,
13.9119620323181,0,0.1875,0.1875,0.1875,0.1875,0.1875,0.1875,,,
13.9139649868011,0,0.1875,0.1875,0.1875,0.1875,0.1875,0.1875,,,
13.9159650802612,0,0.1875,0.1875,0.1875,0.1875,0.1875,0.1875,,,
13.9179680347443,0,0.1875,0.1875,0.1875,0.1875,0.1875,0.1875,,,
13.9199709892273,0,0.1875,0.1875,0.1875,0.1875,0.1875,0.1875,,,
13.9219710826874,0,0.1875,0.1875,0.1875,0.1875,0.1875,0.1875,,,
13.9239740371704,0,0.1875,0.1875,0.1875,0.1875,0.1875,0.1875,,,
13.9259738922119,0,0.1875,0.1875,0.1875,0.1875,0.1875,0.1875,,,
13.9279770851135,0,0.1875,0.1875,0.1875,0.1875,0.1875,0.1875,,,
13.9299800395966,0,0.1875,0.1875,0.1875,0.1875,0.1875,0.1875,,,
13.9319798946381,0,0.1875,0.1875,0.1875,0.1875,0.1875,0.1875,,,
13.9339830875397,0,0.1875,0.1875,0.1875,0.1875,0.1875,0.1875,,,
13.9359829425812,0,0.1875,0.1875,0.1875,0.1875,0.1875,0.1875,,,
13.9379858970642,0,0.1875,0.1875,0.1875,0.1875,0.1875,0.1875,,,
13.9399890899658,0,0.1875,0.1875,0.1875,0.1875,0.1875,0.1875,,,
13.9419889450073,0,0.1875,0.1875,0.1875,0.1875,0.1875,0.1875,,,
13.9439918994904,0,0.1875,0.1875,0.1875,0.1875,0.1875,0.1875,,,
13.9459919929504,0,0.1875,0.1875,0.1875,0.1875,0.1875,0.1875,,,
13.9479949474335,0,0.1875,0.1875,0.1875,0.1875,0.1875,0.1875,,,
13.9499950408936,0,0.1875,0.1875,0.1875,0.1875,0.1875,0.1875,,,
13.9519979953766,0,0.1875,0.1875,0.1875,0.1875,0.1875,0.1875,,,
13.9540009498596,0,0.1875,0.1875,0.1875,0.1875,0.1875,0.1875,,,
13.9560010433197,0,0.1875,0.1875,0.1875,0.1875,0.1875,0.1875,,,
13.9580039978027,0,0.1875,0.1875,0.1875,0.1875,0.1875,0.1875,,,
13.9600040912628,0,0.1875,0.1875,0.1875,0.1875,0.1875,0.1875,,,
13.9620070457459,0,0.1875,0.1875,0.1875,0.1875,0.1875,0.1875,,,
13.9640100002289,0,0.1875,0.1875,0.1875,0.1875,0.1875,0.1875,,,
13.966010093689,0,0.1875,0.1875,0.1875,0.1875,0.1875,0.1875,,,
13.968013048172,0,0.1875,0.1875,0.1875,0.1875,0.1875,0.1875,,,
13.9700129032135,0,0.1875,0.1875,0.1875,0.1875,0.1875,0.1875,,,
13.9720160961151,0,0.1875,0.1875,0.1875,0.1875,0.1875,0.1875,,,
13.9740169048309,0,0.1875,0.1875,0.1875,0.1875,0.1875,0.1875,,,
13.9760200977325,0,0.1875,0.1875,0.1875,0.1875,0.1875,0.1875,,,
13.9780220985413,0,0.1875,0.1875,0.1875,0.1875,0.1875,0.1875,,,
13.9800229072571,0,0.1875,0.1875,0.1875,0.1875,0.1875,0.1875,,,
13.9820261001587,0,0.1875,0.1875,0.1875,0.1875,0.1875,0.1875,,,
13.9840259552002,0,0.1875,0.1875,0.1875,0.1875,0.1875,0.1875,,,
13.9860289096832,0,0.1875,0.1875,0.1875,0.1875,0.1875,0.1875,,,
13.9880290031433,0,0.1875,0.1875,0.1875,0.1875,0.1875,0.1875,,,
13.9900319576263,0,0.1875,0.1875,0.1875,0.1875,0.1875,0.1875,,,
13.9920349121094,0,0.1875,0.1875,0.1875,0.1875,0.1875,0.1875,,,
13.9940350055695,0,0.1875,0.1875,0.1875,0.1875,0.1875,0.1875,,,
13.9960379600525,0,0.1875,0.1875,0.1875,0.1875,0.1875,0.1875,,,
13.9980380535126,0,0.1875,0.1875,0.1875,0.1875,0.1875,0.1875,,,
14.0000410079956,0,0.1875,0.1875,0.1875,0.1875,0.1875,0.1875,,,
14.0020411014557,0,0.1875,0.1875,0.1875,0.1875,0.1875,0.1875,,,
14.0040440559387,0,0.1875,0.1875,0.1875,0.1875,0.1875,0.1875,,,
14.0060470104218,0,0.1875,0.1875,0.1875,0.1875,0.1875,0.1875,,,
14.0080468654633,0,0.1875,0.1875,0.1875,0.1875,0.1875,0.1875,,,
14.0100500583649,0,0.1875,0.1875,0.1875,0.1875,0.1875,0.1875,,,
14.0120499134064,0,0.1875,0.1875,0.1875,0.1875,0.1875,0.1875,,,
14.0140528678894,0,0.1875,0.1875,0.1875,0.1875,0.1875,0.1875,,,
14.0160529613495,0,0.1875,0.1875,0.1875,0.1875,0.1875,0.1875,,,
14.0180559158325,0,0.1875,0.1875,0.1875,0.1875,0.1875,0.1875,,,
14.0200588703156,0,0.1875,0.1875,0.1875,0.1875,0.1875,0.1875,,,
14.0220589637756,0,0.1875,0.1875,0.1875,0.1875,0.1875,0.1875,,,
14.0240619182587,0,0.1875,0.1875,0.1875,0.1875,0.1875,0.1875,,,
14.0260629653931,0,0.1875,0.1875,0.1875,0.1875,0.1875,0.1875,,,
14.0280649662018,0,0.1875,0.1875,0.1875,0.1875,0.1875,0.1875,,,
14.0300660133362,0,0.1875,0.1875,0.1875,0.1875,0.1875,0.1875,,,
14.0320689678192,0,0.1875,0.1875,0.1875,0.1875,0.1875,0.1875,,,
14.0340709686279,0,0.1875,0.1875,0.1875,0.1875,0.1875,0.1875,,,
14.0360720157623,0,0.1875,0.1875,0.1875,0.1875,0.1875,0.1875,,,
14.0380749702454,0,0.1875,0.1875,0.1875,0.1875,0.1875,0.1875,,,
14.0400750637054,0,0.1875,0.1875,0.1875,0.1875,0.1875,0.1875,,,
14.0420780181885,0,0.1875,0.1875,0.1875,0.1875,0.1875,0.1875,,,
14.04407787323,0,0.1875,0.1875,0.1875,0.1875,0.1875,0.1875,,,
14.0460810661316,0,0.1875,0.1875,0.1875,0.1875,0.1875,0.1875,,,
14.0480840206146,0,0.1875,0.1875,0.1875,0.1875,0.1875,0.1875,,,
14.0500838756561,0,0.1875,0.1875,0.1875,0.1875,0.1875,0.1875,,,
14.0520870685577,0,0.1875,0.1875,0.1875,0.1875,0.1875,0.1875,,,
14.0540869235992,0,0.1875,0.1875,0.1875,0.1875,0.1875,0.1875,,,
14.0560898780823,0,0.1875,0.1875,0.1875,0.1875,0.1875,0.1875,,,
14.0580909252167,0,0.1875,0.1875,0.1875,0.1875,0.1875,0.1875,,,
14.060035943985,0,0.1875,0.1875,0.1875,0.1875,0.1875,0.1875,,,
14.062038898468,0,0.1875,0.1875,0.1875,0.1875,0.1875,0.1875,,,
14.0640389919281,0,0.1875,0.1875,0.1875,0.1875,0.1875,0.1875,,,
14.0660419464111,0,0.1875,0.1875,0.1875,0.1875,0.1875,0.1875,,,
14.0680429935455,0,0.1875,0.1875,0.1875,0.1875,0.1875,0.1875,,,
14.0700449943542,0,0.1875,0.1875,0.1875,0.1875,0.1875,0.1875,,,
14.0720479488373,0,0.1875,0.1875,0.1875,0.1875,0.1875,0.1875,,,
14.0740489959717,0,0.1875,0.1875,0.1875,0.1875,0.1875,0.1875,,,
14.0760509967804,0,0.1875,0.1875,0.1875,0.1875,0.1875,0.1875,,,
14.0780520439148,0,0.1875,0.1875,0.1875,0.1875,0.1875,0.1875,,,
14.0800540447235,0,0.1875,0.1875,0.1875,0.1875,0.1875,0.1875,,,
14.0820550918579,0,0.1875,0.1875,0.1875,0.1875,0.1875,0.1875,,,
14.0840570926666,0,0.1875,0.1875,0.1875,0.1875,0.1875,0.1875,,,
14.0860600471497,0,0.1875,0.1875,0.1875,0.1875,0.1875,0.1875,,,
14.0880610942841,0,0.1875,0.1875,0.1875,0.1875,0.1875,0.1875,,,
14.0900630950928,0,0.1875,0.1875,0.1875,0.1875,0.1875,0.1875,,,
14.0920639038086,0,0.1875,0.1875,0.1875,0.1875,0.1875,0.1875,,,
14.0940670967102,0,0.1875,0.1875,0.1875,0.1875,0.1875,0.1875,,,
14.0960669517517,0,0.1875,0.1875,0.1875,0.1875,0.1875,0.1875,,,
14.0980699062347,0,0.1875,0.1875,0.1875,0.1875,0.1875,0.1875,,,
14.1000699996948,0,0.1875,0.1875,0.1875,0.1875,0.1875,0.1875,,,
14.1020729541779,0,0.1875,0.1875,0.1875,0.1875,0.1875,0.1875,,,
14.1040759086609,0,0.1875,0.1875,0.1875,0.1875,0.1875,0.1875,,,
14.106076002121,0,0.1875,0.1875,0.1875,0.1875,0.1875,0.1875,,,
14.108078956604,0,0.1875,0.1875,0.1875,0.1875,0.1875,0.1875,,,
14.1100790500641,0,0.1875,0.1875,0.1875,0.1875,0.1875,0.1875,,,
14.1120820045471,0,0.1875,0.1875,0.1875,0.1875,0.1875,0.1875,,,
14.1140849590302,0,0.1875,0.1875,0.1875,0.1875,0.1875,0.1875,,,
14.1160850524902,0,0.1875,0.1875,0.1875,0.1875,0.1875,0.1875,,,
14.1180880069733,0,0.1875,0.1875,0.1875,0.1875,0.1875,0.1875,,,
14.1200881004334,0,0.1875,0.1875,0.1875,0.1875,0.1875,0.1875,,,
14.1220910549164,0,0.1875,0.1875,0.1875,0.1875,0.1875,0.1875,,,
14.1240909099579,0,0.1875,0.1875,0.1875,0.1875,0.1875,0.1875,,,
14.1260941028595,0,0.1875,0.1875,0.1875,0.1875,0.1875,0.1875,,,
14.1280970573425,0,0.1875,0.1875,0.1875,0.1875,0.1875,0.1875,,,
14.130096912384,0,0.1875,0.1875,0.1875,0.1875,0.1875,0.1875,,,
14.1320998668671,0,0.1875,0.1875,0.1875,0.1875,0.1875,0.1875,,,
14.1340999603271,0,0.1875,0.1875,0.1875,0.1875,0.1875,0.1875,,,
14.1361029148102,0,0.1875,0.1875,0.1875,0.1875,0.1875,0.1875,,,
14.1381030082703,0,0.1875,0.1875,0.1875,0.1875,0.1875,0.1875,,,
14.1401059627533,0,0.1875,0.1875,0.1875,0.1875,0.1875,0.1875,,,
14.1421060562134,0,0.1875,0.1875,0.1875,0.1875,0.1875,0.1875,,,
14.1441090106964,0,0.1875,0.1875,0.1875,0.1875,0.1875,0.1875,,,
14.1461119651794,0,0.1875,0.1875,0.1875,0.1875,0.1875,0.1875,,,
14.1481120586395,0,0.1875,0.1875,0.1875,0.1875,0.1875,0.1875,,,
14.1501150131226,0,0.1875,0.1875,0.1875,0.1875,0.1875,0.1875,,,
14.1521148681641,0,0.1875,0.1875,0.1875,0.1875,0.1875,0.1875,,,
14.1541180610657,0,0.1875,0.1875,0.1875,0.1875,0.1875,0.1875,,,
14.1561179161072,0,0.1875,0.1875,0.1875,0.1875,0.1875,0.1875,,,
14.1581208705902,0,0.1875,0.1875,0.1875,0.1875,0.1875,0.1875,,,
14.1601209640503,0,0.1875,0.1875,0.1875,0.1875,0.1875,0.1875,,,
14.1621239185333,0,0.1875,0.1875,0.1875,0.1875,0.1875,0.1875,,,
14.1641268730164,0,0.1875,0.1875,0.1875,0.1875,0.1875,0.1875,,,
14.1661269664764,0,0.1875,0.1875,0.1875,0.1875,0.1875,0.1875,,,
14.1681299209595,0,0.1875,0.1875,0.1875,0.1875,0.1875,0.1875,,,
14.1701300144196,0,0.1875,0.1875,0.1875,0.1875,0.1875,0.1875,,,
14.1721329689026,0,0.1875,0.1875,0.1875,0.1875,0.1875,0.1875,,,
14.1741330623627,0,0.1875,0.1875,0.1875,0.1875,0.1875,0.1875,,,
14.1761360168457,0,0.1875,0.1875,0.1875,0.1875,0.1875,0.1875,,,
14.1781370639801,0,0.1875,0.1875,0.1875,0.1875,0.1875,0.1875,,,
14.1801390647888,0,0.1875,0.1875,0.1875,0.1875,0.1875,0.1875,,,
14.1821420192719,0,0.1875,0.1875,0.1875,0.1875,0.1875,0.1875,,,
14.1841430664063,0,0.1875,0.1875,0.1875,0.1875,0.1875,0.1875,,,
14.186145067215,0,0.1875,0.1875,0.1875,0.1875,0.1875,0.1875,,,
14.1881458759308,0,0.1875,0.1875,0.1875,0.1875,0.1875,0.1875,,,
14.1901490688324,0,0.1875,0.1875,0.1875,0.1875,0.1875,0.1875,,,
14.1921489238739,0,0.1875,0.1875,0.1875,0.1875,0.1875,0.1875,,,
14.1941518783569,0,0.1875,0.1875,0.1875,0.1875,0.1875,0.1875,,,
14.196151971817,0,0.1875,0.1875,0.1875,0.1875,0.1875,0.1875,,,
14.1981549263,0,0.1875,0.1875,0.1875,0.1875,0.1875,0.1875,,,
14.2001550197601,0,0.1875,0.1875,0.1875,0.1875,0.1875,0.1875,,,
14.2021579742432,0,0.1875,0.1875,0.1875,0.1875,0.1875,0.1875,,,
14.2041580677032,0,0.1875,0.1875,0.1875,0.1875,0.1875,0.1875,,,
14.2061610221863,0,0.1875,0.1875,0.1875,0.1875,0.1875,0.1875,,,
14.2081608772278,0,0.1875,0.1875,0.1875,0.1875,0.1875,0.1875,,,
14.2101640701294,0,0.1875,0.1875,0.1875,0.1875,0.1875,0.1875,,,
14.2121670246124,0,0.1875,0.1875,0.1875,0.1875,0.1875,0.1875,,,
14.2141668796539,0,0.1875,0.1875,0.1875,0.1875,0.1875,0.1875,,,
14.2161700725555,0,0.1875,0.1875,0.1875,0.1875,0.1875,0.1875,,,
14.218169927597,0,0.1875,0.1875,0.1875,0.1875,0.1875,0.1875,,,
14.2201728820801,0,0.1875,0.1875,0.1875,0.1875,0.1875,0.1875,,,
14.2221729755402,0,0.1875,0.1875,0.1875,0.1875,0.1875,0.1875,,,
14.2241759300232,0,0.1875,0.1875,0.1875,0.1875,0.1875,0.1875,,,
14.2261760234833,0,0.1875,0.1875,0.1875,0.1875,0.1875,0.1875,,,
14.2281789779663,0,0.1875,0.1875,0.1875,0.1875,0.1875,0.1875,,,
14.2301819324493,0,0.1875,0.1875,0.1875,0.1875,0.1875,0.1875,,,
14.2321820259094,0,0.1875,0.1875,0.1875,0.1875,0.1875,0.1875,,,
14.2341849803925,0,0.1875,0.1875,0.1875,0.1875,0.1875,0.1875,,,
14.2361850738525,0,0.1875,0.1875,0.1875,0.1875,0.1875,0.1875,,,
14.2381880283356,0,0.1875,0.1875,0.1875,0.1875,0.1875,0.1875,,,
14.24018907547,0,0.1875,0.1875,0.1875,0.1875,0.1875,0.1875,,,
14.2421910762787,0,0.1875,0.1875,0.1875,0.1875,0.1875,0.1875,,,
14.2441918849945,0,0.1875,0.1875,0.1875,0.1875,0.1875,0.1875,,,
14.2461938858032,0,0.1875,0.1875,0.1875,0.1875,0.1875,0.1875,,,
14.2481949329376,0,0.1875,0.1875,0.1875,0.1875,0.1875,0.1875,,,
14.2501969337463,0,0.1875,0.1875,0.1875,0.1875,0.1875,0.1875,,,
14.2521998882294,0,0.1875,0.1875,0.1875,0.1875,0.1875,0.1875,,,
14.2541999816895,0,0.1875,0.1875,0.1875,0.1875,0.1875,0.1875,,,
14.2562029361725,0,0.1875,0.1875,0.1875,0.1875,0.1875,0.1875,,,
14.2582039833069,0,0.1875,0.1875,0.1875,0.1875,0.1875,0.1875,,,
14.2602059841156,0,0.1875,0.1875,0.1875,0.1875,0.1875,0.1875,,,
14.26220703125,0,0.1875,0.1875,0.1875,0.1875,0.1875,0.1875,,,
14.264209985733,0,0.1875,0.1875,0.1875,0.1875,0.1875,0.1875,,,
14.2662119865417,0,0.1875,0.1875,0.1875,0.1875,0.1875,0.1875,,,
14.2682130336761,0,0.1875,0.1875,0.1875,0.1875,0.1875,0.1875,,,
14.2702150344849,0,0.1875,0.1875,0.1875,0.1875,0.1875,0.1875,,,
14.2722160816193,0,0.1875,0.1875,0.1875,0.1875,0.1875,0.1875,,,
14.2742190361023,0,0.1875,0.1875,0.1875,0.1875,0.1875,0.1875,,,
14.276221036911,0,0.1875,0.1875,0.1875,0.1875,0.1875,0.1875,,,
14.2782220840454,0,0.1875,0.1875,0.1875,0.1875,0.1875,0.1875,,,
14.2802240848541,0,0.1875,0.1875,0.1875,0.1875,0.1875,0.1875,,,
14.2822248935699,0,0.1875,0.1875,0.1875,0.1875,0.1875,0.1875,,,
14.2842280864716,0,0.1875,0.1875,0.1875,0.1875,0.1875,0.1875,,,
14.2862300872803,0,0.1875,0.1875,0.1875,0.1875,0.1875,0.1875,,,
14.2882308959961,0,0.1875,0.1875,0.1875,0.1875,0.1875,0.1875,,,
14.2902340888977,0,0.1875,0.1875,0.1875,0.1875,0.1875,0.1875,,,
14.2922339439392,0,0.1875,0.1875,0.1875,0.1875,0.1875,0.1875,,,
14.2942368984222,0,0.1875,0.1875,0.1875,0.1875,0.1875,0.1875,,,
14.2962369918823,0,0.1875,0.1875,0.1875,0.1875,0.1875,0.1875,,,
14.2982399463654,0,0.1875,0.1875,0.1875,0.1875,0.1875,0.1875,,,
14.3002419471741,0,0.1875,0.1875,0.1875,0.1875,0.1875,0.1875,,,
14.3022429943085,0,0.1875,0.1875,0.1875,0.1875,0.1875,0.1875,,,
14.3042449951172,0,0.1875,0.1875,0.1875,0.1875,0.1875,0.1875,,,
14.3062460422516,0,0.1875,0.1875,0.1875,0.1875,0.1875,0.1875,,,
14.3082489967346,0,0.1875,0.1875,0.1875,0.1875,0.1875,0.1875,,,
14.3102490901947,0,0.1875,0.1875,0.1875,0.1875,0.1875,0.1875,,,
14.3122520446777,0,0.1875,0.1875,0.1875,0.1875,0.1875,0.1875,,,
14.3142549991608,0,0.1875,0.1875,0.1875,0.1875,0.1875,0.1875,,,
14.3162550926209,0,0.1875,0.1875,0.1875,0.1875,0.1875,0.1875,,,
14.3182580471039,0,0.1875,0.1875,0.1875,0.1875,0.1875,0.1875,,,
14.3202579021454,0,0.1875,0.1875,0.1875,0.1875,0.1875,0.1875,,,
14.322261095047,0,0.1875,0.1875,0.1875,0.1875,0.1875,0.1875,,,
14.3242609500885,0,0.1875,0.1875,0.1875,0.1875,0.1875,0.1875,,,
14.3262639045715,0,0.1875,0.1875,0.1875,0.1875,0.1875,0.1875,,,
14.3282670974731,0,0.1875,0.1875,0.1875,0.1875,0.1875,0.1875,,,
14.3302669525146,0,0.1875,0.1875,0.1875,0.1875,0.1875,0.1875,,,
14.3322699069977,0,0.1875,0.1875,0.1875,0.1875,0.1875,0.1875,,,
14.3342700004578,0,0.1875,0.1875,0.1875,0.1875,0.1875,0.1875,,,
14.3362729549408,0,0.1875,0.1875,0.1875,0.1875,0.1875,0.1875,,,
14.3382730484009,0,0.1875,0.1875,0.1875,0.1875,0.1875,0.1875,,,
14.3402760028839,0,0.1875,0.1875,0.1875,0.1875,0.1875,0.1875,,,
14.3422789573669,0,0.1875,0.1875,0.1875,0.1875,0.1875,0.1875,,,
14.344279050827,0,0.1875,0.1875,0.1875,0.1875,0.1875,0.1875,,,
14.3462820053101,0,0.1875,0.1875,0.1875,0.1875,0.1875,0.1875,,,
14.3482820987701,0,0.1875,0.1875,0.1875,0.1875,0.1875,0.1875,,,
14.3502850532532,0,0.1875,0.1875,0.1875,0.1875,0.1875,0.1875,,,
14.3522849082947,0,0.1875,0.1875,0.1875,0.1875,0.1875,0.1875,,,
14.3542881011963,0,0.1875,0.1875,0.1875,0.1875,0.1875,0.1875,,,
14.3562879562378,0,0.1875,0.1875,0.1875,0.1875,0.1875,0.1875,,,
14.3582909107208,0,0.1875,0.1875,0.1875,0.1875,0.1875,0.1875,,,
14.3602938652039,0,0.1875,0.1875,0.1875,0.1875,0.1875,0.1875,,,
14.3622939586639,0,0.1875,0.1875,0.1875,0.1875,0.1875,0.1875,,,
14.364296913147,0,0.1875,0.1875,0.1875,0.1875,0.1875,0.1875,,,
14.3662970066071,0,0.1875,0.1875,0.1875,0.1875,0.1875,0.1875,,,
14.3682999610901,0,0.1875,0.1875,0.1875,0.1875,0.1875,0.1875,,,
14.3703010082245,0,0.1875,0.1875,0.1875,0.1875,0.1875,0.1875,,,
14.3723039627075,0,0.1875,0.1875,0.1875,0.1875,0.1875,0.1875,,,
14.3743040561676,0,0.1875,0.1875,0.1875,0.1875,0.1875,0.1875,,,
14.3763070106506,0,0.1875,0.1875,0.1875,0.1875,0.1875,0.1875,,,
14.3783068656921,0,0.1875,0.1875,0.1875,0.1875,0.1875,0.1875,,,
14.3803100585938,0,0.1875,0.1875,0.1875,0.1875,0.1875,0.1875,,,
14.3823130130768,0,0.1875,0.1875,0.1875,0.1875,0.1875,0.1875,,,
14.3843128681183,0,0.1875,0.1875,0.1875,0.1875,0.1875,0.1875,,,
14.3863160610199,0,0.1875,0.1875,0.1875,0.1875,0.1875,0.1875,,,
14.3883159160614,0,0.1875,0.1875,0.1875,0.1875,0.1875,0.1875,,,
14.3903188705444,0,0.1875,0.1875,0.1875,0.1875,0.1875,0.1875,,,
14.3923199176788,0,0.1875,0.1875,0.1875,0.1875,0.1875,0.1875,,,
14.3943219184875,0,0.1875,0.1875,0.1875,0.1875,0.1875,0.1875,,,
14.3963248729706,0,0.1875,0.1875,0.1875,0.1875,0.1875,0.1875,,,
14.398325920105,0,0.1875,0.1875,0.1875,0.1875,0.1875,0.1875,,,
14.4003279209137,0,0.1875,0.1875,0.1875,0.1875,0.1875,0.1875,,,
14.4023289680481,0,0.1875,0.1875,0.1875,0.1875,0.1875,0.1875,,,
14.4043309688568,0,0.1875,0.1875,0.1875,0.1875,0.1875,0.1875,,,
14.4063320159912,0,0.1875,0.1875,0.1875,0.1875,0.1875,0.1875,,,
14.4083340167999,0,0.1875,0.1875,0.1875,0.1875,0.1875,0.1875,,,
14.4103350639343,0,0.1875,0.1875,0.1875,0.1875,0.1875,0.1875,,,
14.4123380184174,0,0.1875,0.1875,0.1875,0.1875,0.1875,0.1875,,,
14.4143400192261,0,0.1875,0.1875,0.1875,0.1875,0.1875,0.1875,,,
14.4163410663605,0,0.1875,0.1875,0.1875,0.1875,0.1875,0.1875,,,
14.4183440208435,0,0.1875,0.1875,0.1875,0.1875,0.1875,0.1875,,,
14.420343875885,0,0.1875,0.1875,0.1875,0.1875,0.1875,0.1875,,,
14.4223470687866,0,0.1875,0.1875,0.1875,0.1875,0.1875,0.1875,,,
14.4243469238281,0,0.1875,0.1875,0.1875,0.1875,0.1875,0.1875,,,
14.4263498783112,0,0.1875,0.1875,0.1875,0.1875,0.1875,0.1875,,,
14.4283499717712,0,0.1875,0.1875,0.1875,0.1875,0.1875,0.1875,,,
14.4303529262543,0,0.1875,0.1875,0.1875,0.1875,0.1875,0.1875,,,
14.4323530197144,0,0.1875,0.1875,0.1875,0.1875,0.1875,0.1875,,,
14.4343559741974,0,0.1875,0.1875,0.1875,0.1875,0.1875,0.1875,,,
14.4363560676575,0,0.1875,0.1875,0.1875,0.1875,0.1875,0.1875,,,
14.4383590221405,0,0.1875,0.1875,0.1875,0.1875,0.1875,0.1875,,,
14.4403600692749,0,0.1875,0.1875,0.1875,0.1875,0.1875,0.1875,,,
14.4423620700836,0,0.1875,0.1875,0.1875,0.1875,0.1875,0.1875,,,
14.4443650245667,0,0.1875,0.1875,0.1875,0.1875,0.1875,0.1875,,,
14.4463660717011,0,0.1875,0.1875,0.1875,0.1875,0.1875,0.1875,,,
14.4483680725098,0,0.1875,0.1875,0.1875,0.1875,0.1875,0.1875,,,
14.4503688812256,0,0.1875,0.1875,0.1875,0.1875,0.1875,0.1875,,,
14.4523720741272,0,0.1875,0.1875,0.1875,0.1875,0.1875,0.1875,,,
14.4543719291687,0,0.1875,0.1875,0.1875,0.1875,0.1875,0.1875,,,
14.4563748836517,0,0.1875,0.1875,0.1875,0.1875,0.1875,0.1875,,,
14.4583749771118,0,0.1875,0.1875,0.1875,0.1875,0.1875,0.1875,,,
14.4603779315948,0,0.1875,0.1875,0.1875,0.1875,0.1875,0.1875,,,
14.4623780250549,0,0.1875,0.1875,0.1875,0.1875,0.1875,0.1875,,,
14.464380979538,0,0.1875,0.1875,0.1875,0.1875,0.1875,0.1875,,,
14.466381072998,0,0.1875,0.1875,0.1875,0.1875,0.1875,0.1875,,,
14.4683840274811,0,0.1875,0.1875,0.1875,0.1875,0.1875,0.1875,,,
14.4703838825226,0,0.1875,0.1875,0.1875,0.1875,0.1875,0.1875,,,
14.4723870754242,0,0.1875,0.1875,0.1875,0.1875,0.1875,0.1875,,,
14.4743900299072,0,0.1875,0.1875,0.1875,0.1875,0.1875,0.1875,,,
14.4763898849487,0,0.1875,0.1875,0.1875,0.1875,0.1875,0.1875,,,
14.4783930778503,0,0.1875,0.1875,0.1875,0.1875,0.1875,0.1875,,,
14.4803929328918,0,0.1875,0.1875,0.1875,0.1875,0.1875,0.1875,,,
14.4823958873749,0,0.1875,0.1875,0.1875,0.1875,0.1875,0.1875,,,
14.484395980835,0,0.1875,0.1875,0.1875,0.1875,0.1875,0.1875,,,
14.486398935318,0,0.1875,0.1875,0.1875,0.1875,0.1875,0.1875,,,
14.4883999824524,0,0.1875,0.1875,0.1875,0.1875,0.1875,0.1875,,,
14.4904019832611,0,0.1875,0.1875,0.1875,0.1875,0.1875,0.1875,,,
14.4924030303955,0,0.1875,0.1875,0.1875,0.1875,0.1875,0.1875,,,
14.4944050312042,0,0.1875,0.1875,0.1875,0.1875,0.1875,0.1875,,,
14.4964079856873,0,0.1875,0.1875,0.1875,0.1875,0.1875,0.1875,,,
14.4984090328217,0,0.1875,0.1875,0.1875,0.1875,0.1875,0.1875,,,
14.5004110336304,0,0.1875,0.1875,0.1875,0.1875,0.1875,0.1875,,,
14.5024120807648,0,0.1875,0.1875,0.1875,0.1875,0.1875,0.1875,,,
14.5044150352478,0,0.1875,0.1875,0.1875,0.1875,0.1875,0.1875,,,
14.5064148902893,0,0.1875,0.1875,0.1875,0.1875,0.1875,0.1875,,,
14.5084180831909,0,0.1875,0.1875,0.1875,0.1875,0.1875,0.1875,,,
14.5104179382324,0,0.1875,0.1875,0.1875,0.1875,0.1875,0.1875,,,
14.5124208927155,0,0.1875,0.1875,0.1875,0.1875,0.1875,0.1875,,,
14.5144209861755,0,0.1875,0.1875,0.1875,0.1875,0.1875,0.1875,,,
14.5164239406586,0,0.1875,0.1875,0.1875,0.1875,0.1875,0.1875,,,
14.5184240341187,0,0.1875,0.1875,0.1875,0.1875,0.1875,0.1875,,,
14.5204269886017,0,0.1875,0.1875,0.1875,0.1875,0.1875,0.1875,,,
14.5224299430847,0,0.1875,0.1875,0.1875,0.1875,0.1875,0.1875,,,
14.5244300365448,0,0.1875,0.1875,0.1875,0.1875,0.1875,0.1875,,,
14.5264329910278,0,0.1875,0.1875,0.1875,0.1875,0.1875,0.1875,,,
14.5284330844879,0,0.1875,0.1875,0.1875,0.1875,0.1875,0.1875,,,
14.5304360389709,0,0.1875,0.1875,0.1875,0.1875,0.1875,0.1875,,,
14.5324358940125,0,0.1875,0.1875,0.1875,0.1875,0.1875,0.1875,,,
14.5344390869141,0,0.1875,0.1875,0.1875,0.1875,0.1875,0.1875,,,
14.5364389419556,0,0.1875,0.1875,0.1875,0.1875,0.1875,0.1875,,,
14.5384418964386,0,0.1875,0.1875,0.1875,0.1875,0.1875,0.1875,,,
14.5404450893402,0,0.1875,0.1875,0.1875,0.1875,0.1875,0.1875,,,
14.5424449443817,0,0.1875,0.1875,0.1875,0.1875,0.1875,0.1875,,,
14.5444478988647,0,0.1875,0.1875,0.1875,0.1875,0.1875,0.1875,,,
14.5464489459991,0,0.1875,0.1875,0.1875,0.1875,0.1875,0.1875,,,
14.5484509468079,0,0.1875,0.1875,0.1875,0.1875,0.1875,0.1875,,,
14.5504519939423,0,0.1875,0.1875,0.1875,0.1875,0.1875,0.1875,,,
14.5524549484253,0,0.1875,0.1875,0.1875,0.1875,0.1875,0.1875,,,
14.5544550418854,0,0.1875,0.1875,0.1875,0.1875,0.1875,0.1875,,,
14.5564579963684,0,0.1875,0.1875,0.1875,0.1875,0.1875,0.1875,,,
14.5584609508514,0,0.1875,0.1875,0.1875,0.1875,0.1875,0.1875,,,
14.5604610443115,0,0.1875,0.1875,0.1875,0.1875,0.1875,0.1875,,,
14.5624639987946,0,0.1875,0.1875,0.1875,0.1875,0.1875,0.1875,,,
14.5644640922546,0,0.1875,0.1875,0.1875,0.1875,0.1875,0.1875,,,
14.5664670467377,0,0.1875,0.1875,0.1875,0.1875,0.1875,0.1875,,,
14.5684700012207,0,0.1875,0.1875,0.1875,0.1875,0.1875,0.1875,,,
14.5704700946808,0,0.1875,0.1875,0.1875,0.1875,0.1875,0.1875,,,
14.5724039077759,0,0.1875,0.1875,0.1875,0.1875,0.1875,0.1875,,,
14.574404001236,0,0.1875,0.1875,0.1875,0.1875,0.1875,0.1875,,,
14.576406955719,0,0.1875,0.1875,0.1875,0.1875,0.1875,0.1875,,,
14.5784070491791,0,0.1875,0.1875,0.1875,0.1875,0.1875,0.1875,,,
14.5804100036621,0,0.1875,0.1875,0.1875,0.1875,0.1875,0.1875,,,
14.5824120044708,0,0.1875,0.1875,0.1875,0.1875,0.1875,0.1875,,,
14.5844130516052,0,0.1875,0.1875,0.1875,0.1875,0.1875,0.1875,,,
14.5864150524139,0,0.1875,0.1875,0.1875,0.1875,0.1875,0.1875,,,
14.5884160995483,0,0.1875,0.1875,0.1875,0.1875,0.1875,0.1875,,,
14.5904190540314,0,0.1875,0.1875,0.1875,0.1875,0.1875,0.1875,,,
14.5924189090729,0,0.1875,0.1875,0.1875,0.1875,0.1875,0.1875,,,
14.5944221019745,0,0.1875,0.1875,0.1875,0.1875,0.1875,0.1875,,,
14.5964250564575,0,0.1875,0.1875,0.1875,0.1875,0.1875,0.1875,,,
14.598424911499,0,0.1875,0.1875,0.1875,0.1875,0.1875,0.1875,,,
14.6004278659821,0,0.1875,0.1875,0.1875,0.1875,0.1875,0.1875,,,
14.6024279594421,0,0.1875,0.1875,0.1875,0.1875,0.1875,0.1875,,,
14.6044309139252,0,0.1875,0.1875,0.1875,0.1875,0.1875,0.1875,,,
14.6064329147339,0,0.1875,0.1875,0.1875,0.1875,0.1875,0.1875,,,
14.6084339618683,0,0.1875,0.1875,0.1875,0.1875,0.1875,0.1875,,,
14.610435962677,0,0.1875,0.1875,0.1875,0.1875,0.1875,0.1875,,,
14.6124370098114,0,0.1875,0.1875,0.1875,0.1875,0.1875,0.1875,,,
14.6144399642944,0,0.1875,0.1875,0.1875,0.1875,0.1875,0.1875,,,
14.6164400577545,0,0.1875,0.1875,0.1875,0.1875,0.1875,0.1875,,,
14.6184430122375,0,0.1875,0.1875,0.1875,0.1875,0.1875,0.1875,,,
14.6204450130463,0,0.1875,0.1875,0.1875,0.1875,0.1875,0.1875,,,
14.6224460601807,0,0.1875,0.1875,0.1875,0.1875,0.1875,0.1875,,,
14.6244480609894,0,0.1875,0.1875,0.1875,0.1875,0.1875,0.1875,,,
14.6264488697052,0,0.1875,0.1875,0.1875,0.1875,0.1875,0.1875,,,
14.6284520626068,0,0.1875,0.1875,0.1875,0.1875,0.1875,0.1875,,,
14.6304540634155,0,0.1875,0.1875,0.1875,0.1875,0.1875,0.1875,,,
14.6324548721313,0,0.1875,0.1875,0.1875,0.1875,0.1875,0.1875,,,
14.634458065033,0,0.1875,0.1875,0.1875,0.1875,0.1875,0.1875,,,
14.6364579200745,0,0.1875,0.1875,0.1875,0.1875,0.1875,0.1875,,,
14.6384608745575,0,0.1875,0.1875,0.1875,0.1875,0.1875,0.1875,,,
14.6404628753662,0,0.1875,0.1875,0.1875,0.1875,0.1875,0.1875,,,
14.6424639225006,0,0.1875,0.1875,0.1875,0.1875,0.1875,0.1875,,,
14.6444659233093,0,0.1875,0.1875,0.1875,0.1875,0.1875,0.1875,,,
14.6464669704437,0,0.1875,0.1875,0.1875,0.1875,0.1875,0.1875,,,
14.6484699249268,0,0.1875,0.1875,0.1875,0.1875,0.1875,0.1875,,,
14.6504700183868,0,0.1875,0.1875,0.1875,0.1875,0.1875,0.1875,,,
14.6524729728699,0,0.1875,0.1875,0.1875,0.1875,0.1875,0.1875,,,
14.6544749736786,0,0.1875,0.1875,0.1875,0.1875,0.1875,0.1875,,,
14.656476020813,0,0.1875,0.1875,0.1875,0.1875,0.1875,0.1875,,,
14.658478975296,0,0.1875,0.1875,0.1875,0.1875,0.1875,0.1875,,,
14.6604790687561,0,0.1875,0.1875,0.1875,0.1875,0.1875,0.1875,,,
14.6624820232391,0,0.1875,0.1875,0.1875,0.1875,0.1875,0.1875,,,
14.6644818782806,0,0.1875,0.1875,0.1875,0.1875,0.1875,0.1875,,,
14.6664850711823,0,0.1875,0.1875,0.1875,0.1875,0.1875,0.1875,,,
14.6684849262238,0,0.1875,0.1875,0.1875,0.1875,0.1875,0.1875,,,
14.6704878807068,0,0.1875,0.1875,0.1875,0.1875,0.1875,0.1875,,,
14.6724910736084,0,0.1875,0.1875,0.1875,0.1875,0.1875,0.1875,,,
14.6744909286499,0,0.1875,0.1875,0.1875,0.1875,0.1875,0.1875,,,
14.6764938831329,0,0.1875,0.1875,0.1875,0.1875,0.1875,0.1875,,,
14.678493976593,0,0.1875,0.1875,0.1875,0.1875,0.1875,0.1875,,,
14.6804969310761,0,0.1875,0.1875,0.1875,0.1875,0.1875,0.1875,,,
14.6824970245361,0,0.1875,0.1875,0.1875,0.1875,0.1875,0.1875,,,
14.6844999790192,0,0.1875,0.1875,0.1875,0.1875,0.1875,0.1875,,,
14.6865010261536,0,0.1875,0.1875,0.1875,0.1875,0.1875,0.1875,,,
14.6885030269623,0,0.1875,0.1875,0.1875,0.1875,0.1875,0.1875,,,
14.6905059814453,0,0.1875,0.1875,0.1875,0.1875,0.1875,0.1875,,,
14.6925060749054,0,0.1875,0.1875,0.1875,0.1875,0.1875,0.1875,,,
14.6945090293884,0,0.1875,0.1875,0.1875,0.1875,0.1875,0.1875,,,
14.6965100765228,0,0.1875,0.1875,0.1875,0.1875,0.1875,0.1875,,,
14.6985130310059,0,0.1875,0.1875,0.1875,0.1875,0.1875,0.1875,,,
14.7005128860474,0,0.1875,0.1875,0.1875,0.1875,0.1875,0.1875,,,
14.7025148868561,0,0.1875,0.1875,0.1875,0.1875,0.1875,0.1875,,,
14.7045159339905,0,0.1875,0.1875,0.1875,0.1875,0.1875,0.1875,,,
14.7065188884735,0,0.1875,0.1875,0.1875,0.1875,0.1875,0.1875,,,
14.7085189819336,0,0.1875,0.1875,0.1875,0.1875,0.1875,0.1875,,,
14.7105219364166,0,0.1875,0.1875,0.1875,0.1875,0.1875,0.1875,,,
14.7125220298767,0,0.1875,0.1875,0.1875,0.1875,0.1875,0.1875,,,
14.7145249843597,0,0.1875,0.1875,0.1875,0.1875,0.1875,0.1875,,,
14.7165260314941,0,0.1875,0.1875,0.1875,0.1875,0.1875,0.1875,,,
14.7185289859772,0,0.1875,0.1875,0.1875,0.1875,0.1875,0.1875,,,
14.7205290794373,0,0.1875,0.1875,0.1875,0.1875,0.1875,0.1875,,,
14.7225320339203,0,0.1875,0.1875,0.1875,0.1875,0.1875,0.1875,,,
14.7245330810547,0,0.1875,0.1875,0.1875,0.1875,0.1875,0.1875,,,
14.7265350818634,0,0.1875,0.1875,0.1875,0.1875,0.1875,0.1875,,,
14.7285358905792,0,0.1875,0.1875,0.1875,0.1875,0.1875,0.1875,,,
14.7305390834808,0,0.1875,0.1875,0.1875,0.1875,0.1875,0.1875,,,
14.7325389385223,0,0.1875,0.1875,0.1875,0.1875,0.1875,0.1875,,,
14.7345418930054,0,0.1875,0.1875,0.1875,0.1875,0.1875,0.1875,,,
14.7365429401398,0,0.1875,0.1875,0.1875,0.1875,0.1875,0.1875,,,
14.7385458946228,0,0.1875,0.1875,0.1875,0.1875,0.1875,0.1875,,,
14.7405459880829,0,0.1875,0.1875,0.1875,0.1875,0.1875,0.1875,,,
14.7425489425659,0,0.1875,0.1875,0.1875,0.1875,0.1875,0.1875,,,
14.7445509433746,0,0.1875,0.1875,0.1875,0.1875,0.1875,0.1875,,,
14.746551990509,0,0.1875,0.1875,0.1875,0.1875,0.1875,0.1875,,,
14.7485520839691,0,0.1875,0.1875,0.1875,0.1875,0.1875,0.1875,,,
14.7505550384521,0,0.1875,0.1875,0.1875,0.1875,0.1875,0.1875,,,
14.7525579929352,0,0.1875,0.1875,0.1875,0.1875,0.1875,0.1875,,,
14.7545580863953,0,0.1875,0.1875,0.1875,0.1875,0.1875,0.1875,,,
14.7565610408783,0,0.1875,0.1875,0.1875,0.1875,0.1875,0.1875,,,
14.7585608959198,0,0.1875,0.1875,0.1875,0.1875,0.1875,0.1875,,,
14.7605640888214,0,0.1875,0.1875,0.1875,0.1875,0.1875,0.1875,,,
14.7625639438629,0,0.1875,0.1875,0.1875,0.1875,0.1875,0.1875,,,
14.7645668983459,0,0.1875,0.1875,0.1875,0.1875,0.1875,0.1875,,,
14.7665688991547,0,0.1875,0.1875,0.1875,0.1875,0.1875,0.1875,,,
14.7685720920563,0,0.1875,0.1875,0.1875,0.1875,0.1875,0.1875,,,
14.7705719470978,0,0.1875,0.1875,0.1875,0.1875,0.1875,0.1875,,,
14.7725749015808,0,0.1875,0.1875,0.1875,0.1875,0.1875,0.1875,,,
14.7745749950409,0,0.1875,0.1875,0.1875,0.1875,0.1875,0.1875,,,
14.7765779495239,0,0.1875,0.1875,0.1875,0.1875,0.1875,0.1875,,,
14.7785799503326,0,0.1875,0.1875,0.1875,0.1875,0.1875,0.1875,,,
14.780580997467,0,0.1875,0.1875,0.1875,0.1875,0.1875,0.1875,,,
14.7825829982758,0,0.1875,0.1875,0.1875,0.1875,0.1875,0.1875,,,
14.7845840454102,0,0.1875,0.1875,0.1875,0.1875,0.1875,0.1875,,,
14.7865860462189,0,0.1875,0.1875,0.1875,0.1875,0.1875,0.1875,,,
14.7885890007019,0,0.1875,0.1875,0.1875,0.1875,0.1875,0.1875,,,
14.790589094162,0,0.1875,0.1875,0.1875,0.1875,0.1875,0.1875,,,
14.7925910949707,0,0.1875,0.1875,0.1875,0.1875,0.1875,0.1875,,,
14.7945940494537,0,0.1875,0.1875,0.1875,0.1875,0.1875,0.1875,,,
14.7965939044952,0,0.1875,0.1875,0.1875,0.1875,0.1875,0.1875,,,
14.7985970973969,0,0.1875,0.1875,0.1875,0.1875,0.1875,0.1875,,,
14.8005969524384,0,0.1875,0.1875,0.1875,0.1875,0.1875,0.1875,,,
14.8025989532471,0,0.1875,0.1875,0.1875,0.1875,0.1875,0.1875,,,
14.8046019077301,0,0.1875,0.1875,0.1875,0.1875,0.1875,0.1875,,,
14.8066020011902,0,0.1875,0.1875,0.1875,0.1875,0.1875,0.1875,,,
14.8086049556732,0,0.1875,0.1875,0.1875,0.1875,0.1875,0.1875,,,
14.8106079101563,0,0.1875,0.1875,0.1875,0.1875,0.1875,0.1875,,,
14.8126080036163,0,0.1875,0.1875,0.1875,0.1875,0.1875,0.1875,,,
14.8146109580994,0,0.1875,0.1875,0.1875,0.1875,0.1875,0.1875,,,
14.8166110515594,0,0.1875,0.1875,0.1875,0.1875,0.1875,0.1875,,,
14.8186130523682,0,0.1875,0.1875,0.1875,0.1875,0.1875,0.1875,,,
14.8206160068512,0,0.1875,0.1875,0.1875,0.1875,0.1875,0.1875,,,
14.8226161003113,0,0.1875,0.1875,0.1875,0.1875,0.1875,0.1875,,,
14.8246190547943,0,0.1875,0.1875,0.1875,0.1875,0.1875,0.1875,,,
14.826621055603,0,0.1875,0.1875,0.1875,0.1875,0.1875,0.1875,,,
14.8286221027374,0,0.1875,0.1875,0.1875,0.1875,0.1875,0.1875,,,
14.8306250572205,0,0.1875,0.1875,0.1875,0.1875,0.1875,0.1875,,,
14.832624912262,0,0.1875,0.1875,0.1875,0.1875,0.1875,0.1875,,,
14.834627866745,0,0.1875,0.1875,0.1875,0.1875,0.1875,0.1875,,,
14.8366279602051,0,0.1875,0.1875,0.1875,0.1875,0.1875,0.1875,,,
14.8386299610138,0,0.1875,0.1875,0.1875,0.1875,0.1875,0.1875,,,
14.8406329154968,0,0.1875,0.1875,0.1875,0.1875,0.1875,0.1875,,,
14.8426330089569,0,0.1875,0.1875,0.1875,0.1875,0.1875,0.1875,,,
14.8446359634399,0,0.1875,0.1875,0.1875,0.1875,0.1875,0.1875,,,
14.8466379642487,0,0.1875,0.1875,0.1875,0.1875,0.1875,0.1875,,,
14.8486390113831,0,0.1875,0.1875,0.1875,0.1875,0.1875,0.1875,,,
14.8506410121918,0,0.1875,0.1875,0.1875,0.1875,0.1875,0.1875,,,
14.8526439666748,0,0.1875,0.1875,0.1875,0.1875,0.1875,0.1875,,,
14.8546440601349,0,0.1875,0.1875,0.1875,0.1875,0.1875,0.1875,,,
14.8566520214081,0,0.1875,0.1875,0.1875,0.1875,0.1875,0.1875,,,
14.8586518764496,0,0.1875,0.1875,0.1875,0.1875,0.1875,0.1875,,,
14.8606550693512,0,0.1875,0.1875,0.1875,0.1875,0.1875,0.1875,,,
14.8626549243927,0,0.1875,0.1875,0.1875,0.1875,0.1875,0.1875,,,
14.8646559715271,0,0.1875,0.1875,0.1875,0.1875,0.1875,0.1875,,,
14.8666560649872,0,0.1875,0.1875,0.1875,0.1875,0.1875,0.1875,,,
14.8686559200287,0,0.1875,0.1875,0.1875,0.1875,0.1875,0.1875,,,
14.8706569671631,0,0.1875,0.1875,0.1875,0.1875,0.1875,0.1875,,,
14.8726589679718,0,0.1875,0.1875,0.1875,0.1875,0.1875,0.1875,,,
14.8746600151062,0,0.1875,0.1875,0.1875,0.1875,0.1875,0.1875,,,
14.8766620159149,0,0.1875,0.1875,0.1875,0.1875,0.1875,0.1875,,,
14.8786649703979,0,0.1875,0.1875,0.1875,0.1875,0.1875,0.1875,,,
14.880665063858,0,0.1875,0.1875,0.1875,0.1875,0.1875,0.1875,,,
14.8826680183411,0,0.1875,0.1875,0.1875,0.1875,0.1875,0.1875,,,
14.8846690654755,0,0.1875,0.1875,0.1875,0.1875,0.1875,0.1875,,,
14.8866710662842,0,0.1875,0.1875,0.1875,0.1875,0.1875,0.1875,,,
14.888671875,0,0.1875,0.1875,0.1875,0.1875,0.1875,0.1875,,,
14.8906750679016,0,0.1875,0.1875,0.1875,0.1875,0.1875,0.1875,,,
14.8926749229431,0,0.1875,0.1875,0.1875,0.1875,0.1875,0.1875,,,
14.8946778774261,0,0.1875,0.1875,0.1875,0.1875,0.1875,0.1875,,,
14.8966779708862,0,0.1875,0.1875,0.1875,0.1875,0.1875,0.1875,,,
14.8986809253693,0,0.1875,0.1875,0.1875,0.1875,0.1875,0.1875,,,
14.900682926178,0,0.1875,0.1875,0.1875,0.1875,0.1875,0.1875,,,
14.9026839733124,0,0.1875,0.1875,0.1875,0.1875,0.1875,0.1875,,,
14.9046869277954,0,0.1875,0.1875,0.1875,0.1875,0.1875,0.1875,,,
14.9066870212555,0,0.1875,0.1875,0.1875,0.1875,0.1875,0.1875,,,
14.9086899757385,0,0.1875,0.1875,0.1875,0.1875,0.1875,0.1875,,,
14.9106900691986,0,0.1875,0.1875,0.1875,0.1875,0.1875,0.1875,,,
14.9126930236816,0,0.1875,0.1875,0.1875,0.1875,0.1875,0.1875,,,
14.9146928787231,0,0.1875,0.1875,0.1875,0.1875,0.1875,0.1875,,,
14.9166960716248,0,0.1875,0.1875,0.1875,0.1875,0.1875,0.1875,,,
14.9186990261078,0,0.1875,0.1875,0.1875,0.1875,0.1875,0.1875,,,
14.9206988811493,0,0.1875,0.1875,0.1875,0.1875,0.1875,0.1875,,,
14.9227020740509,0,0.1875,0.1875,0.1875,0.1875,0.1875,0.1875,,,
14.9247019290924,0,0.1875,0.1875,0.1875,0.1875,0.1875,0.1875,,,
14.9267048835754,0,0.1875,0.1875,0.1875,0.1875,0.1875,0.1875,,,
14.9287049770355,0,0.1875,0.1875,0.1875,0.1875,0.1875,0.1875,,,
14.9307079315186,0,0.1875,0.1875,0.1875,0.1875,0.1875,0.1875,,,
14.9327080249786,0,0.1875,0.1875,0.1875,0.1875,0.1875,0.1875,,,
14.9347109794617,0,0.1875,0.1875,0.1875,0.1875,0.1875,0.1875,,,
14.9367139339447,0,0.1875,0.1875,0.1875,0.1875,0.1875,0.1875,,,
14.9387140274048,0,0.1875,0.1875,0.1875,0.1875,0.1875,0.1875,,,
14.9407169818878,0,0.1875,0.1875,0.1875,0.1875,0.1875,0.1875,,,
14.9427180290222,0,0.1875,0.1875,0.1875,0.1875,0.1875,0.1875,,,
14.9447200298309,0,0.1875,0.1875,0.1875,0.1875,0.1875,0.1875,,,
14.9467210769653,0,0.1875,0.1875,0.1875,0.1875,0.1875,0.1875,,,
14.948723077774,0,0.1875,0.1875,0.1875,0.1875,0.1875,0.1875,,,
14.9507260322571,0,0.1875,0.1875,0.1875,0.1875,0.1875,0.1875,,,
14.9527270793915,0,0.1875,0.1875,0.1875,0.1875,0.1875,0.1875,,,
14.9547290802002,0,0.1875,0.1875,0.1875,0.1875,0.1875,0.1875,,,
14.956729888916,0,0.1875,0.1875,0.1875,0.1875,0.1875,0.1875,,,
14.9587330818176,0,0.1875,0.1875,0.1875,0.1875,0.1875,0.1875,,,
14.9607329368591,0,0.1875,0.1875,0.1875,0.1875,0.1875,0.1875,,,
14.9627358913422,0,0.1875,0.1875,0.1875,0.1875,0.1875,0.1875,,,
14.9647359848022,0,0.1875,0.1875,0.1875,0.1875,0.1875,0.1875,,,
14.9667389392853,0,0.1875,0.1875,0.1875,0.1875,0.1875,0.1875,,,
14.9687390327454,0,0.1875,0.1875,0.1875,0.1875,0.1875,0.1875,,,
14.9707419872284,0,0.1875,0.1875,0.1875,0.1875,0.1875,0.1875,,,
14.9727449417114,0,0.1875,0.1875,0.1875,0.1875,0.1875,0.1875,,,
14.9747450351715,0,0.1875,0.1875,0.1875,0.1875,0.1875,0.1875,,,
14.9767479896545,0,0.1875,0.1875,0.1875,0.1875,0.1875,0.1875,,,
14.9787480831146,0,0.1875,0.1875,0.1875,0.1875,0.1875,0.1875,,,
14.9807510375977,0,0.1875,0.1875,0.1875,0.1875,0.1875,0.1875,,,
14.9827508926392,0,0.1875,0.1875,0.1875,0.1875,0.1875,0.1875,,,
14.9847540855408,0,0.1875,0.1875,0.1875,0.1875,0.1875,0.1875,,,
14.9867539405823,0,0.1875,0.1875,0.1875,0.1875,0.1875,0.1875,,,
14.9887568950653,0,0.1875,0.1875,0.1875,0.1875,0.1875,0.1875,,,
14.9907600879669,0,0.1875,0.1875,0.1875,0.1875,0.1875,0.1875,,,
14.9927599430084,0,0.1875,0.1875,0.1875,0.1875,0.1875,0.1875,,,
14.9947628974915,0,0.1875,0.1875,0.1875,0.1875,0.1875,0.1875,,,
14.9967629909515,0,0.1875,0.1875,0.1875,0.1875,0.1875,0.1875,,,
14.9987659454346,0,0.1875,0.1875,0.1875,0.1875,0.1875,0.1875,,,
15.0007660388947,0,0.1875,0.1875,0.1875,0.1875,0.1875,0.1875,,,
15.0027689933777,0,0.1875,0.1875,0.1875,0.1875,0.1875,0.1875,,,
15.0047690868378,0,0.1875,0.1875,0.1875,0.1875,0.1875,0.1875,,,
15.0067720413208,0,0.1875,0.1875,0.1875,0.1875,0.1875,0.1875,,,
15.0087718963623,0,0.1875,0.1875,0.1875,0.1875,0.1875,0.1875,,,
15.0107750892639,0,0.1875,0.1875,0.1875,0.1875,0.1875,0.1875,,,
15.0127780437469,0,0.1875,0.1875,0.1875,0.1875,0.1875,0.1875,,,
15.0147778987885,0,0.1875,0.1875,0.1875,0.1875,0.1875,0.1875,,,
15.0167810916901,0,0.1875,0.1875,0.1875,0.1875,0.1875,0.1875,,,
15.0187809467316,0,0.1875,0.1875,0.1875,0.1875,0.1875,0.1875,,,
15.0207839012146,0,0.1875,0.1875,0.1875,0.1875,0.1875,0.1875,,,
15.022784948349,0,0.1875,0.1875,0.1875,0.1875,0.1875,0.1875,,,
15.0247869491577,0,0.1875,0.1875,0.1875,0.1875,0.1875,0.1875,,,
15.0267879962921,0,0.1875,0.1875,0.1875,0.1875,0.1875,0.1875,,,
15.0287899971008,0,0.1875,0.1875,0.1875,0.1875,0.1875,0.1875,,,
15.0307929515839,0,0.1875,0.1875,0.1875,0.1875,0.1875,0.1875,,,
15.0327939987183,0,0.1875,0.1875,0.1875,0.1875,0.1875,0.1875,,,
15.034795999527,0,0.1875,0.1875,0.1875,0.1875,0.1875,0.1875,,,
15.0367970466614,0,0.1875,0.1875,0.1875,0.1875,0.1875,0.1875,,,
15.0388000011444,0,0.1875,0.1875,0.1875,0.1875,0.1875,0.1875,,,
15.0408000946045,0,0.1875,0.1875,0.1875,0.1875,0.1875,0.1875,,,
15.0428030490875,0,0.1875,0.1875,0.1875,0.1875,0.1875,0.1875,,,
15.044802904129,0,0.1875,0.1875,0.1875,0.1875,0.1875,0.1875,,,
15.0468060970306,0,0.1875,0.1875,0.1875,0.1875,0.1875,0.1875,,,
15.0488080978394,0,0.1875,0.1875,0.1875,0.1875,0.1875,0.1875,,,
15.0508089065552,0,0.1875,0.1875,0.1875,0.1875,0.1875,0.1875,,,
15.0528120994568,0,0.1875,0.1875,0.1875,0.1875,0.1875,0.1875,,,
15.0548119544983,0,0.1875,0.1875,0.1875,0.1875,0.1875,0.1875,,,
15.0568149089813,0,0.1875,0.1875,0.1875,0.1875,0.1875,0.1875,,,
15.0588150024414,0,0.1875,0.1875,0.1875,0.1875,0.1875,0.1875,,,
15.0608179569244,0,0.1875,0.1875,0.1875,0.1875,0.1875,0.1875,,,
15.0628180503845,0,0.1875,0.1875,0.1875,0.1875,0.1875,0.1875,,,
15.0648210048676,0,0.1875,0.1875,0.1875,0.1875,0.1875,0.1875,,,
15.0668239593506,0,0.1875,0.1875,0.1875,0.1875,0.1875,0.1875,,,
15.0688240528107,0,0.1875,0.1875,0.1875,0.1875,0.1875,0.1875,,,
15.0708270072937,0,0.1875,0.1875,0.1875,0.1875,0.1875,0.1875,,,
15.072851896286,0,0.1875,0.1875,0.1875,0.1875,0.1875,0.1875,,,
15.0748550891876,0,0.1875,0.1875,0.1875,0.1875,0.1875,0.1875,,,
15.0768549442291,0,0.1875,0.1875,0.1875,0.1875,0.1875,0.1875,,,
15.0788578987122,0,0.1875,0.1875,0.1875,0.1875,0.1875,0.1875,,,
15.0808610916138,0,0.1875,0.1875,0.1875,0.1875,0.1875,0.1875,,,
15.0828609466553,0,0.1875,0.1875,0.1875,0.1875,0.1875,0.1875,,,
15.0848639011383,0,0.1875,0.1875,0.1875,0.1875,0.1875,0.1875,,,
15.0868639945984,0,0.1875,0.1875,0.1875,0.1875,0.1875,0.1875,,,
15.0888669490814,0,0.1875,0.1875,0.1875,0.1875,0.1875,0.1875,,,
15.0908670425415,0,0.1875,0.1875,0.1875,0.1875,0.1875,0.1875,,,
15.0928699970245,0,0.1875,0.1875,0.1875,0.1875,0.1875,0.1875,,,
15.0948710441589,0,0.1875,0.1875,0.1875,0.1875,0.1875,0.1875,,,
15.0968730449677,0,0.1875,0.1875,0.1875,0.1875,0.1875,0.1875,,,
15.0988759994507,0,0.1875,0.1875,0.1875,0.1875,0.1875,0.1875,,,
15.1008770465851,0,0.1875,0.1875,0.1875,0.1875,0.1875,0.1875,,,
15.1028790473938,0,0.1875,0.1875,0.1875,0.1875,0.1875,0.1875,,,
15.1048800945282,0,0.1875,0.1875,0.1875,0.1875,0.1875,0.1875,,,
15.1068830490112,0,0.1875,0.1875,0.1875,0.1875,0.1875,0.1875,,,
15.1088829040527,0,0.1875,0.1875,0.1875,0.1875,0.1875,0.1875,,,
15.1108860969543,0,0.1875,0.1875,0.1875,0.1875,0.1875,0.1875,,,
15.1128859519959,0,0.1875,0.1875,0.1875,0.1875,0.1875,0.1875,,,
15.1148889064789,0,0.1875,0.1875,0.1875,0.1875,0.1875,0.1875,,,
15.1168920993805,0,0.1875,0.1875,0.1875,0.1875,0.1875,0.1875,,,
15.118891954422,0,0.1875,0.1875,0.1875,0.1875,0.1875,0.1875,,,
15.120894908905,0,0.1875,0.1875,0.1875,0.1875,0.1875,0.1875,,,
15.1228950023651,0,0.1875,0.1875,0.1875,0.1875,0.1875,0.1875,,,
15.1248979568481,0,0.1875,0.1875,0.1875,0.1875,0.1875,0.1875,,,
15.1268980503082,0,0.1875,0.1875,0.1875,0.1875,0.1875,0.1875,,,
15.1289010047913,0,0.1875,0.1875,0.1875,0.1875,0.1875,0.1875,,,
15.1309010982513,0,0.1875,0.1875,0.1875,0.1875,0.1875,0.1875,,,
15.1329040527344,0,0.1875,0.1875,0.1875,0.1875,0.1875,0.1875,,,
15.1349050998688,0,0.1875,0.1875,0.1875,0.1875,0.1875,0.1875,,,
15.1369071006775,0,0.1875,0.1875,0.1875,0.1875,0.1875,0.1875,,,
15.1389100551605,0,0.1875,0.1875,0.1875,0.1875,0.1875,0.1875,,,
15.1409111022949,0,0.1875,0.1875,0.1875,0.1875,0.1875,0.1875,,,
15.1429131031036,0,0.1875,0.1875,0.1875,0.1875,0.1875,0.1875,,,
15.1449139118195,0,0.1875,0.1875,0.1875,0.1875,0.1875,0.1875,,,
15.1469159126282,0,0.1875,0.1875,0.1875,0.1875,0.1875,0.1875,,,
15.1489169597626,0,0.1875,0.1875,0.1875,0.1875,0.1875,0.1875,,,
15.1509199142456,0,0.1875,0.1875,0.1875,0.1875,0.1875,0.1875,,,
15.1529200077057,0,0.1875,0.1875,0.1875,0.1875,0.1875,0.1875,,,
15.1549229621887,0,0.1875,0.1875,0.1875,0.1875,0.1875,0.1875,,,
15.1569259166718,0,0.1875,0.1875,0.1875,0.1875,0.1875,0.1875,,,
15.1589260101318,0,0.1875,0.1875,0.1875,0.1875,0.1875,0.1875,,,
15.1609289646149,0,0.1875,0.1875,0.1875,0.1875,0.1875,0.1875,,,
15.162929058075,0,0.1875,0.1875,0.1875,0.1875,0.1875,0.1875,,,
15.164932012558,0,0.1875,0.1875,0.1875,0.1875,0.1875,0.1875,,,
15.1669318675995,0,0.1875,0.1875,0.1875,0.1875,0.1875,0.1875,,,
15.1689350605011,0,0.1875,0.1875,0.1875,0.1875,0.1875,0.1875,,,
15.1709349155426,0,0.1875,0.1875,0.1875,0.1875,0.1875,0.1875,,,
15.1729378700256,0,0.1875,0.1875,0.1875,0.1875,0.1875,0.1875,,,
15.1749410629272,0,0.1875,0.1875,0.1875,0.1875,0.1875,0.1875,,,
15.1769409179688,0,0.1875,0.1875,0.1875,0.1875,0.1875,0.1875,,,
15.1789438724518,0,0.1875,0.1875,0.1875,0.1875,0.1875,0.1875,,,
15.1809439659119,0,0.1875,0.1875,0.1875,0.1875,0.1875,0.1875,,,
15.1829469203949,0,0.1875,0.1875,0.1875,0.1875,0.1875,0.1875,,,
15.184947013855,0,0.1875,0.1875,0.1875,0.1875,0.1875,0.1875,,,
15.186949968338,0,0.1875,0.1875,0.1875,0.1875,0.1875,0.1875,,,
15.188952922821,0,0.1875,0.1875,0.1875,0.1875,0.1875,0.1875,,,
15.1909530162811,0,0.1875,0.1875,0.1875,0.1875,0.1875,0.1875,,,
15.1929559707642,0,0.1875,0.1875,0.1875,0.1875,0.1875,0.1875,,,
15.1949560642242,0,0.1875,0.1875,0.1875,0.1875,0.1875,0.1875,,,
15.1969590187073,0,0.1875,0.1875,0.1875,0.1875,0.1875,0.1875,,,
15.1989619731903,0,0.1875,0.1875,0.1875,0.1875,0.1875,0.1875,,,
15.2009620666504,0,0.1875,0.1875,0.1875,0.1875,0.1875,0.1875,,,
15.2029650211334,0,0.1875,0.1875,0.1875,0.1875,0.1875,0.1875,,,
15.2049648761749,0,0.1875,0.1875,0.1875,0.1875,0.1875,0.1875,,,
15.2069680690765,0,0.1875,0.1875,0.1875,0.1875,0.1875,0.1875,,,
15.2089688777924,0,0.1875,0.1875,0.1875,0.1875,0.1875,0.1875,,,
15.2109708786011,0,0.1875,0.1875,0.1875,0.1875,0.1875,0.1875,,,
15.2129719257355,0,0.1875,0.1875,0.1875,0.1875,0.1875,0.1875,,,
15.2149748802185,0,0.1875,0.1875,0.1875,0.1875,0.1875,0.1875,,,
15.2169768810272,0,0.1875,0.1875,0.1875,0.1875,0.1875,0.1875,,,
15.2189779281616,0,0.1875,0.1875,0.1875,0.1875,0.1875,0.1875,,,
15.2209808826447,0,0.1875,0.1875,0.1875,0.1875,0.1875,0.1875,,,
15.2229809761047,0,0.1875,0.1875,0.1875,0.1875,0.1875,0.1875,,,
15.2249839305878,0,0.1875,0.1875,0.1875,0.1875,0.1875,0.1875,,,
15.2269840240479,0,0.1875,0.1875,0.1875,0.1875,0.1875,0.1875,,,
15.2289869785309,0,0.1875,0.1875,0.1875,0.1875,0.1875,0.1875,,,
15.230987071991,0,0.1875,0.1875,0.1875,0.1875,0.1875,0.1875,,,
15.232990026474,0,0.1875,0.1875,0.1875,0.1875,0.1875,0.1875,,,
15.234992980957,0,0.1875,0.1875,0.1875,0.1875,0.1875,0.1875,,,
15.2369930744171,0,0.1875,0.1875,0.1875,0.1875,0.1875,0.1875,,,
15.2389960289001,0,0.1875,0.1875,0.1875,0.1875,0.1875,0.1875,,,
15.2409958839417,0,0.1875,0.1875,0.1875,0.1875,0.1875,0.1875,,,
15.2429990768433,0,0.1875,0.1875,0.1875,0.1875,0.1875,0.1875,,,
15.245001077652,0,0.1875,0.1875,0.1875,0.1875,0.1875,0.1875,,,
15.2470018863678,0,0.1875,0.1875,0.1875,0.1875,0.1875,0.1875,,,
15.2490050792694,0,0.1875,0.1875,0.1875,0.1875,0.1875,0.1875,,,
15.2510049343109,0,0.1875,0.1875,0.1875,0.1875,0.1875,0.1875,,,
15.2530078887939,0,0.1875,0.1875,0.1875,0.1875,0.1875,0.1875,,,
15.255007982254,0,0.1875,0.1875,0.1875,0.1875,0.1875,0.1875,,,
15.2570109367371,0,0.1875,0.1875,0.1875,0.1875,0.1875,0.1875,,,
15.2590129375458,0,0.1875,0.1875,0.1875,0.1875,0.1875,0.1875,,,
15.2610139846802,0,0.1875,0.1875,0.1875,0.1875,0.1875,0.1875,,,
15.2630169391632,0,0.1875,0.1875,0.1875,0.1875,0.1875,0.1875,,,
15.2650170326233,0,0.1875,0.1875,0.1875,0.1875,0.1875,0.1875,,,
15.2670199871063,0,0.1875,0.1875,0.1875,0.1875,0.1875,0.1875,,,
15.2690200805664,0,0.1875,0.1875,0.1875,0.1875,0.1875,0.1875,,,
15.2710230350494,0,0.1875,0.1875,0.1875,0.1875,0.1875,0.1875,,,
15.2730228900909,0,0.1875,0.1875,0.1875,0.1875,0.1875,0.1875,,,
15.2750260829926,0,0.1875,0.1875,0.1875,0.1875,0.1875,0.1875,,,
15.2770290374756,0,0.1875,0.1875,0.1875,0.1875,0.1875,0.1875,,,
15.2790288925171,0,0.1875,0.1875,0.1875,0.1875,0.1875,0.1875,,,
15.2810320854187,0,0.1875,0.1875,0.1875,0.1875,0.1875,0.1875,,,
15.2830319404602,0,0.1875,0.1875,0.1875,0.1875,0.1875,0.1875,,,
15.2850348949432,0,0.1875,0.1875,0.1875,0.1875,0.1875,0.1875,,,
15.2870349884033,0,0.1875,0.1875,0.1875,0.1875,0.1875,0.1875,,,
15.2890379428864,0,0.1875,0.1875,0.1875,0.1875,0.1875,0.1875,,,
15.2910389900208,0,0.1875,0.1875,0.1875,0.1875,0.1875,0.1875,,,
15.2930409908295,0,0.1875,0.1875,0.1875,0.1875,0.1875,0.1875,,,
15.2950439453125,0,0.1875,0.1875,0.1875,0.1875,0.1875,0.1875,,,
15.2970449924469,0,0.1875,0.1875,0.1875,0.1875,0.1875,0.1875,,,
15.2990469932556,0,0.1875,0.1875,0.1875,0.1875,0.1875,0.1875,,,
15.30104804039,0,0.1875,0.1875,0.1875,0.1875,0.1875,0.1875,,,
15.3030500411987,0,0.1875,0.1875,0.1875,0.1875,0.1875,0.1875,,,
15.3050510883331,0,0.1875,0.1875,0.1875,0.1875,0.1875,0.1875,,,
15.3070540428162,0,0.1875,0.1875,0.1875,0.1875,0.1875,0.1875,,,
15.3090560436249,0,0.1875,0.1875,0.1875,0.1875,0.1875,0.1875,,,
15.3110570907593,0,0.1875,0.1875,0.1875,0.1875,0.1875,0.1875,,,
15.3130600452423,0,0.1875,0.1875,0.1875,0.1875,0.1875,0.1875,,,
15.3150599002838,0,0.1875,0.1875,0.1875,0.1875,0.1875,0.1875,,,
15.3170630931854,0,0.1875,0.1875,0.1875,0.1875,0.1875,0.1875,,,
15.3190629482269,0,0.1875,0.1875,0.1875,0.1875,0.1875,0.1875,,,
15.32106590271,0,0.1875,0.1875,0.1875,0.1875,0.1875,0.1875,,,
15.32306599617,0,0.1875,0.1875,0.1875,0.1875,0.1875,0.1875,,,
15.3250689506531,0,0.1875,0.1875,0.1875,0.1875,0.1875,0.1875,,,
15.3270719051361,0,0.1875,0.1875,0.1875,0.1875,0.1875,0.1875,,,
15.3290719985962,0,0.1875,0.1875,0.1875,0.1875,0.1875,0.1875,,,
15.3310749530792,0,0.1875,0.1875,0.1875,0.1875,0.1875,0.1875,,,
15.3330750465393,0,0.1875,0.1875,0.1875,0.1875,0.1875,0.1875,,,
15.3350780010223,0,0.1875,0.1875,0.1875,0.1875,0.1875,0.1875,,,
15.3370780944824,0,0.1875,0.1875,0.1875,0.1875,0.1875,0.1875,,,
15.3390810489655,0,0.1875,0.1875,0.1875,0.1875,0.1875,0.1875,,,
15.3410840034485,0,0.1875,0.1875,0.1875,0.1875,0.1875,0.1875,,,
15.3430840969086,0,0.1875,0.1875,0.1875,0.1875,0.1875,0.1875,,,
15.3450870513916,0,0.1875,0.1875,0.1875,0.1875,0.1875,0.1875,,,
15.3470869064331,0,0.1875,0.1875,0.1875,0.1875,0.1875,0.1875,,,
15.3490900993347,0,0.1875,0.1875,0.1875,0.1875,0.1875,0.1875,,,
15.3510899543762,0,0.1875,0.1875,0.1875,0.1875,0.1875,0.1875,,,
15.3530929088593,0,0.1875,0.1875,0.1875,0.1875,0.1875,0.1875,,,
15.3550939559937,0,0.1875,0.1875,0.1875,0.1875,0.1875,0.1875,,,
15.3570959568024,0,0.1875,0.1875,0.1875,0.1875,0.1875,0.1875,,,
15.3590970039368,0,0.1875,0.1875,0.1875,0.1875,0.1875,0.1875,,,
15.3610999584198,0,0.1875,0.1875,0.1875,0.1875,0.1875,0.1875,,,
15.3631019592285,0,0.1875,0.1875,0.1875,0.1875,0.1875,0.1875,,,
15.3651030063629,0,0.1875,0.1875,0.1875,0.1875,0.1875,0.1875,,,
15.3671059608459,0,0.1875,0.1875,0.1875,0.1875,0.1875,0.1875,,,
15.369106054306,0,0.1875,0.1875,0.1875,0.1875,0.1875,0.1875,,,
15.3711090087891,0,0.1875,0.1875,0.1875,0.1875,0.1875,0.1875,,,
15.3731091022491,0,0.1875,0.1875,0.1875,0.1875,0.1875,0.1875,,,
15.3751120567322,0,0.1875,0.1875,0.1875,0.1875,0.1875,0.1875,,,
15.3771119117737,0,0.1875,0.1875,0.1875,0.1875,0.1875,0.1875,,,
15.3791148662567,0,0.1875,0.1875,0.1875,0.1875,0.1875,0.1875,,,
15.3811149597168,0,0.1875,0.1875,0.1875,0.1875,0.1875,0.1875,,,
15.3831179141998,0,0.1875,0.1875,0.1875,0.1875,0.1875,0.1875,,,
15.3851208686829,0,0.1875,0.1875,0.1875,0.1875,0.1875,0.1875,,,
15.3871209621429,0,0.1875,0.1875,0.1875,0.1875,0.1875,0.1875,,,
15.389123916626,0,0.1875,0.1875,0.1875,0.1875,0.1875,0.1875,,,
15.3911240100861,0,0.1875,0.1875,0.1875,0.1875,0.1875,0.1875,,,
15.3931269645691,0,0.1875,0.1875,0.1875,0.1875,0.1875,0.1875,,,
15.3951270580292,0,0.1875,0.1875,0.1875,0.1875,0.1875,0.1875,,,
15.3971300125122,0,0.1875,0.1875,0.1875,0.1875,0.1875,0.1875,,,
15.3991298675537,0,0.1875,0.1875,0.1875,0.1875,0.1875,0.1875,,,
15.4011330604553,0,0.1875,0.1875,0.1875,0.1875,0.1875,0.1875,,,
15.4031360149384,0,0.1875,0.1875,0.1875,0.1875,0.1875,0.1875,,,
15.4051358699799,0,0.1875,0.1875,0.1875,0.1875,0.1875,0.1875,,,
15.4071390628815,0,0.1875,0.1875,0.1875,0.1875,0.1875,0.1875,,,
15.409138917923,0,0.1875,0.1875,0.1875,0.1875,0.1875,0.1875,,,
15.411141872406,0,0.1875,0.1875,0.1875,0.1875,0.1875,0.1875,,,
15.4131419658661,0,0.1875,0.1875,0.1875,0.1875,0.1875,0.1875,,,
15.4151449203491,0,0.1875,0.1875,0.1875,0.1875,0.1875,0.1875,,,
15.4171459674835,0,0.1875,0.1875,0.1875,0.1875,0.1875,0.1875,,,
15.4191479682922,0,0.1875,0.1875,0.1875,0.1875,0.1875,0.1875,,,
15.4211509227753,0,0.1875,0.1875,0.1875,0.1875,0.1875,0.1875,,,
15.4231519699097,0,0.1875,0.1875,0.1875,0.1875,0.1875,0.1875,,,
15.4251539707184,0,0.1875,0.1875,0.1875,0.1875,0.1875,0.1875,,,
15.4271550178528,0,0.1875,0.1875,0.1875,0.1875,0.1875,0.1875,,,
15.4291570186615,0,0.1875,0.1875,0.1875,0.1875,0.1875,0.1875,,,
15.4311580657959,0,0.1875,0.1875,0.1875,0.1875,0.1875,0.1875,,,
15.4331600666046,0,0.1875,0.1875,0.1875,0.1875,0.1875,0.1875,,,
15.4351608753204,0,0.1875,0.1875,0.1875,0.1875,0.1875,0.1875,,,
15.4371628761292,0,0.1875,0.1875,0.1875,0.1875,0.1875,0.1875,,,
15.4391639232636,0,0.1875,0.1875,0.1875,0.1875,0.1875,0.1875,,,
15.4411668777466,0,0.1875,0.1875,0.1875,0.1875,0.1875,0.1875,,,
15.4431669712067,0,0.1875,0.1875,0.1875,0.1875,0.1875,0.1875,,,
15.4451699256897,0,0.1875,0.1875,0.1875,0.1875,0.1875,0.1875,,,
15.4471719264984,0,0.1875,0.1875,0.1875,0.1875,0.1875,0.1875,,,
15.4491729736328,0,0.1875,0.1875,0.1875,0.1875,0.1875,0.1875,,,
15.4511759281158,0,0.1875,0.1875,0.1875,0.1875,0.1875,0.1875,,,
15.4531760215759,0,0.1875,0.1875,0.1875,0.1875,0.1875,0.1875,,,
15.455178976059,0,0.1875,0.1875,0.1875,0.1875,0.1875,0.1875,,,
15.457179069519,0,0.1875,0.1875,0.1875,0.1875,0.1875,0.1875,,,
15.4591820240021,0,0.1875,0.1875,0.1875,0.1875,0.1875,0.1875,,,
15.4611818790436,0,0.1875,0.1875,0.1875,0.1875,0.1875,0.1875,,,
15.4631850719452,0,0.1875,0.1875,0.1875,0.1875,0.1875,0.1875,,,
15.4651880264282,0,0.1875,0.1875,0.1875,0.1875,0.1875,0.1875,,,
15.4671878814697,0,0.1875,0.1875,0.1875,0.1875,0.1875,0.1875,,,
15.4691910743713,0,0.1875,0.1875,0.1875,0.1875,0.1875,0.1875,,,
15.4711909294128,0,0.1875,0.1875,0.1875,0.1875,0.1875,0.1875,,,
15.4731938838959,0,0.1875,0.1875,0.1875,0.1875,0.1875,0.1875,,,
15.4751958847046,0,0.1875,0.1875,0.1875,0.1875,0.1875,0.1875,,,
15.477196931839,0,0.1875,0.1875,0.1875,0.1875,0.1875,0.1875,,,
15.479199886322,0,0.1875,0.1875,0.1875,0.1875,0.1875,0.1875,,,
15.4811999797821,0,0.1875,0.1875,0.1875,0.1875,0.1875,0.1875,,,
15.4832029342651,0,0.1875,0.1875,0.1875,0.1875,0.1875,0.1875,,,
15.4852030277252,0,0.1875,0.1875,0.1875,0.1875,0.1875,0.1875,,,
15.4872059822083,0,0.1875,0.1875,0.1875,0.1875,0.1875,0.1875,,,
15.4892060756683,0,0.1875,0.1875,0.1875,0.1875,0.1875,0.1875,,,
15.4912090301514,0,0.1875,0.1875,0.1875,0.1875,0.1875,0.1875,,,
15.4932119846344,0,0.1875,0.1875,0.1875,0.1875,0.1875,0.1875,,,
15.4952120780945,0,0.1875,0.1875,0.1875,0.1875,0.1875,0.1875,,,
15.4972150325775,0,0.1875,0.1875,0.1875,0.1875,0.1875,0.1875,,,
15.499214887619,0,0.1875,0.1875,0.1875,0.1875,0.1875,0.1875,,,
15.5012180805206,0,0.1875,0.1875,0.1875,0.1875,0.1875,0.1875,,,
15.5032179355621,0,0.1875,0.1875,0.1875,0.1875,0.1875,0.1875,,,
15.5052208900452,0,0.1875,0.1875,0.1875,0.1875,0.1875,0.1875,,,
15.5072240829468,0,0.1875,0.1875,0.1875,0.1875,0.1875,0.1875,,,
15.5092239379883,0,0.1875,0.1875,0.1875,0.1875,0.1875,0.1875,,,
15.5112268924713,0,0.1875,0.1875,0.1875,0.1875,0.1875,0.1875,,,
15.5132269859314,0,0.1875,0.1875,0.1875,0.1875,0.1875,0.1875,,,
15.5152299404144,0,0.1875,0.1875,0.1875,0.1875,0.1875,0.1875,,,
15.5172300338745,0,0.1875,0.1875,0.1875,0.1875,0.1875,0.1875,,,
15.5192329883575,0,0.1875,0.1875,0.1875,0.1875,0.1875,0.1875,,,
15.5212330818176,0,0.1875,0.1875,0.1875,0.1875,0.1875,0.1875,,,
15.5232360363007,0,0.1875,0.1875,0.1875,0.1875,0.1875,0.1875,,,
15.5252358913422,0,0.1875,0.1875,0.1875,0.1875,0.1875,0.1875,,,
15.5272390842438,0,0.1875,0.1875,0.1875,0.1875,0.1875,0.1875,,,
15.5292398929596,0,0.1875,0.1875,0.1875,0.1875,0.1875,0.1875,,,
15.5312418937683,0,0.1875,0.1875,0.1875,0.1875,0.1875,0.1875,,,
15.5332450866699,0,0.1875,0.1875,0.1875,0.1875,0.1875,0.1875,,,
15.5352458953857,0,0.1875,0.1875,0.1875,0.1875,0.1875,0.1875,,,
15.5372478961945,0,0.1875,0.1875,0.1875,0.1875,0.1875,0.1875,,,
15.5392489433289,0,0.1875,0.1875,0.1875,0.1875,0.1875,0.1875,,,
15.5412518978119,0,0.1875,0.1875,0.1875,0.1875,0.1875,0.1875,,,
15.543251991272,0,0.1875,0.1875,0.1875,0.1875,0.1875,0.1875,,,
15.545254945755,0,0.1875,0.1875,0.1875,0.1875,0.1875,0.1875,,,
15.5472550392151,0,0.1875,0.1875,0.1875,0.1875,0.1875,0.1875,,,
15.5492579936981,0,0.1875,0.1875,0.1875,0.1875,0.1875,0.1875,,,
15.5512580871582,0,0.1875,0.1875,0.1875,0.1875,0.1875,0.1875,,,
15.5532610416412,0,0.1875,0.1875,0.1875,0.1875,0.1875,0.1875,,,
15.5552639961243,0,0.1875,0.1875,0.1875,0.1875,0.1875,0.1875,,,
15.5572640895844,0,0.1875,0.1875,0.1875,0.1875,0.1875,0.1875,,,
15.5592670440674,0,0.1875,0.1875,0.1875,0.1875,0.1875,0.1875,,,
15.5612668991089,0,0.1875,0.1875,0.1875,0.1875,0.1875,0.1875,,,
15.5632700920105,0,0.1875,0.1875,0.1875,0.1875,0.1875,0.1875,,,
15.565269947052,0,0.1875,0.1875,0.1875,0.1875,0.1875,0.1875,,,
15.567272901535,0,0.1875,0.1875,0.1875,0.1875,0.1875,0.1875,,,
15.5692729949951,0,0.1875,0.1875,0.1875,0.1875,0.1875,0.1875,,,
15.571212053299,0,0.1875,0.1875,0.1875,0.1875,0.1875,0.1875,,,
15.5732119083405,0,0.1875,0.1875,0.1875,0.1875,0.1875,0.1875,,,
15.5752151012421,0,0.1875,0.1875,0.1875,0.1875,0.1875,0.1875,,,
15.5772149562836,0,0.1875,0.1875,0.1875,0.1875,0.1875,0.1875,,,
15.5792179107666,0,0.1875,0.1875,0.1875,0.1875,0.1875,0.1875,,,
15.581218957901,0,0.1875,0.1875,0.1875,0.1875,0.1875,0.1875,,,
15.5832209587097,0,0.1875,0.1875,0.1875,0.1875,0.1875,0.1875,,,
15.5852220058441,0,0.1875,0.1875,0.1875,0.1875,0.1875,0.1875,,,
15.5872249603271,0,0.1875,0.1875,0.1875,0.1875,0.1875,0.1875,,,
15.5892250537872,0,0.1875,0.1875,0.1875,0.1875,0.1875,0.1875,,,
15.5912280082703,0,0.1875,0.1875,0.1875,0.1875,0.1875,0.1875,,,
15.5932281017303,0,0.1875,0.1875,0.1875,0.1875,0.1875,0.1875,,,
15.5952310562134,0,0.1875,0.1875,0.1875,0.1875,0.1875,0.1875,,,
15.5972309112549,0,0.1875,0.1875,0.1875,0.1875,0.1875,0.1875,,,
15.5992338657379,0,0.1875,0.1875,0.1875,0.1875,0.1875,0.1875,,,
15.6012370586395,0,0.1875,0.1875,0.1875,0.1875,0.1875,0.1875,,,
15.603236913681,0,0.1875,0.1875,0.1875,0.1875,0.1875,0.1875,,,
15.6052398681641,0,0.1875,0.1875,0.1875,0.1875,0.1875,0.1875,,,
15.6072399616241,0,0.1875,0.1875,0.1875,0.1875,0.1875,0.1875,,,
15.6092429161072,0,0.1875,0.1875,0.1875,0.1875,0.1875,0.1875,,,
15.6112430095673,0,0.1875,0.1875,0.1875,0.1875,0.1875,0.1875,,,
15.6132459640503,0,0.1875,0.1875,0.1875,0.1875,0.1875,0.1875,,,
15.6152489185333,0,0.1875,0.1875,0.1875,0.1875,0.1875,0.1875,,,
15.6172490119934,0,0.1875,0.1875,0.1875,0.1875,0.1875,0.1875,,,
15.6192519664764,0,0.1875,0.1875,0.1875,0.1875,0.1875,0.1875,,,
15.6212520599365,0,0.1875,0.1875,0.1875,0.1875,0.1875,0.1875,,,
15.6232550144196,0,0.1875,0.1875,0.1875,0.1875,0.1875,0.1875,,,
15.6252579689026,0,0.1875,0.1875,0.1875,0.1875,0.1875,0.1875,,,
15.6272580623627,0,0.1875,0.1875,0.1875,0.1875,0.1875,0.1875,,,
15.6292610168457,0,0.1875,0.1875,0.1875,0.1875,0.1875,0.1875,,,
15.6312608718872,0,0.1875,0.1875,0.1875,0.1875,0.1875,0.1875,,,
15.6332640647888,0,0.1875,0.1875,0.1875,0.1875,0.1875,0.1875,,,
15.6352648735046,0,0.1875,0.1875,0.1875,0.1875,0.1875,0.1875,,,
15.6372668743134,0,0.1875,0.1875,0.1875,0.1875,0.1875,0.1875,,,
15.6392679214478,0,0.1875,0.1875,0.1875,0.1875,0.1875,0.1875,,,
15.6412699222565,0,0.1875,0.1875,0.1875,0.1875,0.1875,0.1875,,,
15.6432728767395,0,0.1875,0.1875,0.1875,0.1875,0.1875,0.1875,,,
15.6452729701996,0,0.1875,0.1875,0.1875,0.1875,0.1875,0.1875,,,
15.6472759246826,0,0.1875,0.1875,0.1875,0.1875,0.1875,0.1875,,,
15.6492760181427,0,0.1875,0.1875,0.1875,0.1875,0.1875,0.1875,,,
15.6512789726257,0,0.1875,0.1875,0.1875,0.1875,0.1875,0.1875,,,
15.6532800197601,0,0.1875,0.1875,0.1875,0.1875,0.1875,0.1875,,,
15.6552820205688,0,0.1875,0.1875,0.1875,0.1875,0.1875,0.1875,,,
15.6572830677032,0,0.1875,0.1875,0.1875,0.1875,0.1875,0.1875,,,
15.6592860221863,0,0.1875,0.1875,0.1875,0.1875,0.1875,0.1875,,,
15.661288022995,0,0.1875,0.1875,0.1875,0.1875,0.1875,0.1875,,,
15.6632890701294,0,0.1875,0.1875,0.1875,0.1875,0.1875,0.1875,,,
15.6652910709381,0,0.1875,0.1875,0.1875,0.1875,0.1875,0.1875,,,
15.6672918796539,0,0.1875,0.1875,0.1875,0.1875,0.1875,0.1875,,,
15.6692950725555,0,0.1875,0.1875,0.1875,0.1875,0.1875,0.1875,,,
15.671294927597,0,0.1875,0.1875,0.1875,0.1875,0.1875,0.1875,,,
15.6732978820801,0,0.1875,0.1875,0.1875,0.1875,0.1875,0.1875,,,
15.6752979755402,0,0.1875,0.1875,0.1875,0.1875,0.1875,0.1875,,,
15.6773009300232,0,0.1875,0.1875,0.1875,0.1875,0.1875,0.1875,,,
15.6793029308319,0,0.1875,0.1875,0.1875,0.1875,0.1875,0.1875,,,
15.6813039779663,0,0.1875,0.1875,0.1875,0.1875,0.1875,0.1875,,,
15.683305978775,0,0.1875,0.1875,0.1875,0.1875,0.1875,0.1875,,,
15.6853070259094,0,0.1875,0.1875,0.1875,0.1875,0.1875,0.1875,,,
15.6873099803925,0,0.1875,0.1875,0.1875,0.1875,0.1875,0.1875,,,
15.6893100738525,0,0.1875,0.1875,0.1875,0.1875,0.1875,0.1875,,,
15.6913130283356,0,0.1875,0.1875,0.1875,0.1875,0.1875,0.1875,,,
15.6933159828186,0,0.1875,0.1875,0.1875,0.1875,0.1875,0.1875,,,
15.6953160762787,0,0.1875,0.1875,0.1875,0.1875,0.1875,0.1875,,,
15.6973190307617,0,0.1875,0.1875,0.1875,0.1875,0.1875,0.1875,,,
15.6993188858032,0,0.1875,0.1875,0.1875,0.1875,0.1875,0.1875,,,
15.7013220787048,0,0.1875,0.1875,0.1875,0.1875,0.1875,0.1875,,,
15.7033219337463,0,0.1875,0.1875,0.1875,0.1875,0.1875,0.1875,,,
15.7053248882294,0,0.1875,0.1875,0.1875,0.1875,0.1875,0.1875,,,
15.707328081131,0,0.1875,0.1875,0.1875,0.1875,0.1875,0.1875,,,
15.7093279361725,0,0.1875,0.1875,0.1875,0.1875,0.1875,0.1875,,,
15.7113308906555,0,0.1875,0.1875,0.1875,0.1875,0.1875,0.1875,,,
15.7133309841156,0,0.1875,0.1875,0.1875,0.1875,0.1875,0.1875,,,
15.7153339385986,0,0.1875,0.1875,0.1875,0.1875,0.1875,0.1875,,,
15.7173340320587,0,0.1875,0.1875,0.1875,0.1875,0.1875,0.1875,,,
15.7193369865417,0,0.1875,0.1875,0.1875,0.1875,0.1875,0.1875,,,
15.7213380336761,0,0.1875,0.1875,0.1875,0.1875,0.1875,0.1875,,,
15.7233400344849,0,0.1875,0.1875,0.1875,0.1875,0.1875,0.1875,,,
15.7253429889679,0,0.1875,0.1875,0.1875,0.1875,0.1875,0.1875,,,
15.727343082428,0,0.1875,0.1875,0.1875,0.1875,0.1875,0.1875,,,
15.729346036911,0,0.1875,0.1875,0.1875,0.1875,0.1875,0.1875,,,
15.7313458919525,0,0.1875,0.1875,0.1875,0.1875,0.1875,0.1875,,,
15.7333490848541,0,0.1875,0.1875,0.1875,0.1875,0.1875,0.1875,,,
15.7353498935699,0,0.1875,0.1875,0.1875,0.1875,0.1875,0.1875,,,
15.7373530864716,0,0.1875,0.1875,0.1875,0.1875,0.1875,0.1875,,,
15.7393550872803,0,0.1875,0.1875,0.1875,0.1875,0.1875,0.1875,,,
15.7413558959961,0,0.1875,0.1875,0.1875,0.1875,0.1875,0.1875,,,
15.7433578968048,0,0.1875,0.1875,0.1875,0.1875,0.1875,0.1875,,,
15.7453589439392,0,0.1875,0.1875,0.1875,0.1875,0.1875,0.1875,,,
15.7473618984222,0,0.1875,0.1875,0.1875,0.1875,0.1875,0.1875,,,
15.7493619918823,0,0.1875,0.1875,0.1875,0.1875,0.1875,0.1875,,,
15.7513649463654,0,0.1875,0.1875,0.1875,0.1875,0.1875,0.1875,,,
15.7533650398254,0,0.1875,0.1875,0.1875,0.1875,0.1875,0.1875,,,
15.7553679943085,0,0.1875,0.1875,0.1875,0.1875,0.1875,0.1875,,,
15.7573709487915,0,0.1875,0.1875,0.1875,0.1875,0.1875,0.1875,,,
15.7593710422516,0,0.1875,0.1875,0.1875,0.1875,0.1875,0.1875,,,
15.7613739967346,0,0.1875,0.1875,0.1875,0.1875,0.1875,0.1875,,,
15.7633740901947,0,0.1875,0.1875,0.1875,0.1875,0.1875,0.1875,,,
15.7653770446777,0,0.1875,0.1875,0.1875,0.1875,0.1875,0.1875,,,
15.7673768997192,0,0.1875,0.1875,0.1875,0.1875,0.1875,0.1875,,,
15.7693800926209,0,0.1875,0.1875,0.1875,0.1875,0.1875,0.1875,,,
15.7713799476624,0,0.1875,0.1875,0.1875,0.1875,0.1875,0.1875,,,
15.7733829021454,0,0.1875,0.1875,0.1875,0.1875,0.1875,0.1875,,,
15.775386095047,0,0.1875,0.1875,0.1875,0.1875,0.1875,0.1875,,,
15.7773859500885,0,0.1875,0.1875,0.1875,0.1875,0.1875,0.1875,,,
15.7793889045715,0,0.1875,0.1875,0.1875,0.1875,0.1875,0.1875,,,
15.7813889980316,0,0.1875,0.1875,0.1875,0.1875,0.1875,0.1875,,,
15.7833919525146,0,0.1875,0.1875,0.1875,0.1875,0.1875,0.1875,,,
15.7853920459747,0,0.1875,0.1875,0.1875,0.1875,0.1875,0.1875,,,
15.7873950004578,0,0.1875,0.1875,0.1875,0.1875,0.1875,0.1875,,,
15.7893979549408,0,0.1875,0.1875,0.1875,0.1875,0.1875,0.1875,,,
15.7913980484009,0,0.1875,0.1875,0.1875,0.1875,0.1875,0.1875,,,
15.7934010028839,0,0.1875,0.1875,0.1875,0.1875,0.1875,0.1875,,,
15.795401096344,0,0.1875,0.1875,0.1875,0.1875,0.1875,0.1875,,,
15.797404050827,0,0.1875,0.1875,0.1875,0.1875,0.1875,0.1875,,,
15.7994070053101,0,0.1875,0.1875,0.1875,0.1875,0.1875,0.1875,,,
15.8014070987701,0,0.1875,0.1875,0.1875,0.1875,0.1875,0.1875,,,
15.8034100532532,0,0.1875,0.1875,0.1875,0.1875,0.1875,0.1875,,,
15.8054130077362,0,0.1875,0.1875,0.1875,0.1875,0.1875,0.1875,,,
15.8074131011963,0,0.1875,0.1875,0.1875,0.1875,0.1875,0.1875,,,
15.8094160556793,0,0.1875,0.1875,0.1875,0.1875,0.1875,0.1875,,,
15.8114159107208,0,0.1875,0.1875,0.1875,0.1875,0.1875,0.1875,,,
15.8134188652039,0,0.1875,0.1875,0.1875,0.1875,0.1875,0.1875,,,
15.8154220581055,0,0.1875,0.1875,0.1875,0.1875,0.1875,0.1875,,,
15.817421913147,0,0.1875,0.1875,0.1875,0.1875,0.1875,0.1875,,,
15.81942486763,0,0.1875,0.1875,0.1875,0.1875,0.1875,0.1875,,,
15.8214249610901,0,0.1875,0.1875,0.1875,0.1875,0.1875,0.1875,,,
15.8234279155731,0,0.1875,0.1875,0.1875,0.1875,0.1875,0.1875,,,
15.8254280090332,0,0.1875,0.1875,0.1875,0.1875,0.1875,0.1875,,,
15.8274309635162,0,0.1875,0.1875,0.1875,0.1875,0.1875,0.1875,,,
15.8294339179993,0,0.1875,0.1875,0.1875,0.1875,0.1875,0.1875,,,
15.8314340114594,0,0.1875,0.1875,0.1875,0.1875,0.1875,0.1875,,,
15.8334369659424,0,0.1875,0.1875,0.1875,0.1875,0.1875,0.1875,,,
15.8354380130768,0,0.1875,0.1875,0.1875,0.1875,0.1875,0.1875,,,
15.8374400138855,0,0.1875,0.1875,0.1875,0.1875,0.1875,0.1875,,,
15.8394410610199,0,0.1875,0.1875,0.1875,0.1875,0.1875,0.1875,,,
15.8414430618286,0,0.1875,0.1875,0.1875,0.1875,0.1875,0.1875,,,
15.8434460163116,0,0.1875,0.1875,0.1875,0.1875,0.1875,0.1875,,,
15.845447063446,0,0.1875,0.1875,0.1875,0.1875,0.1875,0.1875,,,
15.8474490642548,0,0.1875,0.1875,0.1875,0.1875,0.1875,0.1875,,,
15.8494498729706,0,0.1875,0.1875,0.1875,0.1875,0.1875,0.1875,,,
15.8514530658722,0,0.1875,0.1875,0.1875,0.1875,0.1875,0.1875,,,
15.8534529209137,0,0.1875,0.1875,0.1875,0.1875,0.1875,0.1875,,,
15.8554558753967,0,0.1875,0.1875,0.1875,0.1875,0.1875,0.1875,,,
15.8574578762054,0,0.1875,0.1875,0.1875,0.1875,0.1875,0.1875,,,
15.8594589233398,0,0.1875,0.1875,0.1875,0.1875,0.1875,0.1875,,,
15.8614609241486,0,0.1875,0.1875,0.1875,0.1875,0.1875,0.1875,,,
15.863461971283,0,0.1875,0.1875,0.1875,0.1875,0.1875,0.1875,,,
15.865464925766,0,0.1875,0.1875,0.1875,0.1875,0.1875,0.1875,,,
15.8674669265747,0,0.1875,0.1875,0.1875,0.1875,0.1875,0.1875,,,
15.8694679737091,0,0.1875,0.1875,0.1875,0.1875,0.1875,0.1875,,,
15.8714699745178,0,0.1875,0.1875,0.1875,0.1875,0.1875,0.1875,,,
15.8734729290009,0,0.1875,0.1875,0.1875,0.1875,0.1875,0.1875,,,
15.8754730224609,0,0.1875,0.1875,0.1875,0.1875,0.1875,0.1875,,,
15.8774750232697,0,0.1875,0.1875,0.1875,0.1875,0.1875,0.1875,,,
15.8794779777527,0,0.1875,0.1875,0.1875,0.1875,0.1875,0.1875,,,
15.8814790248871,0,0.1875,0.1875,0.1875,0.1875,0.1875,0.1875,,,
15.8834819793701,0,0.1875,0.1875,0.1875,0.1875,0.1875,0.1875,,,
15.8854820728302,0,0.1875,0.1875,0.1875,0.1875,0.1875,0.1875,,,
15.8874850273132,0,0.1875,0.1875,0.1875,0.1875,0.1875,0.1875,,,
15.8894848823547,0,0.1875,0.1875,0.1875,0.1875,0.1875,0.1875,,,
15.8914880752563,0,0.1875,0.1875,0.1875,0.1875,0.1875,0.1875,,,
15.8934888839722,0,0.1875,0.1875,0.1875,0.1875,0.1875,0.1875,,,
15.8954908847809,0,0.1875,0.1875,0.1875,0.1875,0.1875,0.1875,,,
15.8974940776825,0,0.1875,0.1875,0.1875,0.1875,0.1875,0.1875,,,
15.8994948863983,0,0.1875,0.1875,0.1875,0.1875,0.1875,0.1875,,,
15.9014980792999,0,0.1875,0.1875,0.1875,0.1875,0.1875,0.1875,,,
15.9034979343414,0,0.1875,0.1875,0.1875,0.1875,0.1875,0.1875,,,
15.9055008888245,0,0.1875,0.1875,0.1875,0.1875,0.1875,0.1875,,,
15.9075019359589,0,0.1875,0.1875,0.1875,0.1875,0.1875,0.1875,,,
15.9095048904419,0,0.1875,0.1875,0.1875,0.1875,0.1875,0.1875,,,
15.911504983902,0,0.1875,0.1875,0.1875,0.1875,0.1875,0.1875,,,
15.913507938385,0,0.1875,0.1875,0.1875,0.1875,0.1875,0.1875,,,
15.9155099391937,0,0.1875,0.1875,0.1875,0.1875,0.1875,0.1875,,,
15.9175119400024,0,0.1875,0.1875,0.1875,0.1875,0.1875,0.1875,,,
15.9195120334625,0,0.1875,0.1875,0.1875,0.1875,0.1875,0.1875,,,
15.9215149879456,0,0.1875,0.1875,0.1875,0.1875,0.1875,0.1875,,,
15.92351603508,0,0.1875,0.1875,0.1875,0.1875,0.1875,0.1875,,,
15.9255180358887,0,0.1875,0.1875,0.1875,0.1875,0.1875,0.1875,,,
15.9275209903717,0,0.1875,0.1875,0.1875,0.1875,0.1875,0.1875,,,
15.9295220375061,0,0.1875,0.1875,0.1875,0.1875,0.1875,0.1875,,,
15.9315240383148,0,0.1875,0.1875,0.1875,0.1875,0.1875,0.1875,,,
15.9335250854492,0,0.1875,0.1875,0.1875,0.1875,0.1875,0.1875,,,
15.9355270862579,0,0.1875,0.1875,0.1875,0.1875,0.1875,0.1875,,,
15.9375290870667,0,0.1875,0.1875,0.1875,0.1875,0.1875,0.1875,,,
15.9395320415497,0,0.1875,0.1875,0.1875,0.1875,0.1875,0.1875,,,
15.9415318965912,0,0.1875,0.1875,0.1875,0.1875,0.1875,0.1875,,,
15.9435350894928,0,0.1875,0.1875,0.1875,0.1875,0.1875,0.1875,,,
15.9455370903015,0,0.1875,0.1875,0.1875,0.1875,0.1875,0.1875,,,
15.947536945343,0,0.1875,0.1875,0.1875,0.1875,0.1875,0.1875,,,
15.9495398998261,0,0.1875,0.1875,0.1875,0.1875,0.1875,0.1875,,,
15.9515409469604,0,0.1875,0.1875,0.1875,0.1875,0.1875,0.1875,,,
15.9535429477692,0,0.1875,0.1875,0.1875,0.1875,0.1875,0.1875,,,
15.9555459022522,0,0.1875,0.1875,0.1875,0.1875,0.1875,0.1875,,,
15.9575459957123,0,0.1875,0.1875,0.1875,0.1875,0.1875,0.1875,,,
15.9595489501953,0,0.1875,0.1875,0.1875,0.1875,0.1875,0.1875,,,
15.961550951004,0,0.1875,0.1875,0.1875,0.1875,0.1875,0.1875,,,
15.9635519981384,0,0.1875,0.1875,0.1875,0.1875,0.1875,0.1875,,,
15.9655539989471,0,0.1875,0.1875,0.1875,0.1875,0.1875,0.1875,,,
15.9675550460815,0,0.1875,0.1875,0.1875,0.1875,0.1875,0.1875,,,
15.9695570468903,0,0.1875,0.1875,0.1875,0.1875,0.1875,0.1875,,,
15.9715600013733,0,0.1875,0.1875,0.1875,0.1875,0.1875,0.1875,,,
15.9735600948334,0,0.1875,0.1875,0.1875,0.1875,0.1875,0.1875,,,
15.9755630493164,0,0.1875,0.1875,0.1875,0.1875,0.1875,0.1875,,,
15.9775629043579,0,0.1875,0.1875,0.1875,0.1875,0.1875,0.1875,,,
15.9795649051666,0,0.1875,0.1875,0.1875,0.1875,0.1875,0.1875,,,
15.9815680980682,0,0.1875,0.1875,0.1875,0.1875,0.1875,0.1875,,,
15.9835689067841,0,0.1875,0.1875,0.1875,0.1875,0.1875,0.1875,,,
15.9855709075928,0,0.1875,0.1875,0.1875,0.1875,0.1875,0.1875,,,
15.9875729084015,0,0.1875,0.1875,0.1875,0.1875,0.1875,0.1875,,,
15.9895739555359,0,0.1875,0.1875,0.1875,0.1875,0.1875,0.1875,,,
15.9915759563446,0,0.1875,0.1875,0.1875,0.1875,0.1875,0.1875,,,
15.9935789108276,0,0.1875,0.1875,0.1875,0.1875,0.1875,0.1875,,,
15.9955790042877,0,0.1875,0.1875,0.1875,0.1875,0.1875,0.1875,,,
15.9975819587708,0,0.1875,0.1875,0.1875,0.1875,0.1875,0.1875,,,
15.9995820522308,0,0.1875,0.1875,0.1875,0.1875,0.1875,0.1875,,,
16.0015850067139,0,0.1875,0.1875,0.1875,0.1875,0.1875,0.1875,,,
16.0035879611969,0,0.1875,0.1875,0.1875,0.1875,0.1875,0.1875,,,
16.005588054657,0,0.1875,0.1875,0.1875,0.1875,0.1875,0.1875,,,
16.0075900554657,0,0.1875,0.1875,0.1875,0.1875,0.1875,0.1875,,,
16.0095930099487,0,0.1875,0.1875,0.1875,0.1875,0.1875,0.1875,,,
16.0115928649902,0,0.1875,0.1875,0.1875,0.1875,0.1875,0.1875,,,
16.0135960578918,0,0.1875,0.1875,0.1875,0.1875,0.1875,0.1875,,,
16.0155959129334,0,0.1875,0.1875,0.1875,0.1875,0.1875,0.1875,,,
16.0175979137421,0,0.1875,0.1875,0.1875,0.1875,0.1875,0.1875,,,
16.0196008682251,0,0.1875,0.1875,0.1875,0.1875,0.1875,0.1875,,,
16.0216019153595,0,0.1875,0.1875,0.1875,0.1875,0.1875,0.1875,,,
16.0236039161682,0,0.1875,0.1875,0.1875,0.1875,0.1875,0.1875,,,
16.0256049633026,0,0.1875,0.1875,0.1875,0.1875,0.1875,0.1875,,,
16.0276119709015,0,0.1875,0.1875,0.1875,0.1875,0.1875,0.1875,,,
16.0296130180359,0,0.1875,0.1875,0.1875,0.1875,0.1875,0.1875,,,
16.0316150188446,0,0.1875,0.1875,0.1875,0.1875,0.1875,0.1875,,,
16.033616065979,0,0.1875,0.1875,0.1875,0.1875,0.1875,0.1875,,,
16.0356159210205,0,0.1875,0.1875,0.1875,0.1875,0.1875,0.1875,,,
16.0376160144806,0,0.1875,0.1875,0.1875,0.1875,0.1875,0.1875,,,
16.039617061615,0,0.1875,0.1875,0.1875,0.1875,0.1875,0.1875,,,
16.041620016098,0,0.1875,0.1875,0.1875,0.1875,0.1875,0.1875,,,
16.0436198711395,0,0.1875,0.1875,0.1875,0.1875,0.1875,0.1875,,,
16.0456230640411,0,0.1875,0.1875,0.1875,0.1875,0.1875,0.1875,,,
16.0476229190826,0,0.1875,0.1875,0.1875,0.1875,0.1875,0.1875,,,
16.0496258735657,0,0.1875,0.1875,0.1875,0.1875,0.1875,0.1875,,,
16.0516259670258,0,0.1875,0.1875,0.1875,0.1875,0.1875,0.1875,,,
16.0536289215088,0,0.1875,0.1875,0.1875,0.1875,0.1875,0.1875,,,
16.0556290149689,0,0.1875,0.1875,0.1875,0.1875,0.1875,0.1875,,,
16.0576319694519,0,0.1875,0.1875,0.1875,0.1875,0.1875,0.1875,,,
16.059632062912,0,0.1875,0.1875,0.1875,0.1875,0.1875,0.1875,,,
16.061635017395,0,0.1875,0.1875,0.1875,0.1875,0.1875,0.1875,,,
16.0636360645294,0,0.1875,0.1875,0.1875,0.1875,0.1875,0.1875,,,
16.0656380653381,0,0.1875,0.1875,0.1875,0.1875,0.1875,0.1875,,,
16.0678188800812,0,0.1875,0.1875,0.1875,0.1875,0.1875,0.1875,,,
16.0698139667511,0,0.1875,0.1875,0.1875,0.1875,0.1875,0.1875,,,
16.0718140602112,0,0.1875,0.1875,0.1875,0.1875,0.1875,0.1875,,,
16.0738170146942,0,0.1875,0.1875,0.1875,0.1875,0.1875,0.1875,,,
16.0758180618286,0,0.1875,0.1875,0.1875,0.1875,0.1875,0.1875,,,
16.0778210163116,0,0.1875,0.1875,0.1875,0.1875,0.1875,0.1875,,,
16.0798208713531,0,0.1875,0.1875,0.1875,0.1875,0.1875,0.1875,,,
16.0818240642548,0,0.1875,0.1875,0.1875,0.1875,0.1875,0.1875,,,
16.0838239192963,0,0.1875,0.1875,0.1875,0.1875,0.1875,0.1875,,,
16.0858268737793,0,0.1875,0.1875,0.1875,0.1875,0.1875,0.1875,,,
16.0878269672394,0,0.1875,0.1875,0.1875,0.1875,0.1875,0.1875,,,
16.0898299217224,0,0.1875,0.1875,0.1875,0.1875,0.1875,0.1875,,,
16.0918309688568,0,0.1875,0.1875,0.1875,0.1875,0.1875,0.1875,,,
16.0938339233398,0,0.1875,0.1875,0.1875,0.1875,0.1875,0.1875,,,
16.0958340167999,0,0.1875,0.1875,0.1875,0.1875,0.1875,0.1875,,,
16.097836971283,0,0.1875,0.1875,0.1875,0.1875,0.1875,0.1875,,,
16.099837064743,0,0.1875,0.1875,0.1875,0.1875,0.1875,0.1875,,,
16.1018400192261,0,0.1875,0.1875,0.1875,0.1875,0.1875,0.1875,,,
16.1038429737091,0,0.1875,0.1875,0.1875,0.1875,0.1875,0.1875,,,
16.1058430671692,0,0.1875,0.1875,0.1875,0.1875,0.1875,0.1875,,,
16.1078460216522,0,0.1875,0.1875,0.1875,0.1875,0.1875,0.1875,,,
16.1098458766937,0,0.1875,0.1875,0.1875,0.1875,0.1875,0.1875,,,
16.1118490695953,0,0.1875,0.1875,0.1875,0.1875,0.1875,0.1875,,,
16.1138498783112,0,0.1875,0.1875,0.1875,0.1875,0.1875,0.1875,,,
16.1158518791199,0,0.1875,0.1875,0.1875,0.1875,0.1875,0.1875,,,
16.1178529262543,0,0.1875,0.1875,0.1875,0.1875,0.1875,0.1875,,,
16.119854927063,0,0.1875,0.1875,0.1875,0.1875,0.1875,0.1875,,,
16.1218559741974,0,0.1875,0.1875,0.1875,0.1875,0.1875,0.1875,,,
16.1238589286804,0,0.1875,0.1875,0.1875,0.1875,0.1875,0.1875,,,
16.1258609294891,0,0.1875,0.1875,0.1875,0.1875,0.1875,0.1875,,,
16.1278619766235,0,0.1875,0.1875,0.1875,0.1875,0.1875,0.1875,,,
16.1298649311066,0,0.1875,0.1875,0.1875,0.1875,0.1875,0.1875,,,
16.1318650245667,0,0.1875,0.1875,0.1875,0.1875,0.1875,0.1875,,,
16.1338679790497,0,0.1875,0.1875,0.1875,0.1875,0.1875,0.1875,,,
16.1358680725098,0,0.1875,0.1875,0.1875,0.1875,0.1875,0.1875,,,
16.1378710269928,0,0.1875,0.1875,0.1875,0.1875,0.1875,0.1875,,,
16.1398708820343,0,0.1875,0.1875,0.1875,0.1875,0.1875,0.1875,,,
16.1418740749359,0,0.1875,0.1875,0.1875,0.1875,0.1875,0.1875,,,
16.1438739299774,0,0.1875,0.1875,0.1875,0.1875,0.1875,0.1875,,,
16.1458768844604,0,0.1875,0.1875,0.1875,0.1875,0.1875,0.1875,,,
16.1478800773621,0,0.1875,0.1875,0.1875,0.1875,0.1875,0.1875,,,
16.1498799324036,0,0.1875,0.1875,0.1875,0.1875,0.1875,0.1875,,,
16.1518828868866,0,0.1875,0.1875,0.1875,0.1875,0.1875,0.1875,,,
16.1538829803467,0,0.1875,0.1875,0.1875,0.1875,0.1875,0.1875,,,
16.1558859348297,0,0.1875,0.1875,0.1875,0.1875,0.1875,0.1875,,,
16.1578860282898,0,0.1875,0.1875,0.1875,0.1875,0.1875,0.1875,,,
16.1598889827728,0,0.1875,0.1875,0.1875,0.1875,0.1875,0.1875,,,
16.1618890762329,0,0.1875,0.1875,0.1875,0.1875,0.1875,0.1875,,,
16.1638920307159,0,0.1875,0.1875,0.1875,0.1875,0.1875,0.1875,,,
16.165894985199,0,0.1875,0.1875,0.1875,0.1875,0.1875,0.1875,,,
16.1678950786591,0,0.1875,0.1875,0.1875,0.1875,0.1875,0.1875,,,
16.1698980331421,0,0.1875,0.1875,0.1875,0.1875,0.1875,0.1875,,,
16.1718990802765,0,0.1875,0.1875,0.1875,0.1875,0.1875,0.1875,,,
16.1739010810852,0,0.1875,0.1875,0.1875,0.1875,0.1875,0.1875,,,
16.175901889801,0,0.1875,0.1875,0.1875,0.1875,0.1875,0.1875,,,
16.1779038906097,0,0.1875,0.1875,0.1875,0.1875,0.1875,0.1875,,,
16.1799049377441,0,0.1875,0.1875,0.1875,0.1875,0.1875,0.1875,,,
16.1819078922272,0,0.1875,0.1875,0.1875,0.1875,0.1875,0.1875,,,
16.1839079856873,0,0.1875,0.1875,0.1875,0.1875,0.1875,0.1875,,,
16.1859109401703,0,0.1875,0.1875,0.1875,0.1875,0.1875,0.1875,,,
16.1879138946533,0,0.1875,0.1875,0.1875,0.1875,0.1875,0.1875,,,
16.1899139881134,0,0.1875,0.1875,0.1875,0.1875,0.1875,0.1875,,,
16.1919169425964,0,0.1875,0.1875,0.1875,0.1875,0.1875,0.1875,,,
16.1939170360565,0,0.1875,0.1875,0.1875,0.1875,0.1875,0.1875,,,
16.1959199905396,0,0.1875,0.1875,0.1875,0.1875,0.1875,0.1875,,,
16.1979200839996,0,0.1875,0.1875,0.1875,0.1875,0.1875,0.1875,,,
16.1999230384827,0,0.1875,0.1875,0.1875,0.1875,0.1875,0.1875,,,
16.2019259929657,0,0.1875,0.1875,0.1875,0.1875,0.1875,0.1875,,,
16.2039260864258,0,0.1875,0.1875,0.1875,0.1875,0.1875,0.1875,,,
16.2059290409088,0,0.1875,0.1875,0.1875,0.1875,0.1875,0.1875,,,
16.2079288959503,0,0.1875,0.1875,0.1875,0.1875,0.1875,0.1875,,,
16.2099320888519,0,0.1875,0.1875,0.1875,0.1875,0.1875,0.1875,,,
16.2119319438934,0,0.1875,0.1875,0.1875,0.1875,0.1875,0.1875,,,
16.2139348983765,0,0.1875,0.1875,0.1875,0.1875,0.1875,0.1875,,,
16.2159380912781,0,0.1875,0.1875,0.1875,0.1875,0.1875,0.1875,,,
16.2179379463196,0,0.1875,0.1875,0.1875,0.1875,0.1875,0.1875,,,
16.2199409008026,0,0.1875,0.1875,0.1875,0.1875,0.1875,0.1875,,,
16.221941947937,0,0.1875,0.1875,0.1875,0.1875,0.1875,0.1875,,,
16.2239439487457,0,0.1875,0.1875,0.1875,0.1875,0.1875,0.1875,,,
16.2259449958801,0,0.1875,0.1875,0.1875,0.1875,0.1875,0.1875,,,
16.2279479503632,0,0.1875,0.1875,0.1875,0.1875,0.1875,0.1875,,,
16.2299480438232,0,0.1875,0.1875,0.1875,0.1875,0.1875,0.1875,,,
16.2319509983063,0,0.1875,0.1875,0.1875,0.1875,0.1875,0.1875,,,
16.2339510917664,0,0.1875,0.1875,0.1875,0.1875,0.1875,0.1875,,,
16.2359540462494,0,0.1875,0.1875,0.1875,0.1875,0.1875,0.1875,,,
16.2379539012909,0,0.1875,0.1875,0.1875,0.1875,0.1875,0.1875,,,
16.2399570941925,0,0.1875,0.1875,0.1875,0.1875,0.1875,0.1875,,,
16.2419600486755,0,0.1875,0.1875,0.1875,0.1875,0.1875,0.1875,,,
16.243959903717,0,0.1875,0.1875,0.1875,0.1875,0.1875,0.1875,,,
16.2459630966187,0,0.1875,0.1875,0.1875,0.1875,0.1875,0.1875,,,
16.2479629516602,0,0.1875,0.1875,0.1875,0.1875,0.1875,0.1875,,,
16.2499659061432,0,0.1875,0.1875,0.1875,0.1875,0.1875,0.1875,,,
16.2519659996033,0,0.1875,0.1875,0.1875,0.1875,0.1875,0.1875,,,
16.2539689540863,0,0.1875,0.1875,0.1875,0.1875,0.1875,0.1875,,,
16.2559719085693,0,0.1875,0.1875,0.1875,0.1875,0.1875,0.1875,,,
16.2579720020294,0,0.1875,0.1875,0.1875,0.1875,0.1875,0.1875,,,
16.2599749565125,0,0.1875,0.1875,0.1875,0.1875,0.1875,0.1875,,,
16.2619750499725,0,0.1875,0.1875,0.1875,0.1875,0.1875,0.1875,,,
16.2639780044556,0,0.1875,0.1875,0.1875,0.1875,0.1875,0.1875,,,
16.2659780979156,0,0.1875,0.1875,0.1875,0.1875,0.1875,0.1875,,,
16.2679810523987,0,0.1875,0.1875,0.1875,0.1875,0.1875,0.1875,,,
16.2699840068817,0,0.1875,0.1875,0.1875,0.1875,0.1875,0.1875,,,
16.2719841003418,0,0.1875,0.1875,0.1875,0.1875,0.1875,0.1875,,,
16.2739870548248,0,0.1875,0.1875,0.1875,0.1875,0.1875,0.1875,,,
16.2759869098663,0,0.1875,0.1875,0.1875,0.1875,0.1875,0.1875,,,
16.2779901027679,0,0.1875,0.1875,0.1875,0.1875,0.1875,0.1875,,,
16.2799899578094,0,0.1875,0.1875,0.1875,0.1875,0.1875,0.1875,,,
16.2819929122925,0,0.1875,0.1875,0.1875,0.1875,0.1875,0.1875,,,
16.2839939594269,0,0.1875,0.1875,0.1875,0.1875,0.1875,0.1875,,,
16.2859959602356,0,0.1875,0.1875,0.1875,0.1875,0.1875,0.1875,,,
16.2879989147186,0,0.1875,0.1875,0.1875,0.1875,0.1875,0.1875,,,
16.289999961853,0,0.1875,0.1875,0.1875,0.1875,0.1875,0.1875,,,
16.2920019626617,0,0.1875,0.1875,0.1875,0.1875,0.1875,0.1875,,,
16.2940030097961,0,0.1875,0.1875,0.1875,0.1875,0.1875,0.1875,,,
16.2960050106049,0,0.1875,0.1875,0.1875,0.1875,0.1875,0.1875,,,
16.2980060577393,0,0.1875,0.1875,0.1875,0.1875,0.1875,0.1875,,,
16.3000090122223,0,0.1875,0.1875,0.1875,0.1875,0.1875,0.1875,,,
16.3020088672638,0,0.1875,0.1875,0.1875,0.1875,0.1875,0.1875,,,
16.3040120601654,0,0.1875,0.1875,0.1875,0.1875,0.1875,0.1875,,,
16.3060119152069,0,0.1875,0.1875,0.1875,0.1875,0.1875,0.1875,,,
16.3080148696899,0,0.1875,0.1875,0.1875,0.1875,0.1875,0.1875,,,
16.3100168704987,0,0.1875,0.1875,0.1875,0.1875,0.1875,0.1875,,,
16.3120179176331,0,0.1875,0.1875,0.1875,0.1875,0.1875,0.1875,,,
16.3140208721161,0,0.1875,0.1875,0.1875,0.1875,0.1875,0.1875,,,
16.3160209655762,0,0.1875,0.1875,0.1875,0.1875,0.1875,0.1875,,,
16.3180239200592,0,0.1875,0.1875,0.1875,0.1875,0.1875,0.1875,,,
16.3200240135193,0,0.1875,0.1875,0.1875,0.1875,0.1875,0.1875,,,
16.3220269680023,0,0.1875,0.1875,0.1875,0.1875,0.1875,0.1875,,,
16.3240270614624,0,0.1875,0.1875,0.1875,0.1875,0.1875,0.1875,,,
16.3260300159454,0,0.1875,0.1875,0.1875,0.1875,0.1875,0.1875,,,
16.3280298709869,0,0.1875,0.1875,0.1875,0.1875,0.1875,0.1875,,,
16.3300330638886,0,0.1875,0.1875,0.1875,0.1875,0.1875,0.1875,,,
16.3320338726044,0,0.1875,0.1875,0.1875,0.1875,0.1875,0.1875,,,
16.3340358734131,0,0.1875,0.1875,0.1875,0.1875,0.1875,0.1875,,,
16.3360390663147,0,0.1875,0.1875,0.1875,0.1875,0.1875,0.1875,,,
16.3380398750305,0,0.1875,0.1875,0.1875,0.1875,0.1875,0.1875,,,
16.3400418758392,0,0.1875,0.1875,0.1875,0.1875,0.1875,0.1875,,,
16.3420429229736,0,0.1875,0.1875,0.1875,0.1875,0.1875,0.1875,,,
16.3440449237823,0,0.1875,0.1875,0.1875,0.1875,0.1875,0.1875,,,
16.3460459709167,0,0.1875,0.1875,0.1875,0.1875,0.1875,0.1875,,,
16.3480479717255,0,0.1875,0.1875,0.1875,0.1875,0.1875,0.1875,,,
16.3500509262085,0,0.1875,0.1875,0.1875,0.1875,0.1875,0.1875,,,
16.3520519733429,0,0.1875,0.1875,0.1875,0.1875,0.1875,0.1875,,,
16.3540539741516,0,0.1875,0.1875,0.1875,0.1875,0.1875,0.1875,,,
16.356055021286,0,0.1875,0.1875,0.1875,0.1875,0.1875,0.1875,,,
16.3580570220947,0,0.1875,0.1875,0.1875,0.1875,0.1875,0.1875,,,
16.3600599765778,0,0.1875,0.1875,0.1875,0.1875,0.1875,0.1875,,,
16.3620600700378,0,0.1875,0.1875,0.1875,0.1875,0.1875,0.1875,,,
16.3640630245209,0,0.1875,0.1875,0.1875,0.1875,0.1875,0.1875,,,
16.3660640716553,0,0.1875,0.1875,0.1875,0.1875,0.1875,0.1875,,,
16.368066072464,0,0.1875,0.1875,0.1875,0.1875,0.1875,0.1875,,,
16.370069026947,0,0.1875,0.1875,0.1875,0.1875,0.1875,0.1875,,,
16.3720688819885,0,0.1875,0.1875,0.1875,0.1875,0.1875,0.1875,,,
16.3740720748901,0,0.1875,0.1875,0.1875,0.1875,0.1875,0.1875,,,
16.376072883606,0,0.1875,0.1875,0.1875,0.1875,0.1875,0.1875,,,
16.3780748844147,0,0.1875,0.1875,0.1875,0.1875,0.1875,0.1875,,,
16.3800780773163,0,0.1875,0.1875,0.1875,0.1875,0.1875,0.1875,,,
16.3820788860321,0,0.1875,0.1875,0.1875,0.1875,0.1875,0.1875,,,
16.3840808868408,0,0.1875,0.1875,0.1875,0.1875,0.1875,0.1875,,,
16.3860819339752,0,0.1875,0.1875,0.1875,0.1875,0.1875,0.1875,,,
16.3880848884583,0,0.1875,0.1875,0.1875,0.1875,0.1875,0.1875,,,
16.3900849819183,0,0.1875,0.1875,0.1875,0.1875,0.1875,0.1875,,,
16.3920879364014,0,0.1875,0.1875,0.1875,0.1875,0.1875,0.1875,,,
16.3940908908844,0,0.1875,0.1875,0.1875,0.1875,0.1875,0.1875,,,
16.3960909843445,0,0.1875,0.1875,0.1875,0.1875,0.1875,0.1875,,,
16.3980939388275,0,0.1875,0.1875,0.1875,0.1875,0.1875,0.1875,,,
16.4000940322876,0,0.1875,0.1875,0.1875,0.1875,0.1875,0.1875,,,
16.4020969867706,0,0.1875,0.1875,0.1875,0.1875,0.1875,0.1875,,,
16.4040970802307,0,0.1875,0.1875,0.1875,0.1875,0.1875,0.1875,,,
16.4061000347137,0,0.1875,0.1875,0.1875,0.1875,0.1875,0.1875,,,
16.4080998897552,0,0.1875,0.1875,0.1875,0.1875,0.1875,0.1875,,,
16.4101030826569,0,0.1875,0.1875,0.1875,0.1875,0.1875,0.1875,,,
16.4121060371399,0,0.1875,0.1875,0.1875,0.1875,0.1875,0.1875,,,
16.4141058921814,0,0.1875,0.1875,0.1875,0.1875,0.1875,0.1875,,,
16.416109085083,0,0.1875,0.1875,0.1875,0.1875,0.1875,0.1875,,,
16.4181098937988,0,0.1875,0.1875,0.1875,0.1875,0.1875,0.1875,,,
16.4201118946075,0,0.1875,0.1875,0.1875,0.1875,0.1875,0.1875,,,
16.4221129417419,0,0.1875,0.1875,0.1875,0.1875,0.1875,0.1875,,,
16.424115896225,0,0.1875,0.1875,0.1875,0.1875,0.1875,0.1875,,,
16.4261159896851,0,0.1875,0.1875,0.1875,0.1875,0.1875,0.1875,,,
16.4281189441681,0,0.1875,0.1875,0.1875,0.1875,0.1875,0.1875,,,
16.4301218986511,0,0.1875,0.1875,0.1875,0.1875,0.1875,0.1875,,,
16.4321219921112,0,0.1875,0.1875,0.1875,0.1875,0.1875,0.1875,,,
16.4341249465942,0,0.1875,0.1875,0.1875,0.1875,0.1875,0.1875,,,
16.4361250400543,0,0.1875,0.1875,0.1875,0.1875,0.1875,0.1875,,,
16.4381279945374,0,0.1875,0.1875,0.1875,0.1875,0.1875,0.1875,,,
16.4401280879974,0,0.1875,0.1875,0.1875,0.1875,0.1875,0.1875,,,
16.4421310424805,0,0.1875,0.1875,0.1875,0.1875,0.1875,0.1875,,,
16.4441339969635,0,0.1875,0.1875,0.1875,0.1875,0.1875,0.1875,,,
16.4461340904236,0,0.1875,0.1875,0.1875,0.1875,0.1875,0.1875,,,
16.4481370449066,0,0.1875,0.1875,0.1875,0.1875,0.1875,0.1875,,,
16.4501368999481,0,0.1875,0.1875,0.1875,0.1875,0.1875,0.1875,,,
16.4521400928497,0,0.1875,0.1875,0.1875,0.1875,0.1875,0.1875,,,
16.4541399478912,0,0.1875,0.1875,0.1875,0.1875,0.1875,0.1875,,,
16.4561429023743,0,0.1875,0.1875,0.1875,0.1875,0.1875,0.1875,,,
16.4581460952759,0,0.1875,0.1875,0.1875,0.1875,0.1875,0.1875,,,
16.4601459503174,0,0.1875,0.1875,0.1875,0.1875,0.1875,0.1875,,,
16.4621489048004,0,0.1875,0.1875,0.1875,0.1875,0.1875,0.1875,,,
16.4641489982605,0,0.1875,0.1875,0.1875,0.1875,0.1875,0.1875,,,
16.4661519527435,0,0.1875,0.1875,0.1875,0.1875,0.1875,0.1875,,,
16.4681549072266,0,0.1875,0.1875,0.1875,0.1875,0.1875,0.1875,,,
16.4701550006866,0,0.1875,0.1875,0.1875,0.1875,0.1875,0.1875,,,
16.4721579551697,0,0.1875,0.1875,0.1875,0.1875,0.1875,0.1875,,,
16.4741580486298,0,0.1875,0.1875,0.1875,0.1875,0.1875,0.1875,,,
16.4761610031128,0,0.1875,0.1875,0.1875,0.1875,0.1875,0.1875,,,
16.4781610965729,0,0.1875,0.1875,0.1875,0.1875,0.1875,0.1875,,,
16.4801640510559,0,0.1875,0.1875,0.1875,0.1875,0.1875,0.1875,,,
16.4821670055389,0,0.1875,0.1875,0.1875,0.1875,0.1875,0.1875,,,
16.484167098999,0,0.1875,0.1875,0.1875,0.1875,0.1875,0.1875,,,
16.4861700534821,0,0.1875,0.1875,0.1875,0.1875,0.1875,0.1875,,,
16.4881711006165,0,0.1875,0.1875,0.1875,0.1875,0.1875,0.1875,,,
16.4901731014252,0,0.1875,0.1875,0.1875,0.1875,0.1875,0.1875,,,
16.492173910141,0,0.1875,0.1875,0.1875,0.1875,0.1875,0.1875,,,
16.4941771030426,0,0.1875,0.1875,0.1875,0.1875,0.1875,0.1875,,,
16.4961788654327,0,0.1875,0.1875,0.1875,0.1875,0.1875,0.1875,,,
16.4981799125671,0,0.1875,0.1875,0.1875,0.1875,0.1875,0.1875,,,
16.5001819133759,0,0.1875,0.1875,0.1875,0.1875,0.1875,0.1875,,,
16.5021829605103,0,0.1875,0.1875,0.1875,0.1875,0.1875,0.1875,,,
16.5041859149933,0,0.1875,0.1875,0.1875,0.1875,0.1875,0.1875,,,
16.5061860084534,0,0.1875,0.1875,0.1875,0.1875,0.1875,0.1875,,,
16.5081889629364,0,0.1875,0.1875,0.1875,0.1875,0.1875,0.1875,,,
16.5101919174194,0,0.1875,0.1875,0.1875,0.1875,0.1875,0.1875,,,
16.5121920108795,0,0.1875,0.1875,0.1875,0.1875,0.1875,0.1875,,,
16.5141949653625,0,0.1875,0.1875,0.1875,0.1875,0.1875,0.1875,,,
16.5161950588226,0,0.1875,0.1875,0.1875,0.1875,0.1875,0.1875,,,
16.5181980133057,0,0.1875,0.1875,0.1875,0.1875,0.1875,0.1875,,,
16.5201978683472,0,0.1875,0.1875,0.1875,0.1875,0.1875,0.1875,,,
16.5222010612488,0,0.1875,0.1875,0.1875,0.1875,0.1875,0.1875,,,
16.5242040157318,0,0.1875,0.1875,0.1875,0.1875,0.1875,0.1875,,,
16.5262038707733,0,0.1875,0.1875,0.1875,0.1875,0.1875,0.1875,,,
16.5282070636749,0,0.1875,0.1875,0.1875,0.1875,0.1875,0.1875,,,
16.5302069187164,0,0.1875,0.1875,0.1875,0.1875,0.1875,0.1875,,,
16.5322098731995,0,0.1875,0.1875,0.1875,0.1875,0.1875,0.1875,,,
16.5342099666595,0,0.1875,0.1875,0.1875,0.1875,0.1875,0.1875,,,
16.5362129211426,0,0.1875,0.1875,0.1875,0.1875,0.1875,0.1875,,,
16.5382158756256,0,0.1875,0.1875,0.1875,0.1875,0.1875,0.1875,,,
16.5402159690857,0,0.1875,0.1875,0.1875,0.1875,0.1875,0.1875,,,
16.5422189235687,0,0.1875,0.1875,0.1875,0.1875,0.1875,0.1875,,,
16.5442190170288,0,0.1875,0.1875,0.1875,0.1875,0.1875,0.1875,,,
16.5462219715118,0,0.1875,0.1875,0.1875,0.1875,0.1875,0.1875,,,
16.5482220649719,0,0.1875,0.1875,0.1875,0.1875,0.1875,0.1875,,,
16.550225019455,0,0.1875,0.1875,0.1875,0.1875,0.1875,0.1875,,,
16.552227973938,0,0.1875,0.1875,0.1875,0.1875,0.1875,0.1875,,,
16.5542280673981,0,0.1875,0.1875,0.1875,0.1875,0.1875,0.1875,,,
16.5562310218811,0,0.1875,0.1875,0.1875,0.1875,0.1875,0.1875,,,
16.5582308769226,0,0.1875,0.1875,0.1875,0.1875,0.1875,0.1875,,,
16.5602340698242,0,0.1875,0.1875,0.1875,0.1875,0.1875,0.1875,,,
16.5622339248657,0,0.1875,0.1875,0.1875,0.1875,0.1875,0.1875,,,
16.5642368793488,0,0.1875,0.1875,0.1875,0.1875,0.1875,0.1875,,,
16.5662400722504,0,0.1875,0.1875,0.1875,0.1875,0.1875,0.1875,,,
16.5682399272919,0,0.1875,0.1875,0.1875,0.1875,0.1875,0.1875,,,
16.5701589584351,0,0.1875,0.1875,0.1875,0.1875,0.1875,0.1875,,,
16.5721590518951,0,0.1875,0.1875,0.1875,0.1875,0.1875,0.1875,,,
16.5741620063782,0,0.1875,0.1875,0.1875,0.1875,0.1875,0.1875,,,
16.5761649608612,0,0.1875,0.1875,0.1875,0.1875,0.1875,0.1875,,,
16.5781650543213,0,0.1875,0.1875,0.1875,0.1875,0.1875,0.1875,,,
16.5801680088043,0,0.1875,0.1875,0.1875,0.1875,0.1875,0.1875,,,
16.5821690559387,0,0.1875,0.1875,0.1875,0.1875,0.1875,0.1875,,,
16.5841710567474,0,0.1875,0.1875,0.1875,0.1875,0.1875,0.1875,,,
16.5861718654633,0,0.1875,0.1875,0.1875,0.1875,0.1875,0.1875,,,
16.5881750583649,0,0.1875,0.1875,0.1875,0.1875,0.1875,0.1875,,,
16.5901770591736,0,0.1875,0.1875,0.1875,0.1875,0.1875,0.1875,,,
16.5921778678894,0,0.1875,0.1875,0.1875,0.1875,0.1875,0.1875,,,
16.5941798686981,0,0.1875,0.1875,0.1875,0.1875,0.1875,0.1875,,,
16.5961830615997,0,0.1875,0.1875,0.1875,0.1875,0.1875,0.1875,,,
16.5981829166412,0,0.1875,0.1875,0.1875,0.1875,0.1875,0.1875,,,
16.6001858711243,0,0.1875,0.1875,0.1875,0.1875,0.1875,0.1875,,,
16.6021869182587,0,0.1875,0.1875,0.1875,0.1875,0.1875,0.1875,,,
16.6041889190674,0,0.1875,0.1875,0.1875,0.1875,0.1875,0.1875,,,
16.6061899662018,0,0.1875,0.1875,0.1875,0.1875,0.1875,0.1875,,,
16.6081929206848,0,0.1875,0.1875,0.1875,0.1875,0.1875,0.1875,,,
16.6101949214935,0,0.1875,0.1875,0.1875,0.1875,0.1875,0.1875,,,
16.6121959686279,0,0.1875,0.1875,0.1875,0.1875,0.1875,0.1875,,,
16.614198923111,0,0.1875,0.1875,0.1875,0.1875,0.1875,0.1875,,,
16.616199016571,0,0.1875,0.1875,0.1875,0.1875,0.1875,0.1875,,,
16.6182019710541,0,0.1875,0.1875,0.1875,0.1875,0.1875,0.1875,,,
16.6202020645142,0,0.1875,0.1875,0.1875,0.1875,0.1875,0.1875,,,
16.6222050189972,0,0.1875,0.1875,0.1875,0.1875,0.1875,0.1875,,,
16.6242079734802,0,0.1875,0.1875,0.1875,0.1875,0.1875,0.1875,,,
16.6262080669403,0,0.1875,0.1875,0.1875,0.1875,0.1875,0.1875,,,
16.6282110214233,0,0.1875,0.1875,0.1875,0.1875,0.1875,0.1875,,,
16.6302108764648,0,0.1875,0.1875,0.1875,0.1875,0.1875,0.1875,,,
16.6322140693665,0,0.1875,0.1875,0.1875,0.1875,0.1875,0.1875,,,
16.6342160701752,0,0.1875,0.1875,0.1875,0.1875,0.1875,0.1875,,,
16.636216878891,0,0.1875,0.1875,0.1875,0.1875,0.1875,0.1875,,,
16.6382188796997,0,0.1875,0.1875,0.1875,0.1875,0.1875,0.1875,,,
16.6402220726013,0,0.1875,0.1875,0.1875,0.1875,0.1875,0.1875,,,
16.6422228813171,0,0.1875,0.1875,0.1875,0.1875,0.1875,0.1875,,,
16.6442248821259,0,0.1875,0.1875,0.1875,0.1875,0.1875,0.1875,,,
16.6462259292603,0,0.1875,0.1875,0.1875,0.1875,0.1875,0.1875,,,
16.6482288837433,0,0.1875,0.1875,0.1875,0.1875,0.1875,0.1875,,,
16.650230884552,0,0.1875,0.1875,0.1875,0.1875,0.1875,0.1875,,,
16.6522319316864,0,0.1875,0.1875,0.1875,0.1875,0.1875,0.1875,,,
16.6542348861694,0,0.1875,0.1875,0.1875,0.1875,0.1875,0.1875,,,
16.6562349796295,0,0.1875,0.1875,0.1875,0.1875,0.1875,0.1875,,,
16.6582379341125,0,0.1875,0.1875,0.1875,0.1875,0.1875,0.1875,,,
16.6602380275726,0,0.1875,0.1875,0.1875,0.1875,0.1875,0.1875,,,
16.6622409820557,0,0.1875,0.1875,0.1875,0.1875,0.1875,0.1875,,,
16.6642429828644,0,0.1875,0.1875,0.1875,0.1875,0.1875,0.1875,,,
16.6662440299988,0,0.1875,0.1875,0.1875,0.1875,0.1875,0.1875,,,
16.6682460308075,0,0.1875,0.1875,0.1875,0.1875,0.1875,0.1875,,,
16.6702470779419,0,0.1875,0.1875,0.1875,0.1875,0.1875,0.1875,,,
16.6722500324249,0,0.1875,0.1875,0.1875,0.1875,0.1875,0.1875,,,
16.6742498874664,0,0.1875,0.1875,0.1875,0.1875,0.1875,0.1875,,,
16.676253080368,0,0.1875,0.1875,0.1875,0.1875,0.1875,0.1875,,,
16.6782560348511,0,0.1875,0.1875,0.1875,0.1875,0.1875,0.1875,,,
16.6802558898926,0,0.1875,0.1875,0.1875,0.1875,0.1875,0.1875,,,
16.6822590827942,0,0.1875,0.1875,0.1875,0.1875,0.1875,0.1875,,,
16.6842589378357,0,0.1875,0.1875,0.1875,0.1875,0.1875,0.1875,,,
16.6862618923187,0,0.1875,0.1875,0.1875,0.1875,0.1875,0.1875,,,
16.6882629394531,0,0.1875,0.1875,0.1875,0.1875,0.1875,0.1875,,,
16.6902649402618,0,0.1875,0.1875,0.1875,0.1875,0.1875,0.1875,,,
16.6922659873962,0,0.1875,0.1875,0.1875,0.1875,0.1875,0.1875,,,
16.6942689418793,0,0.1875,0.1875,0.1875,0.1875,0.1875,0.1875,,,
16.6962690353394,0,0.1875,0.1875,0.1875,0.1875,0.1875,0.1875,,,
16.6982719898224,0,0.1875,0.1875,0.1875,0.1875,0.1875,0.1875,,,
16.7002749443054,0,0.1875,0.1875,0.1875,0.1875,0.1875,0.1875,,,
16.7022750377655,0,0.1875,0.1875,0.1875,0.1875,0.1875,0.1875,,,
16.7042779922485,0,0.1875,0.1875,0.1875,0.1875,0.1875,0.1875,,,
16.7062780857086,0,0.1875,0.1875,0.1875,0.1875,0.1875,0.1875,,,
16.7082810401917,0,0.1875,0.1875,0.1875,0.1875,0.1875,0.1875,,,
16.7102808952332,0,0.1875,0.1875,0.1875,0.1875,0.1875,0.1875,,,
16.7122840881348,0,0.1875,0.1875,0.1875,0.1875,0.1875,0.1875,,,
16.7142870426178,0,0.1875,0.1875,0.1875,0.1875,0.1875,0.1875,,,
16.7162868976593,0,0.1875,0.1875,0.1875,0.1875,0.1875,0.1875,,,
16.7182900905609,0,0.1875,0.1875,0.1875,0.1875,0.1875,0.1875,,,
16.7202899456024,0,0.1875,0.1875,0.1875,0.1875,0.1875,0.1875,,,
16.7222929000854,0,0.1875,0.1875,0.1875,0.1875,0.1875,0.1875,,,
16.7242929935455,0,0.1875,0.1875,0.1875,0.1875,0.1875,0.1875,,,
16.7262959480286,0,0.1875,0.1875,0.1875,0.1875,0.1875,0.1875,,,
16.7282989025116,0,0.1875,0.1875,0.1875,0.1875,0.1875,0.1875,,,
16.730299949646,0,0.1875,0.1875,0.1875,0.1875,0.1875,0.1875,,,
16.7323019504547,0,0.1875,0.1875,0.1875,0.1875,0.1875,0.1875,,,
16.7343029975891,0,0.1875,0.1875,0.1875,0.1875,0.1875,0.1875,,,
16.7363059520721,0,0.1875,0.1875,0.1875,0.1875,0.1875,0.1875,,,
16.7383060455322,0,0.1875,0.1875,0.1875,0.1875,0.1875,0.1875,,,
16.7403090000153,0,0.1875,0.1875,0.1875,0.1875,0.1875,0.1875,,,
16.7423090934753,0,0.1875,0.1875,0.1875,0.1875,0.1875,0.1875,,,
16.7443120479584,0,0.1875,0.1875,0.1875,0.1875,0.1875,0.1875,,,
16.7463119029999,0,0.1875,0.1875,0.1875,0.1875,0.1875,0.1875,,,
16.7483150959015,0,0.1875,0.1875,0.1875,0.1875,0.1875,0.1875,,,
16.7503180503845,0,0.1875,0.1875,0.1875,0.1875,0.1875,0.1875,,,
16.752317905426,0,0.1875,0.1875,0.1875,0.1875,0.1875,0.1875,,,
16.7543210983276,0,0.1875,0.1875,0.1875,0.1875,0.1875,0.1875,,,
16.7563209533691,0,0.1875,0.1875,0.1875,0.1875,0.1875,0.1875,,,
16.7583239078522,0,0.1875,0.1875,0.1875,0.1875,0.1875,0.1875,,,
16.7603240013123,0,0.1875,0.1875,0.1875,0.1875,0.1875,0.1875,,,
16.7623269557953,0,0.1875,0.1875,0.1875,0.1875,0.1875,0.1875,,,
16.7643299102783,0,0.1875,0.1875,0.1875,0.1875,0.1875,0.1875,,,
16.7663300037384,0,0.1875,0.1875,0.1875,0.1875,0.1875,0.1875,,,
16.7683329582214,0,0.1875,0.1875,0.1875,0.1875,0.1875,0.1875,,,
16.7703330516815,0,0.1875,0.1875,0.1875,0.1875,0.1875,0.1875,,,
16.7723360061646,0,0.1875,0.1875,0.1875,0.1875,0.1875,0.1875,,,
16.7743389606476,0,0.1875,0.1875,0.1875,0.1875,0.1875,0.1875,,,
16.7763390541077,0,0.1875,0.1875,0.1875,0.1875,0.1875,0.1875,,,
16.7783420085907,0,0.1875,0.1875,0.1875,0.1875,0.1875,0.1875,,,
16.7803421020508,0,0.1875,0.1875,0.1875,0.1875,0.1875,0.1875,,,
16.7823450565338,0,0.1875,0.1875,0.1875,0.1875,0.1875,0.1875,,,
16.7843480110168,0,0.1875,0.1875,0.1875,0.1875,0.1875,0.1875,,,
16.7863478660584,0,0.1875,0.1875,0.1875,0.1875,0.1875,0.1875,,,
16.78835105896,0,0.1875,0.1875,0.1875,0.1875,0.1875,0.1875,,,
16.7903509140015,0,0.1875,0.1875,0.1875,0.1875,0.1875,0.1875,,,
16.7923538684845,0,0.1875,0.1875,0.1875,0.1875,0.1875,0.1875,,,
16.7943539619446,0,0.1875,0.1875,0.1875,0.1875,0.1875,0.1875,,,
16.7963569164276,0,0.1875,0.1875,0.1875,0.1875,0.1875,0.1875,,,
16.7983598709106,0,0.1875,0.1875,0.1875,0.1875,0.1875,0.1875,,,
16.8003599643707,0,0.1875,0.1875,0.1875,0.1875,0.1875,0.1875,,,
16.8023629188538,0,0.1875,0.1875,0.1875,0.1875,0.1875,0.1875,,,
16.8043630123138,0,0.1875,0.1875,0.1875,0.1875,0.1875,0.1875,,,
16.8063659667969,0,0.1875,0.1875,0.1875,0.1875,0.1875,0.1875,,,
16.8083689212799,0,0.1875,0.1875,0.1875,0.1875,0.1875,0.1875,,,
16.81036901474,0,0.1875,0.1875,0.1875,0.1875,0.1875,0.1875,,,
16.812371969223,0,0.1875,0.1875,0.1875,0.1875,0.1875,0.1875,,,
16.8143720626831,0,0.1875,0.1875,0.1875,0.1875,0.1875,0.1875,,,
16.8163750171661,0,0.1875,0.1875,0.1875,0.1875,0.1875,0.1875,,,
16.8183748722076,0,0.1875,0.1875,0.1875,0.1875,0.1875,0.1875,,,
16.8203780651093,0,0.1875,0.1875,0.1875,0.1875,0.1875,0.1875,,,
16.8223810195923,0,0.1875,0.1875,0.1875,0.1875,0.1875,0.1875,,,
16.8243808746338,0,0.1875,0.1875,0.1875,0.1875,0.1875,0.1875,,,
16.8263840675354,0,0.1875,0.1875,0.1875,0.1875,0.1875,0.1875,,,
16.8283839225769,0,0.1875,0.1875,0.1875,0.1875,0.1875,0.1875,,,
16.8303868770599,0,0.1875,0.1875,0.1875,0.1875,0.1875,0.1875,,,
16.8323900699615,0,0.1875,0.1875,0.1875,0.1875,0.1875,0.1875,,,
16.8343899250031,0,0.1875,0.1875,0.1875,0.1875,0.1875,0.1875,,,
16.8363928794861,0,0.1875,0.1875,0.1875,0.1875,0.1875,0.1875,,,
16.8383929729462,0,0.1875,0.1875,0.1875,0.1875,0.1875,0.1875,,,
16.8403959274292,0,0.1875,0.1875,0.1875,0.1875,0.1875,0.1875,,,
16.8423960208893,0,0.1875,0.1875,0.1875,0.1875,0.1875,0.1875,,,
16.8443989753723,0,0.1875,0.1875,0.1875,0.1875,0.1875,0.1875,,,
16.8464019298553,0,0.1875,0.1875,0.1875,0.1875,0.1875,0.1875,,,
16.8484020233154,0,0.1875,0.1875,0.1875,0.1875,0.1875,0.1875,,,
16.8504049777985,0,0.1875,0.1875,0.1875,0.1875,0.1875,0.1875,,,
16.8524050712585,0,0.1875,0.1875,0.1875,0.1875,0.1875,0.1875,,,
16.8544080257416,0,0.1875,0.1875,0.1875,0.1875,0.1875,0.1875,,,
16.856409072876,0,0.1875,0.1875,0.1875,0.1875,0.1875,0.1875,,,
16.8584110736847,0,0.1875,0.1875,0.1875,0.1875,0.1875,0.1875,,,
16.8604118824005,0,0.1875,0.1875,0.1875,0.1875,0.1875,0.1875,,,
16.8624138832092,0,0.1875,0.1875,0.1875,0.1875,0.1875,0.1875,,,
16.8644170761108,0,0.1875,0.1875,0.1875,0.1875,0.1875,0.1875,,,
16.8664178848267,0,0.1875,0.1875,0.1875,0.1875,0.1875,0.1875,,,
16.8684198856354,0,0.1875,0.1875,0.1875,0.1875,0.1875,0.1875,,,
16.8704209327698,0,0.1875,0.1875,0.1875,0.1875,0.1875,0.1875,,,
16.8724229335785,0,0.1875,0.1875,0.1875,0.1875,0.1875,0.1875,,,
16.8744258880615,0,0.1875,0.1875,0.1875,0.1875,0.1875,0.1875,,,
16.8764269351959,0,0.1875,0.1875,0.1875,0.1875,0.1875,0.1875,,,
16.8784289360046,0,0.1875,0.1875,0.1875,0.1875,0.1875,0.1875,,,
16.880429983139,0,0.1875,0.1875,0.1875,0.1875,0.1875,0.1875,,,
16.8824329376221,0,0.1875,0.1875,0.1875,0.1875,0.1875,0.1875,,,
16.8844330310822,0,0.1875,0.1875,0.1875,0.1875,0.1875,0.1875,,,
16.8864359855652,0,0.1875,0.1875,0.1875,0.1875,0.1875,0.1875,,,
16.8884379863739,0,0.1875,0.1875,0.1875,0.1875,0.1875,0.1875,,,
16.8904390335083,0,0.1875,0.1875,0.1875,0.1875,0.1875,0.1875,,,
16.892441034317,0,0.1875,0.1875,0.1875,0.1875,0.1875,0.1875,,,
16.8944420814514,0,0.1875,0.1875,0.1875,0.1875,0.1875,0.1875,,,
16.8964450359344,0,0.1875,0.1875,0.1875,0.1875,0.1875,0.1875,,,
16.898444890976,0,0.1875,0.1875,0.1875,0.1875,0.1875,0.1875,,,
16.9004480838776,0,0.1875,0.1875,0.1875,0.1875,0.1875,0.1875,,,
16.9024500846863,0,0.1875,0.1875,0.1875,0.1875,0.1875,0.1875,,,
16.9044508934021,0,0.1875,0.1875,0.1875,0.1875,0.1875,0.1875,,,
16.9064540863037,0,0.1875,0.1875,0.1875,0.1875,0.1875,0.1875,,,
16.9084539413452,0,0.1875,0.1875,0.1875,0.1875,0.1875,0.1875,,,
16.9104568958282,0,0.1875,0.1875,0.1875,0.1875,0.1875,0.1875,,,
16.912458896637,0,0.1875,0.1875,0.1875,0.1875,0.1875,0.1875,,,
16.9144599437714,0,0.1875,0.1875,0.1875,0.1875,0.1875,0.1875,,,
16.9164628982544,0,0.1875,0.1875,0.1875,0.1875,0.1875,0.1875,,,
16.9184629917145,0,0.1875,0.1875,0.1875,0.1875,0.1875,0.1875,,,
16.9204659461975,0,0.1875,0.1875,0.1875,0.1875,0.1875,0.1875,,,
16.9224660396576,0,0.1875,0.1875,0.1875,0.1875,0.1875,0.1875,,,
16.9244689941406,0,0.1875,0.1875,0.1875,0.1875,0.1875,0.1875,,,
16.9264719486237,0,0.1875,0.1875,0.1875,0.1875,0.1875,0.1875,,,
16.9284720420837,0,0.1875,0.1875,0.1875,0.1875,0.1875,0.1875,,,
16.9304749965668,0,0.1875,0.1875,0.1875,0.1875,0.1875,0.1875,,,
16.9324750900269,0,0.1875,0.1875,0.1875,0.1875,0.1875,0.1875,,,
16.9344780445099,0,0.1875,0.1875,0.1875,0.1875,0.1875,0.1875,,,
16.9364809989929,0,0.1875,0.1875,0.1875,0.1875,0.1875,0.1875,,,
16.938481092453,0,0.1875,0.1875,0.1875,0.1875,0.1875,0.1875,,,
16.940484046936,0,0.1875,0.1875,0.1875,0.1875,0.1875,0.1875,,,
16.9424839019775,0,0.1875,0.1875,0.1875,0.1875,0.1875,0.1875,,,
16.9444870948792,0,0.1875,0.1875,0.1875,0.1875,0.1875,0.1875,,,
16.9464890956879,0,0.1875,0.1875,0.1875,0.1875,0.1875,0.1875,,,
16.9484899044037,0,0.1875,0.1875,0.1875,0.1875,0.1875,0.1875,,,
16.9504930973053,0,0.1875,0.1875,0.1875,0.1875,0.1875,0.1875,,,
16.9524929523468,0,0.1875,0.1875,0.1875,0.1875,0.1875,0.1875,,,
16.9544959068298,0,0.1875,0.1875,0.1875,0.1875,0.1875,0.1875,,,
16.9564990997314,0,0.1875,0.1875,0.1875,0.1875,0.1875,0.1875,,,
16.9584989547729,0,0.1875,0.1875,0.1875,0.1875,0.1875,0.1875,,,
16.960501909256,0,0.1875,0.1875,0.1875,0.1875,0.1875,0.1875,,,
16.9625020027161,0,0.1875,0.1875,0.1875,0.1875,0.1875,0.1875,,,
16.9645049571991,0,0.1875,0.1875,0.1875,0.1875,0.1875,0.1875,,,
16.9665050506592,0,0.1875,0.1875,0.1875,0.1875,0.1875,0.1875,,,
16.9685080051422,0,0.1875,0.1875,0.1875,0.1875,0.1875,0.1875,,,
16.9705090522766,0,0.1875,0.1875,0.1875,0.1875,0.1875,0.1875,,,
16.9725110530853,0,0.1875,0.1875,0.1875,0.1875,0.1875,0.1875,,,
16.9745140075684,0,0.1875,0.1875,0.1875,0.1875,0.1875,0.1875,,,
16.9765141010284,0,0.1875,0.1875,0.1875,0.1875,0.1875,0.1875,,,
16.9785170555115,0,0.1875,0.1875,0.1875,0.1875,0.1875,0.1875,,,
16.9805181026459,0,0.1875,0.1875,0.1875,0.1875,0.1875,0.1875,,,
16.982519865036,0,0.1875,0.1875,0.1875,0.1875,0.1875,0.1875,,,
16.9845230579376,0,0.1875,0.1875,0.1875,0.1875,0.1875,0.1875,,,
16.9865229129791,0,0.1875,0.1875,0.1875,0.1875,0.1875,0.1875,,,
16.9885258674622,0,0.1875,0.1875,0.1875,0.1875,0.1875,0.1875,,,
16.9905259609222,0,0.1875,0.1875,0.1875,0.1875,0.1875,0.1875,,,
16.9925289154053,0,0.1875,0.1875,0.1875,0.1875,0.1875,0.1875,,,
16.9945299625397,0,0.1875,0.1875,0.1875,0.1875,0.1875,0.1875,,,
16.9965319633484,0,0.1875,0.1875,0.1875,0.1875,0.1875,0.1875,,,
16.9985349178314,0,0.1875,0.1875,0.1875,0.1875,0.1875,0.1875,,,
17.0005350112915,0,0.1875,0.1875,0.1875,0.1875,0.1875,0.1875,,,
17.0025379657745,0,0.1875,0.1875,0.1875,0.1875,0.1875,0.1875,,,
17.0045409202576,0,0.1875,0.1875,0.1875,0.1875,0.1875,0.1875,,,
17.0065410137177,0,0.1875,0.1875,0.1875,0.1875,0.1875,0.1875,,,
17.0085439682007,0,0.1875,0.1875,0.1875,0.1875,0.1875,0.1875,,,
17.0105440616608,0,0.1875,0.1875,0.1875,0.1875,0.1875,0.1875,,,
17.0125470161438,0,0.1875,0.1875,0.1875,0.1875,0.1875,0.1875,,,
17.0145499706268,0,0.1875,0.1875,0.1875,0.1875,0.1875,0.1875,,,
17.0165500640869,0,0.1875,0.1875,0.1875,0.1875,0.1875,0.1875,,,
17.0185530185699,0,0.1875,0.1875,0.1875,0.1875,0.1875,0.1875,,,
17.0205528736115,0,0.1875,0.1875,0.1875,0.1875,0.1875,0.1875,,,
17.0225560665131,0,0.1875,0.1875,0.1875,0.1875,0.1875,0.1875,,,
17.0245559215546,0,0.1875,0.1875,0.1875,0.1875,0.1875,0.1875,,,
17.0265588760376,0,0.1875,0.1875,0.1875,0.1875,0.1875,0.1875,,,
17.0285608768463,0,0.1875,0.1875,0.1875,0.1875,0.1875,0.1875,,,
17.030562877655,0,0.1875,0.1875,0.1875,0.1875,0.1875,0.1875,,,
17.0325639247894,0,0.1875,0.1875,0.1875,0.1875,0.1875,0.1875,,,
17.0345668792725,0,0.1875,0.1875,0.1875,0.1875,0.1875,0.1875,,,
17.0365669727325,0,0.1875,0.1875,0.1875,0.1875,0.1875,0.1875,,,
17.0385699272156,0,0.1875,0.1875,0.1875,0.1875,0.1875,0.1875,,,
17.0405728816986,0,0.1875,0.1875,0.1875,0.1875,0.1875,0.1875,,,
17.042573928833,0,0.1875,0.1875,0.1875,0.1875,0.1875,0.1875,,,
17.0445759296417,0,0.1875,0.1875,0.1875,0.1875,0.1875,0.1875,,,
17.0465769767761,0,0.1875,0.1875,0.1875,0.1875,0.1875,0.1875,,,
17.0485799312592,0,0.1875,0.1875,0.1875,0.1875,0.1875,0.1875,,,
17.0505800247192,0,0.1875,0.1875,0.1875,0.1875,0.1875,0.1875,,,
17.0525829792023,0,0.1875,0.1875,0.1875,0.1875,0.1875,0.1875,,,
17.0545859336853,0,0.1875,0.1875,0.1875,0.1875,0.1875,0.1875,,,
17.0565860271454,0,0.1875,0.1875,0.1875,0.1875,0.1875,0.1875,,,
17.0585889816284,0,0.1875,0.1875,0.1875,0.1875,0.1875,0.1875,,,
17.0605900287628,0,0.1875,0.1875,0.1875,0.1875,0.1875,0.1875,,,
17.0625929832459,0,0.1875,0.1875,0.1875,0.1875,0.1875,0.1875,,,
17.0645930767059,0,0.1875,0.1875,0.1875,0.1875,0.1875,0.1875,,,
17.066596031189,0,0.1875,0.1875,0.1875,0.1875,0.1875,0.1875,,,
17.068598985672,0,0.1875,0.1875,0.1875,0.1875,0.1875,0.1875,,,
17.0706000328064,0,0.1875,0.1875,0.1875,0.1875,0.1875,0.1875,,,
17.0726809501648,0,0.1875,0.1875,0.1875,0.1875,0.1875,0.1875,,,
17.0746810436249,0,0.1875,0.1875,0.1875,0.1875,0.1875,0.1875,,,
17.0766839981079,0,0.1875,0.1875,0.1875,0.1875,0.1875,0.1875,,,
17.078684091568,0,0.1875,0.1875,0.1875,0.1875,0.1875,0.1875,,,
17.080687046051,0,0.1875,0.1875,0.1875,0.1875,0.1875,0.1875,,,
17.0826900005341,0,0.1875,0.1875,0.1875,0.1875,0.1875,0.1875,,,
17.0846900939941,0,0.1875,0.1875,0.1875,0.1875,0.1875,0.1875,,,
17.0866930484772,0,0.1875,0.1875,0.1875,0.1875,0.1875,0.1875,,,
17.0886950492859,0,0.1875,0.1875,0.1875,0.1875,0.1875,0.1875,,,
17.0906949043274,0,0.1875,0.1875,0.1875,0.1875,0.1875,0.1875,,,
17.092698097229,0,0.1875,0.1875,0.1875,0.1875,0.1875,0.1875,,,
17.094701051712,0,0.1875,0.1875,0.1875,0.1875,0.1875,0.1875,,,
17.0967030525208,0,0.1875,0.1875,0.1875,0.1875,0.1875,0.1875,,,
17.0987029075623,0,0.1875,0.1875,0.1875,0.1875,0.1875,0.1875,,,
17.1007061004639,0,0.1875,0.1875,0.1875,0.1875,0.1875,0.1875,,,
17.1027069091797,0,0.1875,0.1875,0.1875,0.1875,0.1875,0.1875,,,
17.1047089099884,0,0.1875,0.1875,0.1875,0.1875,0.1875,0.1875,,,
17.10671210289,0,0.1875,0.1875,0.1875,0.1875,0.1875,0.1875,,,
17.1087119579315,0,0.1875,0.1875,0.1875,0.1875,0.1875,0.1875,,,
17.1107149124146,0,0.1875,0.1875,0.1875,0.1875,0.1875,0.1875,,,
17.1127169132233,0,0.1875,0.1875,0.1875,0.1875,0.1875,0.1875,,,
17.1147179603577,0,0.1875,0.1875,0.1875,0.1875,0.1875,0.1875,,,
17.1167199611664,0,0.1875,0.1875,0.1875,0.1875,0.1875,0.1875,,,
17.1187229156494,0,0.1875,0.1875,0.1875,0.1875,0.1875,0.1875,,,
17.1207230091095,0,0.1875,0.1875,0.1875,0.1875,0.1875,0.1875,,,
17.1227259635925,0,0.1875,0.1875,0.1875,0.1875,0.1875,0.1875,,,
17.1247289180756,0,0.1875,0.1875,0.1875,0.1875,0.1875,0.1875,,,
17.1267290115356,0,0.1875,0.1875,0.1875,0.1875,0.1875,0.1875,,,
17.1287310123444,0,0.1875,0.1875,0.1875,0.1875,0.1875,0.1875,,,
17.1307339668274,0,0.1875,0.1875,0.1875,0.1875,0.1875,0.1875,,,
17.1327340602875,0,0.1875,0.1875,0.1875,0.1875,0.1875,0.1875,,,
17.1347370147705,0,0.1875,0.1875,0.1875,0.1875,0.1875,0.1875,,,
17.136736869812,0,0.1875,0.1875,0.1875,0.1875,0.1875,0.1875,,,
17.1387400627136,0,0.1875,0.1875,0.1875,0.1875,0.1875,0.1875,,,
17.1407420635223,0,0.1875,0.1875,0.1875,0.1875,0.1875,0.1875,,,
17.1427428722382,0,0.1875,0.1875,0.1875,0.1875,0.1875,0.1875,,,
17.1447448730469,0,0.1875,0.1875,0.1875,0.1875,0.1875,0.1875,,,
17.1467480659485,0,0.1875,0.1875,0.1875,0.1875,0.1875,0.1875,,,
17.14874792099,0,0.1875,0.1875,0.1875,0.1875,0.1875,0.1875,,,
17.150750875473,0,0.1875,0.1875,0.1875,0.1875,0.1875,0.1875,,,
17.1527509689331,0,0.1875,0.1875,0.1875,0.1875,0.1875,0.1875,,,
17.1547539234161,0,0.1875,0.1875,0.1875,0.1875,0.1875,0.1875,,,
17.1567559242249,0,0.1875,0.1875,0.1875,0.1875,0.1875,0.1875,,,
17.1587569713593,0,0.1875,0.1875,0.1875,0.1875,0.1875,0.1875,,,
17.160758972168,0,0.1875,0.1875,0.1875,0.1875,0.1875,0.1875,,,
17.162761926651,0,0.1875,0.1875,0.1875,0.1875,0.1875,0.1875,,,
17.1647620201111,0,0.1875,0.1875,0.1875,0.1875,0.1875,0.1875,,,
17.1667640209198,0,0.1875,0.1875,0.1875,0.1875,0.1875,0.1875,,,
17.1687669754028,0,0.1875,0.1875,0.1875,0.1875,0.1875,0.1875,,,
17.1707670688629,0,0.1875,0.1875,0.1875,0.1875,0.1875,0.1875,,,
17.1727700233459,0,0.1875,0.1875,0.1875,0.1875,0.1875,0.1875,,,
17.1747779846191,0,0.1875,0.1875,0.1875,0.1875,0.1875,0.1875,,,
17.1767780780792,0,0.1875,0.1875,0.1875,0.1875,0.1875,0.1875,,,
17.1787810325623,0,0.1875,0.1875,0.1875,0.1875,0.1875,0.1875,,,
17.1807808876038,0,0.1875,0.1875,0.1875,0.1875,0.1875,0.1875,,,
17.1827809810638,0,0.1875,0.1875,0.1875,0.1875,0.1875,0.1875,,,
17.1847820281982,0,0.1875,0.1875,0.1875,0.1875,0.1875,0.1875,,,
17.1867818832397,0,0.1875,0.1875,0.1875,0.1875,0.1875,0.1875,,,
17.1887850761414,0,0.1875,0.1875,0.1875,0.1875,0.1875,0.1875,,,
17.1907880306244,0,0.1875,0.1875,0.1875,0.1875,0.1875,0.1875,,,
17.1927878856659,0,0.1875,0.1875,0.1875,0.1875,0.1875,0.1875,,,
17.1947910785675,0,0.1875,0.1875,0.1875,0.1875,0.1875,0.1875,,,
17.1967930793762,0,0.1875,0.1875,0.1875,0.1875,0.1875,0.1875,,,
17.198793888092,0,0.1875,0.1875,0.1875,0.1875,0.1875,0.1875,,,
17.2007958889008,0,0.1875,0.1875,0.1875,0.1875,0.1875,0.1875,,,
17.2027990818024,0,0.1875,0.1875,0.1875,0.1875,0.1875,0.1875,,,
17.2047989368439,0,0.1875,0.1875,0.1875,0.1875,0.1875,0.1875,,,
17.2068018913269,0,0.1875,0.1875,0.1875,0.1875,0.1875,0.1875,,,
17.208801984787,0,0.1875,0.1875,0.1875,0.1875,0.1875,0.1875,,,
17.21080493927,0,0.1875,0.1875,0.1875,0.1875,0.1875,0.1875,,,
17.2128050327301,0,0.1875,0.1875,0.1875,0.1875,0.1875,0.1875,,,
17.2148079872131,0,0.1875,0.1875,0.1875,0.1875,0.1875,0.1875,,,
17.2168109416962,0,0.1875,0.1875,0.1875,0.1875,0.1875,0.1875,,,
17.2188119888306,0,0.1875,0.1875,0.1875,0.1875,0.1875,0.1875,,,
17.2208139896393,0,0.1875,0.1875,0.1875,0.1875,0.1875,0.1875,,,
17.2228150367737,0,0.1875,0.1875,0.1875,0.1875,0.1875,0.1875,,,
17.2248179912567,0,0.1875,0.1875,0.1875,0.1875,0.1875,0.1875,,,
17.2268180847168,0,0.1875,0.1875,0.1875,0.1875,0.1875,0.1875,,,
17.2288210391998,0,0.1875,0.1875,0.1875,0.1875,0.1875,0.1875,,,
17.2308239936829,0,0.1875,0.1875,0.1875,0.1875,0.1875,0.1875,,,
17.2328240871429,0,0.1875,0.1875,0.1875,0.1875,0.1875,0.1875,,,
17.234827041626,0,0.1875,0.1875,0.1875,0.1875,0.1875,0.1875,,,
17.2368268966675,0,0.1875,0.1875,0.1875,0.1875,0.1875,0.1875,,,
17.2388300895691,0,0.1875,0.1875,0.1875,0.1875,0.1875,0.1875,,,
17.2408320903778,0,0.1875,0.1875,0.1875,0.1875,0.1875,0.1875,,,
17.2428328990936,0,0.1875,0.1875,0.1875,0.1875,0.1875,0.1875,,,
17.2448348999023,0,0.1875,0.1875,0.1875,0.1875,0.1875,0.1875,,,
17.246838092804,0,0.1875,0.1875,0.1875,0.1875,0.1875,0.1875,,,
17.2488389015198,0,0.1875,0.1875,0.1875,0.1875,0.1875,0.1875,,,
17.2508409023285,0,0.1875,0.1875,0.1875,0.1875,0.1875,0.1875,,,
17.2528419494629,0,0.1875,0.1875,0.1875,0.1875,0.1875,0.1875,,,
17.2548439502716,0,0.1875,0.1875,0.1875,0.1875,0.1875,0.1875,,,
17.256844997406,0,0.1875,0.1875,0.1875,0.1875,0.1875,0.1875,,,
17.2588469982147,0,0.1875,0.1875,0.1875,0.1875,0.1875,0.1875,,,
17.2608499526978,0,0.1875,0.1875,0.1875,0.1875,0.1875,0.1875,,,
17.2628500461578,0,0.1875,0.1875,0.1875,0.1875,0.1875,0.1875,,,
17.2648530006409,0,0.1875,0.1875,0.1875,0.1875,0.1875,0.1875,,,
17.2668559551239,0,0.1875,0.1875,0.1875,0.1875,0.1875,0.1875,,,
17.268856048584,0,0.1875,0.1875,0.1875,0.1875,0.1875,0.1875,,,
17.270859003067,0,0.1875,0.1875,0.1875,0.1875,0.1875,0.1875,,,
17.2728600502014,0,0.1875,0.1875,0.1875,0.1875,0.1875,0.1875,,,
17.2748630046844,0,0.1875,0.1875,0.1875,0.1875,0.1875,0.1875,,,
17.2768650054932,0,0.1875,0.1875,0.1875,0.1875,0.1875,0.1875,,,
17.2788660526276,0,0.1875,0.1875,0.1875,0.1875,0.1875,0.1875,,,
17.2808680534363,0,0.1875,0.1875,0.1875,0.1875,0.1875,0.1875,,,
17.2828691005707,0,0.1875,0.1875,0.1875,0.1875,0.1875,0.1875,,,
17.2848720550537,0,0.1875,0.1875,0.1875,0.1875,0.1875,0.1875,,,
17.2868740558624,0,0.1875,0.1875,0.1875,0.1875,0.1875,0.1875,,,
17.2888751029968,0,0.1875,0.1875,0.1875,0.1875,0.1875,0.1875,,,
17.2908780574799,0,0.1875,0.1875,0.1875,0.1875,0.1875,0.1875,,,
17.2928779125214,0,0.1875,0.1875,0.1875,0.1875,0.1875,0.1875,,,
17.2948808670044,0,0.1875,0.1875,0.1875,0.1875,0.1875,0.1875,,,
17.2968828678131,0,0.1875,0.1875,0.1875,0.1875,0.1875,0.1875,,,
17.2988839149475,0,0.1875,0.1875,0.1875,0.1875,0.1875,0.1875,,,
17.3008859157562,0,0.1875,0.1875,0.1875,0.1875,0.1875,0.1875,,,
17.3028888702393,0,0.1875,0.1875,0.1875,0.1875,0.1875,0.1875,,,
17.3048889636993,0,0.1875,0.1875,0.1875,0.1875,0.1875,0.1875,,,
17.3068919181824,0,0.1875,0.1875,0.1875,0.1875,0.1875,0.1875,,,
17.3088929653168,0,0.1875,0.1875,0.1875,0.1875,0.1875,0.1875,,,
17.3108949661255,0,0.1875,0.1875,0.1875,0.1875,0.1875,0.1875,,,
17.3128979206085,0,0.1875,0.1875,0.1875,0.1875,0.1875,0.1875,,,
17.3148980140686,0,0.1875,0.1875,0.1875,0.1875,0.1875,0.1875,,,
17.3169009685516,0,0.1875,0.1875,0.1875,0.1875,0.1875,0.1875,,,
17.318902015686,0,0.1875,0.1875,0.1875,0.1875,0.1875,0.1875,,,
17.3209040164948,0,0.1875,0.1875,0.1875,0.1875,0.1875,0.1875,,,
17.3229050636292,0,0.1875,0.1875,0.1875,0.1875,0.1875,0.1875,,,
17.3249080181122,0,0.1875,0.1875,0.1875,0.1875,0.1875,0.1875,,,
17.3269100189209,0,0.1875,0.1875,0.1875,0.1875,0.1875,0.1875,,,
17.3289110660553,0,0.1875,0.1875,0.1875,0.1875,0.1875,0.1875,,,
17.3309140205383,0,0.1875,0.1875,0.1875,0.1875,0.1875,0.1875,,,
17.3329138755798,0,0.1875,0.1875,0.1875,0.1875,0.1875,0.1875,,,
17.3349170684814,0,0.1875,0.1875,0.1875,0.1875,0.1875,0.1875,,,
17.3369169235229,0,0.1875,0.1875,0.1875,0.1875,0.1875,0.1875,,,
17.338919878006,0,0.1875,0.1875,0.1875,0.1875,0.1875,0.1875,,,
17.3409230709076,0,0.1875,0.1875,0.1875,0.1875,0.1875,0.1875,,,
17.3429229259491,0,0.1875,0.1875,0.1875,0.1875,0.1875,0.1875,,,
17.3449258804321,0,0.1875,0.1875,0.1875,0.1875,0.1875,0.1875,,,
17.3469259738922,0,0.1875,0.1875,0.1875,0.1875,0.1875,0.1875,,,
17.3489289283752,0,0.1875,0.1875,0.1875,0.1875,0.1875,0.1875,,,
17.3509318828583,0,0.1875,0.1875,0.1875,0.1875,0.1875,0.1875,,,
17.3529319763184,0,0.1875,0.1875,0.1875,0.1875,0.1875,0.1875,,,
17.3549349308014,0,0.1875,0.1875,0.1875,0.1875,0.1875,0.1875,,,
17.3569350242615,0,0.1875,0.1875,0.1875,0.1875,0.1875,0.1875,,,
17.3589379787445,0,0.1875,0.1875,0.1875,0.1875,0.1875,0.1875,,,
17.3609390258789,0,0.1875,0.1875,0.1875,0.1875,0.1875,0.1875,,,
17.3629410266876,0,0.1875,0.1875,0.1875,0.1875,0.1875,0.1875,,,
17.3649439811707,0,0.1875,0.1875,0.1875,0.1875,0.1875,0.1875,,,
17.3669450283051,0,0.1875,0.1875,0.1875,0.1875,0.1875,0.1875,,,
17.3689479827881,0,0.1875,0.1875,0.1875,0.1875,0.1875,0.1875,,,
17.3709480762482,0,0.1875,0.1875,0.1875,0.1875,0.1875,0.1875,,,
17.3729510307312,0,0.1875,0.1875,0.1875,0.1875,0.1875,0.1875,,,
17.3749508857727,0,0.1875,0.1875,0.1875,0.1875,0.1875,0.1875,,,
17.3769540786743,0,0.1875,0.1875,0.1875,0.1875,0.1875,0.1875,,,
17.3789539337158,0,0.1875,0.1875,0.1875,0.1875,0.1875,0.1875,,,
17.3809568881989,0,0.1875,0.1875,0.1875,0.1875,0.1875,0.1875,,,
17.3829600811005,0,0.1875,0.1875,0.1875,0.1875,0.1875,0.1875,,,
17.384959936142,0,0.1875,0.1875,0.1875,0.1875,0.1875,0.1875,,,
17.386962890625,0,0.1875,0.1875,0.1875,0.1875,0.1875,0.1875,,,
17.3889629840851,0,0.1875,0.1875,0.1875,0.1875,0.1875,0.1875,,,
17.3909659385681,0,0.1875,0.1875,0.1875,0.1875,0.1875,0.1875,,,
17.3929688930511,0,0.1875,0.1875,0.1875,0.1875,0.1875,0.1875,,,
17.3949689865112,0,0.1875,0.1875,0.1875,0.1875,0.1875,0.1875,,,
17.3969719409943,0,0.1875,0.1875,0.1875,0.1875,0.1875,0.1875,,,
17.3989720344543,0,0.1875,0.1875,0.1875,0.1875,0.1875,0.1875,,,
17.4009749889374,0,0.1875,0.1875,0.1875,0.1875,0.1875,0.1875,,,
17.4029779434204,0,0.1875,0.1875,0.1875,0.1875,0.1875,0.1875,,,
17.4049780368805,0,0.1875,0.1875,0.1875,0.1875,0.1875,0.1875,,,
17.4069809913635,0,0.1875,0.1875,0.1875,0.1875,0.1875,0.1875,,,
17.4089839458466,0,0.1875,0.1875,0.1875,0.1875,0.1875,0.1875,,,
17.4109840393066,0,0.1875,0.1875,0.1875,0.1875,0.1875,0.1875,,,
17.4129869937897,0,0.1875,0.1875,0.1875,0.1875,0.1875,0.1875,,,
17.4149899482727,0,0.1875,0.1875,0.1875,0.1875,0.1875,0.1875,,,
17.4169900417328,0,0.1875,0.1875,0.1875,0.1875,0.1875,0.1875,,,
17.4189929962158,0,0.1875,0.1875,0.1875,0.1875,0.1875,0.1875,,,
17.4209930896759,0,0.1875,0.1875,0.1875,0.1875,0.1875,0.1875,,,
17.4229960441589,0,0.1875,0.1875,0.1875,0.1875,0.1875,0.1875,,,
17.424998998642,0,0.1875,0.1875,0.1875,0.1875,0.1875,0.1875,,,
17.4269990921021,0,0.1875,0.1875,0.1875,0.1875,0.1875,0.1875,,,
17.4290020465851,0,0.1875,0.1875,0.1875,0.1875,0.1875,0.1875,,,
17.4310019016266,0,0.1875,0.1875,0.1875,0.1875,0.1875,0.1875,,,
17.4330050945282,0,0.1875,0.1875,0.1875,0.1875,0.1875,0.1875,,,
17.4350080490112,0,0.1875,0.1875,0.1875,0.1875,0.1875,0.1875,,,
17.4370079040527,0,0.1875,0.1875,0.1875,0.1875,0.1875,0.1875,,,
17.4390110969543,0,0.1875,0.1875,0.1875,0.1875,0.1875,0.1875,,,
17.4410119056702,0,0.1875,0.1875,0.1875,0.1875,0.1875,0.1875,,,
17.4430139064789,0,0.1875,0.1875,0.1875,0.1875,0.1875,0.1875,,,
17.4450170993805,0,0.1875,0.1875,0.1875,0.1875,0.1875,0.1875,,,
17.4470179080963,0,0.1875,0.1875,0.1875,0.1875,0.1875,0.1875,,,
17.449019908905,0,0.1875,0.1875,0.1875,0.1875,0.1875,0.1875,,,
17.4510209560394,0,0.1875,0.1875,0.1875,0.1875,0.1875,0.1875,,,
17.4530239105225,0,0.1875,0.1875,0.1875,0.1875,0.1875,0.1875,,,
17.4550259113312,0,0.1875,0.1875,0.1875,0.1875,0.1875,0.1875,,,
17.4570269584656,0,0.1875,0.1875,0.1875,0.1875,0.1875,0.1875,,,
17.4590289592743,0,0.1875,0.1875,0.1875,0.1875,0.1875,0.1875,,,
17.4610300064087,0,0.1875,0.1875,0.1875,0.1875,0.1875,0.1875,,,
17.4630320072174,0,0.1875,0.1875,0.1875,0.1875,0.1875,0.1875,,,
17.4650330543518,0,0.1875,0.1875,0.1875,0.1875,0.1875,0.1875,,,
17.4670360088348,0,0.1875,0.1875,0.1875,0.1875,0.1875,0.1875,,,
17.4690380096436,0,0.1875,0.1875,0.1875,0.1875,0.1875,0.1875,,,
17.471039056778,0,0.1875,0.1875,0.1875,0.1875,0.1875,0.1875,,,
17.4730410575867,0,0.1875,0.1875,0.1875,0.1875,0.1875,0.1875,,,
17.4750418663025,0,0.1875,0.1875,0.1875,0.1875,0.1875,0.1875,,,
17.4770438671112,0,0.1875,0.1875,0.1875,0.1875,0.1875,0.1875,,,
17.4790470600128,0,0.1875,0.1875,0.1875,0.1875,0.1875,0.1875,,,
17.4810469150543,0,0.1875,0.1875,0.1875,0.1875,0.1875,0.1875,,,
17.4830498695374,0,0.1875,0.1875,0.1875,0.1875,0.1875,0.1875,,,
17.485053062439,0,0.1875,0.1875,0.1875,0.1875,0.1875,0.1875,,,
17.4870538711548,0,0.1875,0.1875,0.1875,0.1875,0.1875,0.1875,,,
17.4890558719635,0,0.1875,0.1875,0.1875,0.1875,0.1875,0.1875,,,
17.4910569190979,0,0.1875,0.1875,0.1875,0.1875,0.1875,0.1875,,,
17.4930589199066,0,0.1875,0.1875,0.1875,0.1875,0.1875,0.1875,,,
17.4950618743896,0,0.1875,0.1875,0.1875,0.1875,0.1875,0.1875,,,
17.4970619678497,0,0.1875,0.1875,0.1875,0.1875,0.1875,0.1875,,,
17.4990649223328,0,0.1875,0.1875,0.1875,0.1875,0.1875,0.1875,,,
17.5010659694672,0,0.1875,0.1875,0.1875,0.1875,0.1875,0.1875,,,
17.5030679702759,0,0.1875,0.1875,0.1875,0.1875,0.1875,0.1875,,,
17.5050709247589,0,0.1875,0.1875,0.1875,0.1875,0.1875,0.1875,,,
17.5070719718933,0,0.1875,0.1875,0.1875,0.1875,0.1875,0.1875,,,
17.509073972702,0,0.1875,0.1875,0.1875,0.1875,0.1875,0.1875,,,
17.5110750198364,0,0.1875,0.1875,0.1875,0.1875,0.1875,0.1875,,,
17.5130770206451,0,0.1875,0.1875,0.1875,0.1875,0.1875,0.1875,,,
17.5150799751282,0,0.1875,0.1875,0.1875,0.1875,0.1875,0.1875,,,
17.5170810222626,0,0.1875,0.1875,0.1875,0.1875,0.1875,0.1875,,,
17.5190830230713,0,0.1875,0.1875,0.1875,0.1875,0.1875,0.1875,,,
17.5210840702057,0,0.1875,0.1875,0.1875,0.1875,0.1875,0.1875,,,
17.5230870246887,0,0.1875,0.1875,0.1875,0.1875,0.1875,0.1875,,,
17.5250890254974,0,0.1875,0.1875,0.1875,0.1875,0.1875,0.1875,,,
17.5270900726318,0,0.1875,0.1875,0.1875,0.1875,0.1875,0.1875,,,
17.5290920734406,0,0.1875,0.1875,0.1875,0.1875,0.1875,0.1875,,,
17.5310950279236,0,0.1875,0.1875,0.1875,0.1875,0.1875,0.1875,,,
17.533096075058,0,0.1875,0.1875,0.1875,0.1875,0.1875,0.1875,,,
17.5350980758667,0,0.1875,0.1875,0.1875,0.1875,0.1875,0.1875,,,
17.5370988845825,0,0.1875,0.1875,0.1875,0.1875,0.1875,0.1875,,,
17.5391020774841,0,0.1875,0.1875,0.1875,0.1875,0.1875,0.1875,,,
17.5411040782928,0,0.1875,0.1875,0.1875,0.1875,0.1875,0.1875,,,
17.5431048870087,0,0.1875,0.1875,0.1875,0.1875,0.1875,0.1875,,,
17.5451080799103,0,0.1875,0.1875,0.1875,0.1875,0.1875,0.1875,,,
17.5471079349518,0,0.1875,0.1875,0.1875,0.1875,0.1875,0.1875,,,
17.5491108894348,0,0.1875,0.1875,0.1875,0.1875,0.1875,0.1875,,,
17.5511109828949,0,0.1875,0.1875,0.1875,0.1875,0.1875,0.1875,,,
17.5531139373779,0,0.1875,0.1875,0.1875,0.1875,0.1875,0.1875,,,
17.555116891861,0,0.1875,0.1875,0.1875,0.1875,0.1875,0.1875,,,
17.557116985321,0,0.1875,0.1875,0.1875,0.1875,0.1875,0.1875,,,
17.5591199398041,0,0.1875,0.1875,0.1875,0.1875,0.1875,0.1875,,,
17.5611200332642,0,0.1875,0.1875,0.1875,0.1875,0.1875,0.1875,,,
17.5631229877472,0,0.1875,0.1875,0.1875,0.1875,0.1875,0.1875,,,
17.5651259422302,0,0.1875,0.1875,0.1875,0.1875,0.1875,0.1875,,,
17.5671260356903,0,0.1875,0.1875,0.1875,0.1875,0.1875,0.1875,,,
17.5691289901733,0,0.1875,0.1875,0.1875,0.1875,0.1875,0.1875,,,
17.5711290836334,0,0.1875,0.1875,0.1875,0.1875,0.1875,0.1875,,,
17.573098897934,0,0.1875,0.1875,0.1875,0.1875,0.1875,0.1875,,,
17.575098991394,0,0.1875,0.1875,0.1875,0.1875,0.1875,0.1875,,,
17.5771019458771,0,0.1875,0.1875,0.1875,0.1875,0.1875,0.1875,,,
17.5791020393372,0,0.1875,0.1875,0.1875,0.1875,0.1875,0.1875,,,
17.5811049938202,0,0.1875,0.1875,0.1875,0.1875,0.1875,0.1875,,,
17.5831079483032,0,0.1875,0.1875,0.1875,0.1875,0.1875,0.1875,,,
17.5851080417633,0,0.1875,0.1875,0.1875,0.1875,0.1875,0.1875,,,
17.5871109962463,0,0.1875,0.1875,0.1875,0.1875,0.1875,0.1875,,,
17.5891110897064,0,0.1875,0.1875,0.1875,0.1875,0.1875,0.1875,,,
17.5911140441895,0,0.1875,0.1875,0.1875,0.1875,0.1875,0.1875,,,
17.593113899231,0,0.1875,0.1875,0.1875,0.1875,0.1875,0.1875,,,
17.5951170921326,0,0.1875,0.1875,0.1875,0.1875,0.1875,0.1875,,,
17.5971169471741,0,0.1875,0.1875,0.1875,0.1875,0.1875,0.1875,,,
17.5991199016571,0,0.1875,0.1875,0.1875,0.1875,0.1875,0.1875,,,
17.6011230945587,0,0.1875,0.1875,0.1875,0.1875,0.1875,0.1875,,,
17.6031229496002,0,0.1875,0.1875,0.1875,0.1875,0.1875,0.1875,,,
17.6051259040833,0,0.1875,0.1875,0.1875,0.1875,0.1875,0.1875,,,
17.6071259975433,0,0.1875,0.1875,0.1875,0.1875,0.1875,0.1875,,,
17.6091289520264,0,0.1875,0.1875,0.1875,0.1875,0.1875,0.1875,,,
17.6111290454865,0,0.1875,0.1875,0.1875,0.1875,0.1875,0.1875,,,
17.6131319999695,0,0.1875,0.1875,0.1875,0.1875,0.1875,0.1875,,,
17.6151349544525,0,0.1875,0.1875,0.1875,0.1875,0.1875,0.1875,,,
17.6171350479126,0,0.1875,0.1875,0.1875,0.1875,0.1875,0.1875,,,
17.6191380023956,0,0.1875,0.1875,0.1875,0.1875,0.1875,0.1875,,,
17.6211380958557,0,0.1875,0.1875,0.1875,0.1875,0.1875,0.1875,,,
17.6231410503387,0,0.1875,0.1875,0.1875,0.1875,0.1875,0.1875,,,
17.6251440048218,0,0.1875,0.1875,0.1875,0.1875,0.1875,0.1875,,,
17.6271440982819,0,0.1875,0.1875,0.1875,0.1875,0.1875,0.1875,,,
17.6291470527649,0,0.1875,0.1875,0.1875,0.1875,0.1875,0.1875,,,
17.6311469078064,0,0.1875,0.1875,0.1875,0.1875,0.1875,0.1875,,,
17.633150100708,0,0.1875,0.1875,0.1875,0.1875,0.1875,0.1875,,,
17.635153055191,0,0.1875,0.1875,0.1875,0.1875,0.1875,0.1875,,,
17.6371529102325,0,0.1875,0.1875,0.1875,0.1875,0.1875,0.1875,,,
17.6391561031342,0,0.1875,0.1875,0.1875,0.1875,0.1875,0.1875,,,
17.6411559581757,0,0.1875,0.1875,0.1875,0.1875,0.1875,0.1875,,,
17.6431589126587,0,0.1875,0.1875,0.1875,0.1875,0.1875,0.1875,,,
17.6451590061188,0,0.1875,0.1875,0.1875,0.1875,0.1875,0.1875,,,
17.6471619606018,0,0.1875,0.1875,0.1875,0.1875,0.1875,0.1875,,,
17.6491620540619,0,0.1875,0.1875,0.1875,0.1875,0.1875,0.1875,,,
17.6511650085449,0,0.1875,0.1875,0.1875,0.1875,0.1875,0.1875,,,
17.653167963028,0,0.1875,0.1875,0.1875,0.1875,0.1875,0.1875,,,
17.655168056488,0,0.1875,0.1875,0.1875,0.1875,0.1875,0.1875,,,
17.6571710109711,0,0.1875,0.1875,0.1875,0.1875,0.1875,0.1875,,,
17.6591708660126,0,0.1875,0.1875,0.1875,0.1875,0.1875,0.1875,,,
17.6611740589142,0,0.1875,0.1875,0.1875,0.1875,0.1875,0.1875,,,
17.6631739139557,0,0.1875,0.1875,0.1875,0.1875,0.1875,0.1875,,,
17.6651768684387,0,0.1875,0.1875,0.1875,0.1875,0.1875,0.1875,,,
17.6671800613403,0,0.1875,0.1875,0.1875,0.1875,0.1875,0.1875,,,
17.6691799163818,0,0.1875,0.1875,0.1875,0.1875,0.1875,0.1875,,,
17.6711828708649,0,0.1875,0.1875,0.1875,0.1875,0.1875,0.1875,,,
17.673182964325,0,0.1875,0.1875,0.1875,0.1875,0.1875,0.1875,,,
17.675185918808,0,0.1875,0.1875,0.1875,0.1875,0.1875,0.1875,,,
17.677188873291,0,0.1875,0.1875,0.1875,0.1875,0.1875,0.1875,,,
17.6791889667511,0,0.1875,0.1875,0.1875,0.1875,0.1875,0.1875,,,
17.6811919212341,0,0.1875,0.1875,0.1875,0.1875,0.1875,0.1875,,,
17.6831920146942,0,0.1875,0.1875,0.1875,0.1875,0.1875,0.1875,,,
17.6851949691772,0,0.1875,0.1875,0.1875,0.1875,0.1875,0.1875,,,
17.6871979236603,0,0.1875,0.1875,0.1875,0.1875,0.1875,0.1875,,,
17.6891980171204,0,0.1875,0.1875,0.1875,0.1875,0.1875,0.1875,,,
17.6912009716034,0,0.1875,0.1875,0.1875,0.1875,0.1875,0.1875,,,
17.6932010650635,0,0.1875,0.1875,0.1875,0.1875,0.1875,0.1875,,,
17.6952040195465,0,0.1875,0.1875,0.1875,0.1875,0.1875,0.1875,,,
17.6972050666809,0,0.1875,0.1875,0.1875,0.1875,0.1875,0.1875,,,
17.6992070674896,0,0.1875,0.1875,0.1875,0.1875,0.1875,0.1875,,,
17.7012100219727,0,0.1875,0.1875,0.1875,0.1875,0.1875,0.1875,,,
17.7032110691071,0,0.1875,0.1875,0.1875,0.1875,0.1875,0.1875,,,
17.7052140235901,0,0.1875,0.1875,0.1875,0.1875,0.1875,0.1875,,,
17.7072138786316,0,0.1875,0.1875,0.1875,0.1875,0.1875,0.1875,,,
17.7092170715332,0,0.1875,0.1875,0.1875,0.1875,0.1875,0.1875,,,
17.7112169265747,0,0.1875,0.1875,0.1875,0.1875,0.1875,0.1875,,,
17.7132198810577,0,0.1875,0.1875,0.1875,0.1875,0.1875,0.1875,,,
17.7152230739594,0,0.1875,0.1875,0.1875,0.1875,0.1875,0.1875,,,
17.7172229290009,0,0.1875,0.1875,0.1875,0.1875,0.1875,0.1875,,,
17.7192258834839,0,0.1875,0.1875,0.1875,0.1875,0.1875,0.1875,,,
17.721225976944,0,0.1875,0.1875,0.1875,0.1875,0.1875,0.1875,,,
17.723228931427,0,0.1875,0.1875,0.1875,0.1875,0.1875,0.1875,,,
17.7252290248871,0,0.1875,0.1875,0.1875,0.1875,0.1875,0.1875,,,
17.7272319793701,0,0.1875,0.1875,0.1875,0.1875,0.1875,0.1875,,,
17.7292349338531,0,0.1875,0.1875,0.1875,0.1875,0.1875,0.1875,,,
17.7312350273132,0,0.1875,0.1875,0.1875,0.1875,0.1875,0.1875,,,
17.7332379817963,0,0.1875,0.1875,0.1875,0.1875,0.1875,0.1875,,,
17.7352380752563,0,0.1875,0.1875,0.1875,0.1875,0.1875,0.1875,,,
17.7372410297394,0,0.1875,0.1875,0.1875,0.1875,0.1875,0.1875,,,
17.7392439842224,0,0.1875,0.1875,0.1875,0.1875,0.1875,0.1875,,,
17.7412440776825,0,0.1875,0.1875,0.1875,0.1875,0.1875,0.1875,,,
17.7432470321655,0,0.1875,0.1875,0.1875,0.1875,0.1875,0.1875,,,
17.745246887207,0,0.1875,0.1875,0.1875,0.1875,0.1875,0.1875,,,
17.7472500801086,0,0.1875,0.1875,0.1875,0.1875,0.1875,0.1875,,,
17.7492530345917,0,0.1875,0.1875,0.1875,0.1875,0.1875,0.1875,,,
17.7512528896332,0,0.1875,0.1875,0.1875,0.1875,0.1875,0.1875,,,
17.7532560825348,0,0.1875,0.1875,0.1875,0.1875,0.1875,0.1875,,,
17.7552559375763,0,0.1875,0.1875,0.1875,0.1875,0.1875,0.1875,,,
17.7572588920593,0,0.1875,0.1875,0.1875,0.1875,0.1875,0.1875,,,
17.7592589855194,0,0.1875,0.1875,0.1875,0.1875,0.1875,0.1875,,,
17.7612619400024,0,0.1875,0.1875,0.1875,0.1875,0.1875,0.1875,,,
17.7632648944855,0,0.1875,0.1875,0.1875,0.1875,0.1875,0.1875,,,
17.7652649879456,0,0.1875,0.1875,0.1875,0.1875,0.1875,0.1875,,,
17.7672679424286,0,0.1875,0.1875,0.1875,0.1875,0.1875,0.1875,,,
17.7692680358887,0,0.1875,0.1875,0.1875,0.1875,0.1875,0.1875,,,
17.7712709903717,0,0.1875,0.1875,0.1875,0.1875,0.1875,0.1875,,,
17.7732720375061,0,0.1875,0.1875,0.1875,0.1875,0.1875,0.1875,,,
17.7752749919891,0,0.1875,0.1875,0.1875,0.1875,0.1875,0.1875,,,
17.7772769927979,0,0.1875,0.1875,0.1875,0.1875,0.1875,0.1875,,,
17.7792780399323,0,0.1875,0.1875,0.1875,0.1875,0.1875,0.1875,,,
17.781280040741,0,0.1875,0.1875,0.1875,0.1875,0.1875,0.1875,,,
17.7832810878754,0,0.1875,0.1875,0.1875,0.1875,0.1875,0.1875,,,
17.7852840423584,0,0.1875,0.1875,0.1875,0.1875,0.1875,0.1875,,,
17.7872860431671,0,0.1875,0.1875,0.1875,0.1875,0.1875,0.1875,,,
17.7892870903015,0,0.1875,0.1875,0.1875,0.1875,0.1875,0.1875,,,
17.7912900447845,0,0.1875,0.1875,0.1875,0.1875,0.1875,0.1875,,,
17.7932898998261,0,0.1875,0.1875,0.1875,0.1875,0.1875,0.1875,,,
17.7952930927277,0,0.1875,0.1875,0.1875,0.1875,0.1875,0.1875,,,
17.7972929477692,0,0.1875,0.1875,0.1875,0.1875,0.1875,0.1875,,,
17.7992959022522,0,0.1875,0.1875,0.1875,0.1875,0.1875,0.1875,,,
17.8012979030609,0,0.1875,0.1875,0.1875,0.1875,0.1875,0.1875,,,
17.8032989501953,0,0.1875,0.1875,0.1875,0.1875,0.1875,0.1875,,,
17.8053019046783,0,0.1875,0.1875,0.1875,0.1875,0.1875,0.1875,,,
17.8073019981384,0,0.1875,0.1875,0.1875,0.1875,0.1875,0.1875,,,
17.8093049526215,0,0.1875,0.1875,0.1875,0.1875,0.1875,0.1875,,,
17.8113050460815,0,0.1875,0.1875,0.1875,0.1875,0.1875,0.1875,,,
17.8133080005646,0,0.1875,0.1875,0.1875,0.1875,0.1875,0.1875,,,
17.8153109550476,0,0.1875,0.1875,0.1875,0.1875,0.1875,0.1875,,,
17.8173110485077,0,0.1875,0.1875,0.1875,0.1875,0.1875,0.1875,,,
17.8193140029907,0,0.1875,0.1875,0.1875,0.1875,0.1875,0.1875,,,
17.8213140964508,0,0.1875,0.1875,0.1875,0.1875,0.1875,0.1875,,,
17.8233170509338,0,0.1875,0.1875,0.1875,0.1875,0.1875,0.1875,,,
17.8253169059753,0,0.1875,0.1875,0.1875,0.1875,0.1875,0.1875,,,
17.827320098877,0,0.1875,0.1875,0.1875,0.1875,0.1875,0.1875,,,
17.8293199539185,0,0.1875,0.1875,0.1875,0.1875,0.1875,0.1875,,,
17.8313229084015,0,0.1875,0.1875,0.1875,0.1875,0.1875,0.1875,,,
17.8333261013031,0,0.1875,0.1875,0.1875,0.1875,0.1875,0.1875,,,
17.8353259563446,0,0.1875,0.1875,0.1875,0.1875,0.1875,0.1875,,,
17.8373289108276,0,0.1875,0.1875,0.1875,0.1875,0.1875,0.1875,,,
17.8393290042877,0,0.1875,0.1875,0.1875,0.1875,0.1875,0.1875,,,
17.8413319587708,0,0.1875,0.1875,0.1875,0.1875,0.1875,0.1875,,,
17.8433330059052,0,0.1875,0.1875,0.1875,0.1875,0.1875,0.1875,,,
17.8453350067139,0,0.1875,0.1875,0.1875,0.1875,0.1875,0.1875,,,
17.8473360538483,0,0.1875,0.1875,0.1875,0.1875,0.1875,0.1875,,,
17.8493390083313,0,0.1875,0.1875,0.1875,0.1875,0.1875,0.1875,,,
17.85134100914,0,0.1875,0.1875,0.1875,0.1875,0.1875,0.1875,,,
17.8533420562744,0,0.1875,0.1875,0.1875,0.1875,0.1875,0.1875,,,
17.8553450107574,0,0.1875,0.1875,0.1875,0.1875,0.1875,0.1875,,,
17.857344865799,0,0.1875,0.1875,0.1875,0.1875,0.1875,0.1875,,,
17.8593480587006,0,0.1875,0.1875,0.1875,0.1875,0.1875,0.1875,,,
17.8613479137421,0,0.1875,0.1875,0.1875,0.1875,0.1875,0.1875,,,
17.8633508682251,0,0.1875,0.1875,0.1875,0.1875,0.1875,0.1875,,,
17.8653540611267,0,0.1875,0.1875,0.1875,0.1875,0.1875,0.1875,,,
17.8673539161682,0,0.1875,0.1875,0.1875,0.1875,0.1875,0.1875,,,
17.8693568706512,0,0.1875,0.1875,0.1875,0.1875,0.1875,0.1875,,,
17.8713569641113,0,0.1875,0.1875,0.1875,0.1875,0.1875,0.1875,,,
17.8733599185944,0,0.1875,0.1875,0.1875,0.1875,0.1875,0.1875,,,
17.8753600120544,0,0.1875,0.1875,0.1875,0.1875,0.1875,0.1875,,,
17.8773629665375,0,0.1875,0.1875,0.1875,0.1875,0.1875,0.1875,,,
17.8793659210205,0,0.1875,0.1875,0.1875,0.1875,0.1875,0.1875,,,
17.8813660144806,0,0.1875,0.1875,0.1875,0.1875,0.1875,0.1875,,,
17.8833689689636,0,0.1875,0.1875,0.1875,0.1875,0.1875,0.1875,,,
17.885370016098,0,0.1875,0.1875,0.1875,0.1875,0.1875,0.1875,,,
17.8873720169067,0,0.1875,0.1875,0.1875,0.1875,0.1875,0.1875,,,
17.8893730640411,0,0.1875,0.1875,0.1875,0.1875,0.1875,0.1875,,,
17.8913750648499,0,0.1875,0.1875,0.1875,0.1875,0.1875,0.1875,,,
17.8933758735657,0,0.1875,0.1875,0.1875,0.1875,0.1875,0.1875,,,
17.8953778743744,0,0.1875,0.1875,0.1875,0.1875,0.1875,0.1875,,,
17.897381067276,0,0.1875,0.1875,0.1875,0.1875,0.1875,0.1875,,,
17.8993818759918,0,0.1875,0.1875,0.1875,0.1875,0.1875,0.1875,,,
17.9013838768005,0,0.1875,0.1875,0.1875,0.1875,0.1875,0.1875,,,
17.9033849239349,0,0.1875,0.1875,0.1875,0.1875,0.1875,0.1875,,,
17.9053869247437,0,0.1875,0.1875,0.1875,0.1875,0.1875,0.1875,,,
17.9073879718781,0,0.1875,0.1875,0.1875,0.1875,0.1875,0.1875,,,
17.9093909263611,0,0.1875,0.1875,0.1875,0.1875,0.1875,0.1875,,,
17.9113910198212,0,0.1875,0.1875,0.1875,0.1875,0.1875,0.1875,,,
17.9133939743042,0,0.1875,0.1875,0.1875,0.1875,0.1875,0.1875,,,
17.9153940677643,0,0.1875,0.1875,0.1875,0.1875,0.1875,0.1875,,,
17.9173970222473,0,0.1875,0.1875,0.1875,0.1875,0.1875,0.1875,,,
17.9193999767303,0,0.1875,0.1875,0.1875,0.1875,0.1875,0.1875,,,
17.9214000701904,0,0.1875,0.1875,0.1875,0.1875,0.1875,0.1875,,,
17.9234030246735,0,0.1875,0.1875,0.1875,0.1875,0.1875,0.1875,,,
17.925402879715,0,0.1875,0.1875,0.1875,0.1875,0.1875,0.1875,,,
17.9274060726166,0,0.1875,0.1875,0.1875,0.1875,0.1875,0.1875,,,
17.9294059276581,0,0.1875,0.1875,0.1875,0.1875,0.1875,0.1875,,,
17.9314088821411,0,0.1875,0.1875,0.1875,0.1875,0.1875,0.1875,,,
17.9334089756012,0,0.1875,0.1875,0.1875,0.1875,0.1875,0.1875,,,
17.9354119300842,0,0.1875,0.1875,0.1875,0.1875,0.1875,0.1875,,,
17.9374148845673,0,0.1875,0.1875,0.1875,0.1875,0.1875,0.1875,,,
17.9394149780273,0,0.1875,0.1875,0.1875,0.1875,0.1875,0.1875,,,
17.9414179325104,0,0.1875,0.1875,0.1875,0.1875,0.1875,0.1875,,,
17.9434180259705,0,0.1875,0.1875,0.1875,0.1875,0.1875,0.1875,,,
17.9454209804535,0,0.1875,0.1875,0.1875,0.1875,0.1875,0.1875,,,
17.9474239349365,0,0.1875,0.1875,0.1875,0.1875,0.1875,0.1875,,,
17.9494240283966,0,0.1875,0.1875,0.1875,0.1875,0.1875,0.1875,,,
17.9514269828796,0,0.1875,0.1875,0.1875,0.1875,0.1875,0.1875,,,
17.9534270763397,0,0.1875,0.1875,0.1875,0.1875,0.1875,0.1875,,,
17.9554300308228,0,0.1875,0.1875,0.1875,0.1875,0.1875,0.1875,,,
17.9574298858643,0,0.1875,0.1875,0.1875,0.1875,0.1875,0.1875,,,
17.9594330787659,0,0.1875,0.1875,0.1875,0.1875,0.1875,0.1875,,,
17.9614338874817,0,0.1875,0.1875,0.1875,0.1875,0.1875,0.1875,,,
17.9634358882904,0,0.1875,0.1875,0.1875,0.1875,0.1875,0.1875,,,
17.9654369354248,0,0.1875,0.1875,0.1875,0.1875,0.1875,0.1875,,,
17.9674398899078,0,0.1875,0.1875,0.1875,0.1875,0.1875,0.1875,,,
17.9694430828094,0,0.1875,0.1875,0.1875,0.1875,0.1875,0.1875,,,
17.971442937851,0,0.1875,0.1875,0.1875,0.1875,0.1875,0.1875,,,
17.973445892334,0,0.1875,0.1875,0.1875,0.1875,0.1875,0.1875,,,
17.9754459857941,0,0.1875,0.1875,0.1875,0.1875,0.1875,0.1875,,,
17.9774489402771,0,0.1875,0.1875,0.1875,0.1875,0.1875,0.1875,,,
17.9794490337372,0,0.1875,0.1875,0.1875,0.1875,0.1875,0.1875,,,
17.9814519882202,0,0.1875,0.1875,0.1875,0.1875,0.1875,0.1875,,,
17.9834549427032,0,0.1875,0.1875,0.1875,0.1875,0.1875,0.1875,,,
17.9854550361633,0,0.1875,0.1875,0.1875,0.1875,0.1875,0.1875,,,
17.9874579906464,0,0.1875,0.1875,0.1875,0.1875,0.1875,0.1875,,,
17.9894580841064,0,0.1875,0.1875,0.1875,0.1875,0.1875,0.1875,,,
17.9914610385895,0,0.1875,0.1875,0.1875,0.1875,0.1875,0.1875,,,
17.993460893631,0,0.1875,0.1875,0.1875,0.1875,0.1875,0.1875,,,
17.9954640865326,0,0.1875,0.1875,0.1875,0.1875,0.1875,0.1875,,,
17.9974639415741,0,0.1875,0.1875,0.1875,0.1875,0.1875,0.1875,,,
17.9994668960571,0,0.1875,0.1875,0.1875,0.1875,0.1875,0.1875,,,
18.0014679431915,0,0.1875,0.1875,0.1875,0.1875,0.1875,0.1875,,,
18.0034699440002,0,0.1875,0.1875,0.1875,0.1875,0.1875,0.1875,,,
18.0054709911346,0,0.1875,0.1875,0.1875,0.1875,0.1875,0.1875,,,
18.0074739456177,0,0.1875,0.1875,0.1875,0.1875,0.1875,0.1875,,,
18.0094759464264,0,0.1875,0.1875,0.1875,0.1875,0.1875,0.1875,,,
18.0114769935608,0,0.1875,0.1875,0.1875,0.1875,0.1875,0.1875,,,
18.0134789943695,0,0.1875,0.1875,0.1875,0.1875,0.1875,0.1875,,,
18.0154800415039,0,0.1875,0.1875,0.1875,0.1875,0.1875,0.1875,,,
18.0174820423126,0,0.1875,0.1875,0.1875,0.1875,0.1875,0.1875,,,
18.019483089447,0,0.1875,0.1875,0.1875,0.1875,0.1875,0.1875,,,
18.0214860439301,0,0.1875,0.1875,0.1875,0.1875,0.1875,0.1875,,,
18.0234858989716,0,0.1875,0.1875,0.1875,0.1875,0.1875,0.1875,,,
18.0254890918732,0,0.1875,0.1875,0.1875,0.1875,0.1875,0.1875,,,
18.0274920463562,0,0.1875,0.1875,0.1875,0.1875,0.1875,0.1875,,,
18.0294919013977,0,0.1875,0.1875,0.1875,0.1875,0.1875,0.1875,,,
18.0314950942993,0,0.1875,0.1875,0.1875,0.1875,0.1875,0.1875,,,
18.0334949493408,0,0.1875,0.1875,0.1875,0.1875,0.1875,0.1875,,,
18.0354979038239,0,0.1875,0.1875,0.1875,0.1875,0.1875,0.1875,,,
18.0374979972839,0,0.1875,0.1875,0.1875,0.1875,0.1875,0.1875,,,
18.039500951767,0,0.1875,0.1875,0.1875,0.1875,0.1875,0.1875,,,
18.0415010452271,0,0.1875,0.1875,0.1875,0.1875,0.1875,0.1875,,,
18.0435039997101,0,0.1875,0.1875,0.1875,0.1875,0.1875,0.1875,,,
18.0455040931702,0,0.1875,0.1875,0.1875,0.1875,0.1875,0.1875,,,
18.0475070476532,0,0.1875,0.1875,0.1875,0.1875,0.1875,0.1875,,,
18.0495069026947,0,0.1875,0.1875,0.1875,0.1875,0.1875,0.1875,,,
18.0515100955963,0,0.1875,0.1875,0.1875,0.1875,0.1875,0.1875,,,
18.0535130500793,0,0.1875,0.1875,0.1875,0.1875,0.1875,0.1875,,,
18.0555129051209,0,0.1875,0.1875,0.1875,0.1875,0.1875,0.1875,,,
18.0575160980225,0,0.1875,0.1875,0.1875,0.1875,0.1875,0.1875,,,
18.0595169067383,0,0.1875,0.1875,0.1875,0.1875,0.1875,0.1875,,,
18.061518907547,0,0.1875,0.1875,0.1875,0.1875,0.1875,0.1875,,,
18.0635199546814,0,0.1875,0.1875,0.1875,0.1875,0.1875,0.1875,,,
18.0655229091644,0,0.1875,0.1875,0.1875,0.1875,0.1875,0.1875,,,
18.0675230026245,0,0.1875,0.1875,0.1875,0.1875,0.1875,0.1875,,,
18.0695259571075,0,0.1875,0.1875,0.1875,0.1875,0.1875,0.1875,,,
18.0716490745544,0,0.1875,0.1875,0.1875,0.1875,0.1875,0.1875,,,
18.0736520290375,0,0.1875,0.1875,0.1875,0.1875,0.1875,0.1875,,,
18.075651884079,0,0.1875,0.1875,0.1875,0.1875,0.1875,0.1875,,,
18.0776550769806,0,0.1875,0.1875,0.1875,0.1875,0.1875,0.1875,,,
18.0796549320221,0,0.1875,0.1875,0.1875,0.1875,0.1875,0.1875,,,
18.0816578865051,0,0.1875,0.1875,0.1875,0.1875,0.1875,0.1875,,,
18.0836610794067,0,0.1875,0.1875,0.1875,0.1875,0.1875,0.1875,,,
18.0856618881226,0,0.1875,0.1875,0.1875,0.1875,0.1875,0.1875,,,
18.0876638889313,0,0.1875,0.1875,0.1875,0.1875,0.1875,0.1875,,,
18.0896649360657,0,0.1875,0.1875,0.1875,0.1875,0.1875,0.1875,,,
18.0916678905487,0,0.1875,0.1875,0.1875,0.1875,0.1875,0.1875,,,
18.0936679840088,0,0.1875,0.1875,0.1875,0.1875,0.1875,0.1875,,,
18.0956709384918,0,0.1875,0.1875,0.1875,0.1875,0.1875,0.1875,,,
18.0976710319519,0,0.1875,0.1875,0.1875,0.1875,0.1875,0.1875,,,
18.0996739864349,0,0.1875,0.1875,0.1875,0.1875,0.1875,0.1875,,,
18.101674079895,0,0.1875,0.1875,0.1875,0.1875,0.1875,0.1875,,,
18.1036770343781,0,0.1875,0.1875,0.1875,0.1875,0.1875,0.1875,,,
18.1056780815125,0,0.1875,0.1875,0.1875,0.1875,0.1875,0.1875,,,
18.1076800823212,0,0.1875,0.1875,0.1875,0.1875,0.1875,0.1875,,,
18.1096830368042,0,0.1875,0.1875,0.1875,0.1875,0.1875,0.1875,,,
18.1116840839386,0,0.1875,0.1875,0.1875,0.1875,0.1875,0.1875,,,
18.1136870384216,0,0.1875,0.1875,0.1875,0.1875,0.1875,0.1875,,,
18.1156868934631,0,0.1875,0.1875,0.1875,0.1875,0.1875,0.1875,,,
18.1176900863647,0,0.1875,0.1875,0.1875,0.1875,0.1875,0.1875,,,
18.1196899414063,0,0.1875,0.1875,0.1875,0.1875,0.1875,0.1875,,,
18.1216928958893,0,0.1875,0.1875,0.1875,0.1875,0.1875,0.1875,,,
18.123694896698,0,0.1875,0.1875,0.1875,0.1875,0.1875,0.1875,,,
18.1256959438324,0,0.1875,0.1875,0.1875,0.1875,0.1875,0.1875,,,
18.1276988983154,0,0.1875,0.1875,0.1875,0.1875,0.1875,0.1875,,,
18.1296989917755,0,0.1875,0.1875,0.1875,0.1875,0.1875,0.1875,,,
18.1317019462585,0,0.1875,0.1875,0.1875,0.1875,0.1875,0.1875,,,
18.1337020397186,0,0.1875,0.1875,0.1875,0.1875,0.1875,0.1875,,,
18.1357049942017,0,0.1875,0.1875,0.1875,0.1875,0.1875,0.1875,,,
18.1377050876617,0,0.1875,0.1875,0.1875,0.1875,0.1875,0.1875,,,
18.1397080421448,0,0.1875,0.1875,0.1875,0.1875,0.1875,0.1875,,,
18.1417078971863,0,0.1875,0.1875,0.1875,0.1875,0.1875,0.1875,,,
18.1437110900879,0,0.1875,0.1875,0.1875,0.1875,0.1875,0.1875,,,
18.1457140445709,0,0.1875,0.1875,0.1875,0.1875,0.1875,0.1875,,,
18.1477150917053,0,0.1875,0.1875,0.1875,0.1875,0.1875,0.1875,,,
18.149717092514,0,0.1875,0.1875,0.1875,0.1875,0.1875,0.1875,,,
18.1517179012299,0,0.1875,0.1875,0.1875,0.1875,0.1875,0.1875,,,
18.1537199020386,0,0.1875,0.1875,0.1875,0.1875,0.1875,0.1875,,,
18.155720949173,0,0.1875,0.1875,0.1875,0.1875,0.1875,0.1875,,,
18.157723903656,0,0.1875,0.1875,0.1875,0.1875,0.1875,0.1875,,,
18.1597259044647,0,0.1875,0.1875,0.1875,0.1875,0.1875,0.1875,,,
18.1617269515991,0,0.1875,0.1875,0.1875,0.1875,0.1875,0.1875,,,
18.1637289524078,0,0.1875,0.1875,0.1875,0.1875,0.1875,0.1875,,,
18.1657299995422,0,0.1875,0.1875,0.1875,0.1875,0.1875,0.1875,,,
18.1677329540253,0,0.1875,0.1875,0.1875,0.1875,0.1875,0.1875,,,
18.1697330474854,0,0.1875,0.1875,0.1875,0.1875,0.1875,0.1875,,,
18.1717360019684,0,0.1875,0.1875,0.1875,0.1875,0.1875,0.1875,,,
18.1737360954285,0,0.1875,0.1875,0.1875,0.1875,0.1875,0.1875,,,
18.1757390499115,0,0.1875,0.1875,0.1875,0.1875,0.1875,0.1875,,,
18.1777400970459,0,0.1875,0.1875,0.1875,0.1875,0.1875,0.1875,,,
18.1797430515289,0,0.1875,0.1875,0.1875,0.1875,0.1875,0.1875,,,
18.1817429065704,0,0.1875,0.1875,0.1875,0.1875,0.1875,0.1875,,,
18.183746099472,0,0.1875,0.1875,0.1875,0.1875,0.1875,0.1875,,,
18.1857490539551,0,0.1875,0.1875,0.1875,0.1875,0.1875,0.1875,,,
18.1877501010895,0,0.1875,0.1875,0.1875,0.1875,0.1875,0.1875,,,
18.1897521018982,0,0.1875,0.1875,0.1875,0.1875,0.1875,0.1875,,,
18.191752910614,0,0.1875,0.1875,0.1875,0.1875,0.1875,0.1875,,,
18.193755865097,0,0.1875,0.1875,0.1875,0.1875,0.1875,0.1875,,,
18.1957559585571,0,0.1875,0.1875,0.1875,0.1875,0.1875,0.1875,,,
18.1977589130402,0,0.1875,0.1875,0.1875,0.1875,0.1875,0.1875,,,
18.1997599601746,0,0.1875,0.1875,0.1875,0.1875,0.1875,0.1875,,,
18.2017619609833,0,0.1875,0.1875,0.1875,0.1875,0.1875,0.1875,,,
18.2037649154663,0,0.1875,0.1875,0.1875,0.1875,0.1875,0.1875,,,
18.2057659626007,0,0.1875,0.1875,0.1875,0.1875,0.1875,0.1875,,,
18.2077689170837,0,0.1875,0.1875,0.1875,0.1875,0.1875,0.1875,,,
18.2097690105438,0,0.1875,0.1875,0.1875,0.1875,0.1875,0.1875,,,
18.2117719650269,0,0.1875,0.1875,0.1875,0.1875,0.1875,0.1875,,,
18.2137720584869,0,0.1875,0.1875,0.1875,0.1875,0.1875,0.1875,,,
18.21577501297,0,0.1875,0.1875,0.1875,0.1875,0.1875,0.1875,,,
18.2177760601044,0,0.1875,0.1875,0.1875,0.1875,0.1875,0.1875,,,
18.2197780609131,0,0.1875,0.1875,0.1875,0.1875,0.1875,0.1875,,,
18.2217788696289,0,0.1875,0.1875,0.1875,0.1875,0.1875,0.1875,,,
18.2237820625305,0,0.1875,0.1875,0.1875,0.1875,0.1875,0.1875,,,
18.2257828712463,0,0.1875,0.1875,0.1875,0.1875,0.1875,0.1875,,,
18.2277860641479,0,0.1875,0.1875,0.1875,0.1875,0.1875,0.1875,,,
18.2297859191895,0,0.1875,0.1875,0.1875,0.1875,0.1875,0.1875,,,
18.2317888736725,0,0.1875,0.1875,0.1875,0.1875,0.1875,0.1875,,,
18.2337908744812,0,0.1875,0.1875,0.1875,0.1875,0.1875,0.1875,,,
18.2357909679413,0,0.1875,0.1875,0.1875,0.1875,0.1875,0.1875,,,
18.2377939224243,0,0.1875,0.1875,0.1875,0.1875,0.1875,0.1875,,,
18.2397949695587,0,0.1875,0.1875,0.1875,0.1875,0.1875,0.1875,,,
18.2417969703674,0,0.1875,0.1875,0.1875,0.1875,0.1875,0.1875,,,
18.2437999248505,0,0.1875,0.1875,0.1875,0.1875,0.1875,0.1875,,,
18.2458000183105,0,0.1875,0.1875,0.1875,0.1875,0.1875,0.1875,,,
18.2478029727936,0,0.1875,0.1875,0.1875,0.1875,0.1875,0.1875,,,
18.2498049736023,0,0.1875,0.1875,0.1875,0.1875,0.1875,0.1875,,,
18.2518060207367,0,0.1875,0.1875,0.1875,0.1875,0.1875,0.1875,,,
18.2538080215454,0,0.1875,0.1875,0.1875,0.1875,0.1875,0.1875,,,
18.2558090686798,0,0.1875,0.1875,0.1875,0.1875,0.1875,0.1875,,,
18.2578110694885,0,0.1875,0.1875,0.1875,0.1875,0.1875,0.1875,,,
18.2598130702972,0,0.1875,0.1875,0.1875,0.1875,0.1875,0.1875,,,
18.2618138790131,0,0.1875,0.1875,0.1875,0.1875,0.1875,0.1875,,,
18.2638170719147,0,0.1875,0.1875,0.1875,0.1875,0.1875,0.1875,,,
18.2658190727234,0,0.1875,0.1875,0.1875,0.1875,0.1875,0.1875,,,
18.2678189277649,0,0.1875,0.1875,0.1875,0.1875,0.1875,0.1875,,,
18.2698218822479,0,0.1875,0.1875,0.1875,0.1875,0.1875,0.1875,,,
18.271821975708,0,0.1875,0.1875,0.1875,0.1875,0.1875,0.1875,,,
18.273824930191,0,0.1875,0.1875,0.1875,0.1875,0.1875,0.1875,,,
18.2758278846741,0,0.1875,0.1875,0.1875,0.1875,0.1875,0.1875,,,
18.2778279781342,0,0.1875,0.1875,0.1875,0.1875,0.1875,0.1875,,,
18.2798299789429,0,0.1875,0.1875,0.1875,0.1875,0.1875,0.1875,,,
18.2818329334259,0,0.1875,0.1875,0.1875,0.1875,0.1875,0.1875,,,
18.283833026886,0,0.1875,0.1875,0.1875,0.1875,0.1875,0.1875,,,
18.285835981369,0,0.1875,0.1875,0.1875,0.1875,0.1875,0.1875,,,
18.2878360748291,0,0.1875,0.1875,0.1875,0.1875,0.1875,0.1875,,,
18.2898390293121,0,0.1875,0.1875,0.1875,0.1875,0.1875,0.1875,,,
18.2918419837952,0,0.1875,0.1875,0.1875,0.1875,0.1875,0.1875,,,
18.2938420772552,0,0.1875,0.1875,0.1875,0.1875,0.1875,0.1875,,,
18.295844078064,0,0.1875,0.1875,0.1875,0.1875,0.1875,0.1875,,,
18.2978448867798,0,0.1875,0.1875,0.1875,0.1875,0.1875,0.1875,,,
18.2998468875885,0,0.1875,0.1875,0.1875,0.1875,0.1875,0.1875,,,
18.3018500804901,0,0.1875,0.1875,0.1875,0.1875,0.1875,0.1875,,,
18.3038499355316,0,0.1875,0.1875,0.1875,0.1875,0.1875,0.1875,,,
18.3058528900146,0,0.1875,0.1875,0.1875,0.1875,0.1875,0.1875,,,
18.3078529834747,0,0.1875,0.1875,0.1875,0.1875,0.1875,0.1875,,,
18.3098549842834,0,0.1875,0.1875,0.1875,0.1875,0.1875,0.1875,,,
18.3118579387665,0,0.1875,0.1875,0.1875,0.1875,0.1875,0.1875,,,
18.3138580322266,0,0.1875,0.1875,0.1875,0.1875,0.1875,0.1875,,,
18.3158659934998,0,0.1875,0.1875,0.1875,0.1875,0.1875,0.1875,,,
18.3178660869598,0,0.1875,0.1875,0.1875,0.1875,0.1875,0.1875,,,
18.3198690414429,0,0.1875,0.1875,0.1875,0.1875,0.1875,0.1875,,,
18.3218688964844,0,0.1875,0.1875,0.1875,0.1875,0.1875,0.1875,,,
18.3238699436188,0,0.1875,0.1875,0.1875,0.1875,0.1875,0.1875,,,
18.3258700370789,0,0.1875,0.1875,0.1875,0.1875,0.1875,0.1875,,,
18.3278698921204,0,0.1875,0.1875,0.1875,0.1875,0.1875,0.1875,,,
18.329873085022,0,0.1875,0.1875,0.1875,0.1875,0.1875,0.1875,,,
18.3318729400635,0,0.1875,0.1875,0.1875,0.1875,0.1875,0.1875,,,
18.3338758945465,0,0.1875,0.1875,0.1875,0.1875,0.1875,0.1875,,,
18.3358759880066,0,0.1875,0.1875,0.1875,0.1875,0.1875,0.1875,,,
18.3378789424896,0,0.1875,0.1875,0.1875,0.1875,0.1875,0.1875,,,
18.3398790359497,0,0.1875,0.1875,0.1875,0.1875,0.1875,0.1875,,,
18.3418819904327,0,0.1875,0.1875,0.1875,0.1875,0.1875,0.1875,,,
18.3438830375671,0,0.1875,0.1875,0.1875,0.1875,0.1875,0.1875,,,
18.3458850383759,0,0.1875,0.1875,0.1875,0.1875,0.1875,0.1875,,,
18.3478879928589,0,0.1875,0.1875,0.1875,0.1875,0.1875,0.1875,,,
18.349888086319,0,0.1875,0.1875,0.1875,0.1875,0.1875,0.1875,,,
18.351891040802,0,0.1875,0.1875,0.1875,0.1875,0.1875,0.1875,,,
18.3538908958435,0,0.1875,0.1875,0.1875,0.1875,0.1875,0.1875,,,
18.3558940887451,0,0.1875,0.1875,0.1875,0.1875,0.1875,0.1875,,,
18.3578939437866,0,0.1875,0.1875,0.1875,0.1875,0.1875,0.1875,,,
18.3598968982697,0,0.1875,0.1875,0.1875,0.1875,0.1875,0.1875,,,
18.3618969917297,0,0.1875,0.1875,0.1875,0.1875,0.1875,0.1875,,,
18.3638999462128,0,0.1875,0.1875,0.1875,0.1875,0.1875,0.1875,,,
18.3659009933472,0,0.1875,0.1875,0.1875,0.1875,0.1875,0.1875,,,
18.3679029941559,0,0.1875,0.1875,0.1875,0.1875,0.1875,0.1875,,,
18.3699059486389,0,0.1875,0.1875,0.1875,0.1875,0.1875,0.1875,,,
18.3719069957733,0,0.1875,0.1875,0.1875,0.1875,0.1875,0.1875,,,
18.3739099502563,0,0.1875,0.1875,0.1875,0.1875,0.1875,0.1875,,,
18.3759100437164,0,0.1875,0.1875,0.1875,0.1875,0.1875,0.1875,,,
18.3779129981995,0,0.1875,0.1875,0.1875,0.1875,0.1875,0.1875,,,
18.3799130916595,0,0.1875,0.1875,0.1875,0.1875,0.1875,0.1875,,,
18.3819160461426,0,0.1875,0.1875,0.1875,0.1875,0.1875,0.1875,,,
18.3839159011841,0,0.1875,0.1875,0.1875,0.1875,0.1875,0.1875,,,
18.3859190940857,0,0.1875,0.1875,0.1875,0.1875,0.1875,0.1875,,,
18.3879189491272,0,0.1875,0.1875,0.1875,0.1875,0.1875,0.1875,,,
18.3899219036102,0,0.1875,0.1875,0.1875,0.1875,0.1875,0.1875,,,
18.3919250965118,0,0.1875,0.1875,0.1875,0.1875,0.1875,0.1875,,,
18.3939249515533,0,0.1875,0.1875,0.1875,0.1875,0.1875,0.1875,,,
18.3959279060364,0,0.1875,0.1875,0.1875,0.1875,0.1875,0.1875,,,
18.3979279994965,0,0.1875,0.1875,0.1875,0.1875,0.1875,0.1875,,,
18.3999309539795,0,0.1875,0.1875,0.1875,0.1875,0.1875,0.1875,,,
18.4019320011139,0,0.1875,0.1875,0.1875,0.1875,0.1875,0.1875,,,
18.4039340019226,0,0.1875,0.1875,0.1875,0.1875,0.1875,0.1875,,,
18.405935049057,0,0.1875,0.1875,0.1875,0.1875,0.1875,0.1875,,,
18.4079370498657,0,0.1875,0.1875,0.1875,0.1875,0.1875,0.1875,,,
18.4099400043488,0,0.1875,0.1875,0.1875,0.1875,0.1875,0.1875,,,
18.4119400978088,0,0.1875,0.1875,0.1875,0.1875,0.1875,0.1875,,,
18.4139430522919,0,0.1875,0.1875,0.1875,0.1875,0.1875,0.1875,,,
18.4159429073334,0,0.1875,0.1875,0.1875,0.1875,0.1875,0.1875,,,
18.417946100235,0,0.1875,0.1875,0.1875,0.1875,0.1875,0.1875,,,
18.4199469089508,0,0.1875,0.1875,0.1875,0.1875,0.1875,0.1875,,,
18.4219489097595,0,0.1875,0.1875,0.1875,0.1875,0.1875,0.1875,,,
18.4239521026611,0,0.1875,0.1875,0.1875,0.1875,0.1875,0.1875,,,
18.4259519577026,0,0.1875,0.1875,0.1875,0.1875,0.1875,0.1875,,,
18.4279549121857,0,0.1875,0.1875,0.1875,0.1875,0.1875,0.1875,,,
18.4299559593201,0,0.1875,0.1875,0.1875,0.1875,0.1875,0.1875,,,
18.4319579601288,0,0.1875,0.1875,0.1875,0.1875,0.1875,0.1875,,,
18.4339609146118,0,0.1875,0.1875,0.1875,0.1875,0.1875,0.1875,,,
18.4359619617462,0,0.1875,0.1875,0.1875,0.1875,0.1875,0.1875,,,
18.4379639625549,0,0.1875,0.1875,0.1875,0.1875,0.1875,0.1875,,,
18.4399650096893,0,0.1875,0.1875,0.1875,0.1875,0.1875,0.1875,,,
18.441967010498,0,0.1875,0.1875,0.1875,0.1875,0.1875,0.1875,,,
18.4439699649811,0,0.1875,0.1875,0.1875,0.1875,0.1875,0.1875,,,
18.4459710121155,0,0.1875,0.1875,0.1875,0.1875,0.1875,0.1875,,,
18.4479730129242,0,0.1875,0.1875,0.1875,0.1875,0.1875,0.1875,,,
18.4499740600586,0,0.1875,0.1875,0.1875,0.1875,0.1875,0.1875,,,
18.4519770145416,0,0.1875,0.1875,0.1875,0.1875,0.1875,0.1875,,,
18.4539768695831,0,0.1875,0.1875,0.1875,0.1875,0.1875,0.1875,,,
18.4559800624847,0,0.1875,0.1875,0.1875,0.1875,0.1875,0.1875,,,
18.4579830169678,0,0.1875,0.1875,0.1875,0.1875,0.1875,0.1875,,,
18.4599828720093,0,0.1875,0.1875,0.1875,0.1875,0.1875,0.1875,,,
18.4619860649109,0,0.1875,0.1875,0.1875,0.1875,0.1875,0.1875,,,
18.4639859199524,0,0.1875,0.1875,0.1875,0.1875,0.1875,0.1875,,,
18.4659888744354,0,0.1875,0.1875,0.1875,0.1875,0.1875,0.1875,,,
18.4679889678955,0,0.1875,0.1875,0.1875,0.1875,0.1875,0.1875,,,
18.4699919223785,0,0.1875,0.1875,0.1875,0.1875,0.1875,0.1875,,,
18.4719920158386,0,0.1875,0.1875,0.1875,0.1875,0.1875,0.1875,,,
18.4739949703217,0,0.1875,0.1875,0.1875,0.1875,0.1875,0.1875,,,
18.4759979248047,0,0.1875,0.1875,0.1875,0.1875,0.1875,0.1875,,,
18.4779980182648,0,0.1875,0.1875,0.1875,0.1875,0.1875,0.1875,,,
18.4800009727478,0,0.1875,0.1875,0.1875,0.1875,0.1875,0.1875,,,
18.4820020198822,0,0.1875,0.1875,0.1875,0.1875,0.1875,0.1875,,,
18.4840040206909,0,0.1875,0.1875,0.1875,0.1875,0.1875,0.1875,,,
18.4860050678253,0,0.1875,0.1875,0.1875,0.1875,0.1875,0.1875,,,
18.488007068634,0,0.1875,0.1875,0.1875,0.1875,0.1875,0.1875,,,
18.4900100231171,0,0.1875,0.1875,0.1875,0.1875,0.1875,0.1875,,,
18.4920110702515,0,0.1875,0.1875,0.1875,0.1875,0.1875,0.1875,,,
18.4940130710602,0,0.1875,0.1875,0.1875,0.1875,0.1875,0.1875,,,
18.496013879776,0,0.1875,0.1875,0.1875,0.1875,0.1875,0.1875,,,
18.4980158805847,0,0.1875,0.1875,0.1875,0.1875,0.1875,0.1875,,,
18.5000169277191,0,0.1875,0.1875,0.1875,0.1875,0.1875,0.1875,,,
18.5020189285278,0,0.1875,0.1875,0.1875,0.1875,0.1875,0.1875,,,
18.5040218830109,0,0.1875,0.1875,0.1875,0.1875,0.1875,0.1875,,,
18.5060229301453,0,0.1875,0.1875,0.1875,0.1875,0.1875,0.1875,,,
18.508024930954,0,0.1875,0.1875,0.1875,0.1875,0.1875,0.1875,,,
18.5100259780884,0,0.1875,0.1875,0.1875,0.1875,0.1875,0.1875,,,
18.5120279788971,0,0.1875,0.1875,0.1875,0.1875,0.1875,0.1875,,,
18.5140290260315,0,0.1875,0.1875,0.1875,0.1875,0.1875,0.1875,,,
18.5160310268402,0,0.1875,0.1875,0.1875,0.1875,0.1875,0.1875,,,
18.5180339813232,0,0.1875,0.1875,0.1875,0.1875,0.1875,0.1875,,,
18.5200340747833,0,0.1875,0.1875,0.1875,0.1875,0.1875,0.1875,,,
18.5220370292664,0,0.1875,0.1875,0.1875,0.1875,0.1875,0.1875,,,
18.5240399837494,0,0.1875,0.1875,0.1875,0.1875,0.1875,0.1875,,,
18.5260400772095,0,0.1875,0.1875,0.1875,0.1875,0.1875,0.1875,,,
18.5280430316925,0,0.1875,0.1875,0.1875,0.1875,0.1875,0.1875,,,
18.5300440788269,0,0.1875,0.1875,0.1875,0.1875,0.1875,0.1875,,,
18.5320460796356,0,0.1875,0.1875,0.1875,0.1875,0.1875,0.1875,,,
18.5340490341187,0,0.1875,0.1875,0.1875,0.1875,0.1875,0.1875,,,
18.5360488891602,0,0.1875,0.1875,0.1875,0.1875,0.1875,0.1875,,,
18.5380520820618,0,0.1875,0.1875,0.1875,0.1875,0.1875,0.1875,,,
18.5400550365448,0,0.1875,0.1875,0.1875,0.1875,0.1875,0.1875,,,
18.5420548915863,0,0.1875,0.1875,0.1875,0.1875,0.1875,0.1875,,,
18.5440580844879,0,0.1875,0.1875,0.1875,0.1875,0.1875,0.1875,,,
18.5460610389709,0,0.1875,0.1875,0.1875,0.1875,0.1875,0.1875,,,
18.5480608940125,0,0.1875,0.1875,0.1875,0.1875,0.1875,0.1875,,,
18.5500640869141,0,0.1875,0.1875,0.1875,0.1875,0.1875,0.1875,,,
18.5520670413971,0,0.1875,0.1875,0.1875,0.1875,0.1875,0.1875,,,
18.5540668964386,0,0.1875,0.1875,0.1875,0.1875,0.1875,0.1875,,,
18.5560700893402,0,0.1875,0.1875,0.1875,0.1875,0.1875,0.1875,,,
18.5580730438232,0,0.1875,0.1875,0.1875,0.1875,0.1875,0.1875,,,
18.5600728988647,0,0.1875,0.1875,0.1875,0.1875,0.1875,0.1875,,,
18.5620760917664,0,0.1875,0.1875,0.1875,0.1875,0.1875,0.1875,,,
18.5640790462494,0,0.1875,0.1875,0.1875,0.1875,0.1875,0.1875,,,
18.5660789012909,0,0.1875,0.1875,0.1875,0.1875,0.1875,0.1875,,,
18.5680820941925,0,0.1875,0.1875,0.1875,0.1875,0.1875,0.1875,,,
18.570081949234,0,0.1875,0.1875,0.1875,0.1875,0.1875,0.1875,,,
18.572084903717,0,0.1875,0.1875,0.1875,0.1875,0.1875,0.1875,,,
18.5740809440613,0,0.1875,0.1875,0.1875,0.1875,0.1875,0.1875,,,
18.5760810375214,0,0.1875,0.1875,0.1875,0.1875,0.1875,0.1875,,,
18.5780839920044,0,0.1875,0.1875,0.1875,0.1875,0.1875,0.1875,,,
18.5800859928131,0,0.1875,0.1875,0.1875,0.1875,0.1875,0.1875,,,
18.5820870399475,0,0.1875,0.1875,0.1875,0.1875,0.1875,0.1875,,,
18.5840890407562,0,0.1875,0.1875,0.1875,0.1875,0.1875,0.1875,,,
18.5860900878906,0,0.1875,0.1875,0.1875,0.1875,0.1875,0.1875,,,
18.5880930423737,0,0.1875,0.1875,0.1875,0.1875,0.1875,0.1875,,,
18.5900950431824,0,0.1875,0.1875,0.1875,0.1875,0.1875,0.1875,,,
18.5920960903168,0,0.1875,0.1875,0.1875,0.1875,0.1875,0.1875,,,
18.5940990447998,0,0.1875,0.1875,0.1875,0.1875,0.1875,0.1875,,,
18.5960988998413,0,0.1875,0.1875,0.1875,0.1875,0.1875,0.1875,,,
18.5981020927429,0,0.1875,0.1875,0.1875,0.1875,0.1875,0.1875,,,
18.600105047226,0,0.1875,0.1875,0.1875,0.1875,0.1875,0.1875,,,
18.6021049022675,0,0.1875,0.1875,0.1875,0.1875,0.1875,0.1875,,,
18.6041080951691,0,0.1875,0.1875,0.1875,0.1875,0.1875,0.1875,,,
18.6061079502106,0,0.1875,0.1875,0.1875,0.1875,0.1875,0.1875,,,
18.6081109046936,0,0.1875,0.1875,0.1875,0.1875,0.1875,0.1875,,,
18.6101140975952,0,0.1875,0.1875,0.1875,0.1875,0.1875,0.1875,,,
18.6121139526367,0,0.1875,0.1875,0.1875,0.1875,0.1875,0.1875,,,
18.6141169071198,0,0.1875,0.1875,0.1875,0.1875,0.1875,0.1875,,,
18.6161170005798,0,0.1875,0.1875,0.1875,0.1875,0.1875,0.1875,,,
18.6181199550629,0,0.1875,0.1875,0.1875,0.1875,0.1875,0.1875,,,
18.6201200485229,0,0.1875,0.1875,0.1875,0.1875,0.1875,0.1875,,,
18.622123003006,0,0.1875,0.1875,0.1875,0.1875,0.1875,0.1875,,,
18.6241240501404,0,0.1875,0.1875,0.1875,0.1875,0.1875,0.1875,,,
18.6261260509491,0,0.1875,0.1875,0.1875,0.1875,0.1875,0.1875,,,
18.6281290054321,0,0.1875,0.1875,0.1875,0.1875,0.1875,0.1875,,,
18.6301290988922,0,0.1875,0.1875,0.1875,0.1875,0.1875,0.1875,,,
18.6321320533752,0,0.1875,0.1875,0.1875,0.1875,0.1875,0.1875,,,
18.6341331005096,0,0.1875,0.1875,0.1875,0.1875,0.1875,0.1875,,,
18.6361351013184,0,0.1875,0.1875,0.1875,0.1875,0.1875,0.1875,,,
18.6381359100342,0,0.1875,0.1875,0.1875,0.1875,0.1875,0.1875,,,
18.6401391029358,0,0.1875,0.1875,0.1875,0.1875,0.1875,0.1875,,,
18.6421420574188,0,0.1875,0.1875,0.1875,0.1875,0.1875,0.1875,,,
18.6441419124603,0,0.1875,0.1875,0.1875,0.1875,0.1875,0.1875,,,
18.6461448669434,0,0.1875,0.1875,0.1875,0.1875,0.1875,0.1875,,,
18.6481449604034,0,0.1875,0.1875,0.1875,0.1875,0.1875,0.1875,,,
18.6501479148865,0,0.1875,0.1875,0.1875,0.1875,0.1875,0.1875,,,
18.6521508693695,0,0.1875,0.1875,0.1875,0.1875,0.1875,0.1875,,,
18.6541509628296,0,0.1875,0.1875,0.1875,0.1875,0.1875,0.1875,,,
18.6561539173126,0,0.1875,0.1875,0.1875,0.1875,0.1875,0.1875,,,
18.6581540107727,0,0.1875,0.1875,0.1875,0.1875,0.1875,0.1875,,,
18.6601569652557,0,0.1875,0.1875,0.1875,0.1875,0.1875,0.1875,,,
18.6621570587158,0,0.1875,0.1875,0.1875,0.1875,0.1875,0.1875,,,
18.6641600131989,0,0.1875,0.1875,0.1875,0.1875,0.1875,0.1875,,,
18.6661629676819,0,0.1875,0.1875,0.1875,0.1875,0.1875,0.1875,,,
18.668163061142,0,0.1875,0.1875,0.1875,0.1875,0.1875,0.1875,,,
18.670166015625,0,0.1875,0.1875,0.1875,0.1875,0.1875,0.1875,,,
18.6721658706665,0,0.1875,0.1875,0.1875,0.1875,0.1875,0.1875,,,
18.6741690635681,0,0.1875,0.1875,0.1875,0.1875,0.1875,0.1875,,,
18.6761689186096,0,0.1875,0.1875,0.1875,0.1875,0.1875,0.1875,,,
18.6781718730927,0,0.1875,0.1875,0.1875,0.1875,0.1875,0.1875,,,
18.6801750659943,0,0.1875,0.1875,0.1875,0.1875,0.1875,0.1875,,,
18.6821749210358,0,0.1875,0.1875,0.1875,0.1875,0.1875,0.1875,,,
18.6841778755188,0,0.1875,0.1875,0.1875,0.1875,0.1875,0.1875,,,
18.6861779689789,0,0.1875,0.1875,0.1875,0.1875,0.1875,0.1875,,,
18.6881809234619,0,0.1875,0.1875,0.1875,0.1875,0.1875,0.1875,,,
18.6901838779449,0,0.1875,0.1875,0.1875,0.1875,0.1875,0.1875,,,
18.692183971405,0,0.1875,0.1875,0.1875,0.1875,0.1875,0.1875,,,
18.6941869258881,0,0.1875,0.1875,0.1875,0.1875,0.1875,0.1875,,,
18.6961870193481,0,0.1875,0.1875,0.1875,0.1875,0.1875,0.1875,,,
18.6981899738312,0,0.1875,0.1875,0.1875,0.1875,0.1875,0.1875,,,
18.7001900672913,0,0.1875,0.1875,0.1875,0.1875,0.1875,0.1875,,,
18.7021930217743,0,0.1875,0.1875,0.1875,0.1875,0.1875,0.1875,,,
18.7041959762573,0,0.1875,0.1875,0.1875,0.1875,0.1875,0.1875,,,
18.7061960697174,0,0.1875,0.1875,0.1875,0.1875,0.1875,0.1875,,,
18.7081990242004,0,0.1875,0.1875,0.1875,0.1875,0.1875,0.1875,,,
18.7101988792419,0,0.1875,0.1875,0.1875,0.1875,0.1875,0.1875,,,
18.7122020721436,0,0.1875,0.1875,0.1875,0.1875,0.1875,0.1875,,,
18.7142050266266,0,0.1875,0.1875,0.1875,0.1875,0.1875,0.1875,,,
18.7162048816681,0,0.1875,0.1875,0.1875,0.1875,0.1875,0.1875,,,
18.7182080745697,0,0.1875,0.1875,0.1875,0.1875,0.1875,0.1875,,,
18.7202079296112,0,0.1875,0.1875,0.1875,0.1875,0.1875,0.1875,,,
18.7222108840942,0,0.1875,0.1875,0.1875,0.1875,0.1875,0.1875,,,
18.7242140769959,0,0.1875,0.1875,0.1875,0.1875,0.1875,0.1875,,,
18.7262139320374,0,0.1875,0.1875,0.1875,0.1875,0.1875,0.1875,,,
18.7282168865204,0,0.1875,0.1875,0.1875,0.1875,0.1875,0.1875,,,
18.7302169799805,0,0.1875,0.1875,0.1875,0.1875,0.1875,0.1875,,,
18.7322199344635,0,0.1875,0.1875,0.1875,0.1875,0.1875,0.1875,,,
18.7342228889465,0,0.1875,0.1875,0.1875,0.1875,0.1875,0.1875,,,
18.7362229824066,0,0.1875,0.1875,0.1875,0.1875,0.1875,0.1875,,,
18.7382259368896,0,0.1875,0.1875,0.1875,0.1875,0.1875,0.1875,,,
18.7402260303497,0,0.1875,0.1875,0.1875,0.1875,0.1875,0.1875,,,
18.7422289848328,0,0.1875,0.1875,0.1875,0.1875,0.1875,0.1875,,,
18.7442319393158,0,0.1875,0.1875,0.1875,0.1875,0.1875,0.1875,,,
18.7462320327759,0,0.1875,0.1875,0.1875,0.1875,0.1875,0.1875,,,
18.7482349872589,0,0.1875,0.1875,0.1875,0.1875,0.1875,0.1875,,,
18.7502379417419,0,0.1875,0.1875,0.1875,0.1875,0.1875,0.1875,,,
18.752238035202,0,0.1875,0.1875,0.1875,0.1875,0.1875,0.1875,,,
18.7542409896851,0,0.1875,0.1875,0.1875,0.1875,0.1875,0.1875,,,
18.7562429904938,0,0.1875,0.1875,0.1875,0.1875,0.1875,0.1875,,,
18.7582440376282,0,0.1875,0.1875,0.1875,0.1875,0.1875,0.1875,,,
18.7602469921112,0,0.1875,0.1875,0.1875,0.1875,0.1875,0.1875,,,
18.7622470855713,0,0.1875,0.1875,0.1875,0.1875,0.1875,0.1875,,,
18.7642500400543,0,0.1875,0.1875,0.1875,0.1875,0.1875,0.1875,,,
18.766252040863,0,0.1875,0.1875,0.1875,0.1875,0.1875,0.1875,,,
18.7682530879974,0,0.1875,0.1875,0.1875,0.1875,0.1875,0.1875,,,
18.7702550888062,0,0.1875,0.1875,0.1875,0.1875,0.1875,0.1875,,,
18.772255897522,0,0.1875,0.1875,0.1875,0.1875,0.1875,0.1875,,,
18.7742578983307,0,0.1875,0.1875,0.1875,0.1875,0.1875,0.1875,,,
18.7762610912323,0,0.1875,0.1875,0.1875,0.1875,0.1875,0.1875,,,
18.7782618999481,0,0.1875,0.1875,0.1875,0.1875,0.1875,0.1875,,,
18.7802650928497,0,0.1875,0.1875,0.1875,0.1875,0.1875,0.1875,,,
18.7822649478912,0,0.1875,0.1875,0.1875,0.1875,0.1875,0.1875,,,
18.7842679023743,0,0.1875,0.1875,0.1875,0.1875,0.1875,0.1875,,,
18.7862710952759,0,0.1875,0.1875,0.1875,0.1875,0.1875,0.1875,,,
18.7882709503174,0,0.1875,0.1875,0.1875,0.1875,0.1875,0.1875,,,
18.7902739048004,0,0.1875,0.1875,0.1875,0.1875,0.1875,0.1875,,,
18.7922739982605,0,0.1875,0.1875,0.1875,0.1875,0.1875,0.1875,,,
18.7942769527435,0,0.1875,0.1875,0.1875,0.1875,0.1875,0.1875,,,
18.7962770462036,0,0.1875,0.1875,0.1875,0.1875,0.1875,0.1875,,,
18.7982800006866,0,0.1875,0.1875,0.1875,0.1875,0.1875,0.1875,,,
18.8002829551697,0,0.1875,0.1875,0.1875,0.1875,0.1875,0.1875,,,
18.8022830486298,0,0.1875,0.1875,0.1875,0.1875,0.1875,0.1875,,,
18.8042860031128,0,0.1875,0.1875,0.1875,0.1875,0.1875,0.1875,,,
18.8062860965729,0,0.1875,0.1875,0.1875,0.1875,0.1875,0.1875,,,
18.8082890510559,0,0.1875,0.1875,0.1875,0.1875,0.1875,0.1875,,,
18.8102920055389,0,0.1875,0.1875,0.1875,0.1875,0.1875,0.1875,,,
18.812292098999,0,0.1875,0.1875,0.1875,0.1875,0.1875,0.1875,,,
18.8142950534821,0,0.1875,0.1875,0.1875,0.1875,0.1875,0.1875,,,
18.8162949085236,0,0.1875,0.1875,0.1875,0.1875,0.1875,0.1875,,,
18.8182981014252,0,0.1875,0.1875,0.1875,0.1875,0.1875,0.1875,,,
18.8203010559082,0,0.1875,0.1875,0.1875,0.1875,0.1875,0.1875,,,
18.8223009109497,0,0.1875,0.1875,0.1875,0.1875,0.1875,0.1875,,,
18.8243038654327,0,0.1875,0.1875,0.1875,0.1875,0.1875,0.1875,,,
18.8263070583344,0,0.1875,0.1875,0.1875,0.1875,0.1875,0.1875,,,
18.8283069133759,0,0.1875,0.1875,0.1875,0.1875,0.1875,0.1875,,,
18.8303098678589,0,0.1875,0.1875,0.1875,0.1875,0.1875,0.1875,,,
18.8323130607605,0,0.1875,0.1875,0.1875,0.1875,0.1875,0.1875,,,
18.834312915802,0,0.1875,0.1875,0.1875,0.1875,0.1875,0.1875,,,
18.836315870285,0,0.1875,0.1875,0.1875,0.1875,0.1875,0.1875,,,
18.8383178710938,0,0.1875,0.1875,0.1875,0.1875,0.1875,0.1875,,,
18.8403189182281,0,0.1875,0.1875,0.1875,0.1875,0.1875,0.1875,,,
18.8423218727112,0,0.1875,0.1875,0.1875,0.1875,0.1875,0.1875,,,
18.8443219661713,0,0.1875,0.1875,0.1875,0.1875,0.1875,0.1875,,,
18.8463249206543,0,0.1875,0.1875,0.1875,0.1875,0.1875,0.1875,,,
18.8483250141144,0,0.1875,0.1875,0.1875,0.1875,0.1875,0.1875,,,
18.8503279685974,0,0.1875,0.1875,0.1875,0.1875,0.1875,0.1875,,,
18.8523309230804,0,0.1875,0.1875,0.1875,0.1875,0.1875,0.1875,,,
18.8543310165405,0,0.1875,0.1875,0.1875,0.1875,0.1875,0.1875,,,
18.8563339710236,0,0.1875,0.1875,0.1875,0.1875,0.1875,0.1875,,,
18.8583340644836,0,0.1875,0.1875,0.1875,0.1875,0.1875,0.1875,,,
18.8603370189667,0,0.1875,0.1875,0.1875,0.1875,0.1875,0.1875,,,
18.8623399734497,0,0.1875,0.1875,0.1875,0.1875,0.1875,0.1875,,,
18.8643400669098,0,0.1875,0.1875,0.1875,0.1875,0.1875,0.1875,,,
18.8663430213928,0,0.1875,0.1875,0.1875,0.1875,0.1875,0.1875,,,
18.8683459758759,0,0.1875,0.1875,0.1875,0.1875,0.1875,0.1875,,,
18.8703460693359,0,0.1875,0.1875,0.1875,0.1875,0.1875,0.1875,,,
18.872349023819,0,0.1875,0.1875,0.1875,0.1875,0.1875,0.1875,,,
18.874351978302,0,0.1875,0.1875,0.1875,0.1875,0.1875,0.1875,,,
18.8763520717621,0,0.1875,0.1875,0.1875,0.1875,0.1875,0.1875,,,
18.8783550262451,0,0.1875,0.1875,0.1875,0.1875,0.1875,0.1875,,,
18.8803548812866,0,0.1875,0.1875,0.1875,0.1875,0.1875,0.1875,,,
18.8823580741882,0,0.1875,0.1875,0.1875,0.1875,0.1875,0.1875,,,
18.8843610286713,0,0.1875,0.1875,0.1875,0.1875,0.1875,0.1875,,,
18.8863608837128,0,0.1875,0.1875,0.1875,0.1875,0.1875,0.1875,,,
18.8883640766144,0,0.1875,0.1875,0.1875,0.1875,0.1875,0.1875,,,
18.8903639316559,0,0.1875,0.1875,0.1875,0.1875,0.1875,0.1875,,,
18.8923668861389,0,0.1875,0.1875,0.1875,0.1875,0.1875,0.1875,,,
18.8943700790405,0,0.1875,0.1875,0.1875,0.1875,0.1875,0.1875,,,
18.896369934082,0,0.1875,0.1875,0.1875,0.1875,0.1875,0.1875,,,
18.8983728885651,0,0.1875,0.1875,0.1875,0.1875,0.1875,0.1875,,,
18.9003729820251,0,0.1875,0.1875,0.1875,0.1875,0.1875,0.1875,,,
18.9023759365082,0,0.1875,0.1875,0.1875,0.1875,0.1875,0.1875,,,
18.9043779373169,0,0.1875,0.1875,0.1875,0.1875,0.1875,0.1875,,,
18.9063789844513,0,0.1875,0.1875,0.1875,0.1875,0.1875,0.1875,,,
18.9083819389343,0,0.1875,0.1875,0.1875,0.1875,0.1875,0.1875,,,
18.9103820323944,0,0.1875,0.1875,0.1875,0.1875,0.1875,0.1875,,,
18.9123849868774,0,0.1875,0.1875,0.1875,0.1875,0.1875,0.1875,,,
18.9143879413605,0,0.1875,0.1875,0.1875,0.1875,0.1875,0.1875,,,
18.9163880348206,0,0.1875,0.1875,0.1875,0.1875,0.1875,0.1875,,,
18.9183909893036,0,0.1875,0.1875,0.1875,0.1875,0.1875,0.1875,,,
18.9203910827637,0,0.1875,0.1875,0.1875,0.1875,0.1875,0.1875,,,
18.9223940372467,0,0.1875,0.1875,0.1875,0.1875,0.1875,0.1875,,,
18.9243969917297,0,0.1875,0.1875,0.1875,0.1875,0.1875,0.1875,,,
18.9263970851898,0,0.1875,0.1875,0.1875,0.1875,0.1875,0.1875,,,
18.9284000396729,0,0.1875,0.1875,0.1875,0.1875,0.1875,0.1875,,,
18.9303998947144,0,0.1875,0.1875,0.1875,0.1875,0.1875,0.1875,,,
18.932403087616,0,0.1875,0.1875,0.1875,0.1875,0.1875,0.1875,,,
18.934406042099,0,0.1875,0.1875,0.1875,0.1875,0.1875,0.1875,,,
18.9364058971405,0,0.1875,0.1875,0.1875,0.1875,0.1875,0.1875,,,
18.9384090900421,0,0.1875,0.1875,0.1875,0.1875,0.1875,0.1875,,,
18.9404089450836,0,0.1875,0.1875,0.1875,0.1875,0.1875,0.1875,,,
18.9424118995667,0,0.1875,0.1875,0.1875,0.1875,0.1875,0.1875,,,
18.9444119930267,0,0.1875,0.1875,0.1875,0.1875,0.1875,0.1875,,,
18.9464149475098,0,0.1875,0.1875,0.1875,0.1875,0.1875,0.1875,,,
18.9484179019928,0,0.1875,0.1875,0.1875,0.1875,0.1875,0.1875,,,
18.9504179954529,0,0.1875,0.1875,0.1875,0.1875,0.1875,0.1875,,,
18.9524209499359,0,0.1875,0.1875,0.1875,0.1875,0.1875,0.1875,,,
18.954421043396,0,0.1875,0.1875,0.1875,0.1875,0.1875,0.1875,,,
18.956423997879,0,0.1875,0.1875,0.1875,0.1875,0.1875,0.1875,,,
18.9584269523621,0,0.1875,0.1875,0.1875,0.1875,0.1875,0.1875,,,
18.9604270458221,0,0.1875,0.1875,0.1875,0.1875,0.1875,0.1875,,,
18.9624300003052,0,0.1875,0.1875,0.1875,0.1875,0.1875,0.1875,,,
18.9644300937653,0,0.1875,0.1875,0.1875,0.1875,0.1875,0.1875,,,
18.9664330482483,0,0.1875,0.1875,0.1875,0.1875,0.1875,0.1875,,,
18.9684360027313,0,0.1875,0.1875,0.1875,0.1875,0.1875,0.1875,,,
18.9704360961914,0,0.1875,0.1875,0.1875,0.1875,0.1875,0.1875,,,
18.9724390506744,0,0.1875,0.1875,0.1875,0.1875,0.1875,0.1875,,,
18.9744389057159,0,0.1875,0.1875,0.1875,0.1875,0.1875,0.1875,,,
18.9764420986176,0,0.1875,0.1875,0.1875,0.1875,0.1875,0.1875,,,
18.9784419536591,0,0.1875,0.1875,0.1875,0.1875,0.1875,0.1875,,,
18.9804449081421,0,0.1875,0.1875,0.1875,0.1875,0.1875,0.1875,,,
18.9824459552765,0,0.1875,0.1875,0.1875,0.1875,0.1875,0.1875,,,
18.9844479560852,0,0.1875,0.1875,0.1875,0.1875,0.1875,0.1875,,,
18.9864509105682,0,0.1875,0.1875,0.1875,0.1875,0.1875,0.1875,,,
18.9884519577026,0,0.1875,0.1875,0.1875,0.1875,0.1875,0.1875,,,
18.9904549121857,0,0.1875,0.1875,0.1875,0.1875,0.1875,0.1875,,,
18.9924550056458,0,0.1875,0.1875,0.1875,0.1875,0.1875,0.1875,,,
18.9944579601288,0,0.1875,0.1875,0.1875,0.1875,0.1875,0.1875,,,
18.9964580535889,0,0.1875,0.1875,0.1875,0.1875,0.1875,0.1875,,,
18.9984610080719,0,0.1875,0.1875,0.1875,0.1875,0.1875,0.1875,,,
19.0004630088806,0,0.1875,0.1875,0.1875,0.1875,0.1875,0.1875,,,
19.002464056015,0,0.1875,0.1875,0.1875,0.1875,0.1875,0.1875,,,
19.004467010498,0,0.1875,0.1875,0.1875,0.1875,0.1875,0.1875,,,
19.0064668655396,0,0.1875,0.1875,0.1875,0.1875,0.1875,0.1875,,,
19.0084700584412,0,0.1875,0.1875,0.1875,0.1875,0.1875,0.1875,,,
19.0104699134827,0,0.1875,0.1875,0.1875,0.1875,0.1875,0.1875,,,
19.0124728679657,0,0.1875,0.1875,0.1875,0.1875,0.1875,0.1875,,,
19.0144729614258,0,0.1875,0.1875,0.1875,0.1875,0.1875,0.1875,,,
19.0164759159088,0,0.1875,0.1875,0.1875,0.1875,0.1875,0.1875,,,
19.0184769630432,0,0.1875,0.1875,0.1875,0.1875,0.1875,0.1875,,,
19.0204789638519,0,0.1875,0.1875,0.1875,0.1875,0.1875,0.1875,,,
19.022481918335,0,0.1875,0.1875,0.1875,0.1875,0.1875,0.1875,,,
19.024482011795,0,0.1875,0.1875,0.1875,0.1875,0.1875,0.1875,,,
19.0264849662781,0,0.1875,0.1875,0.1875,0.1875,0.1875,0.1875,,,
19.0284860134125,0,0.1875,0.1875,0.1875,0.1875,0.1875,0.1875,,,
19.0304880142212,0,0.1875,0.1875,0.1875,0.1875,0.1875,0.1875,,,
19.0324890613556,0,0.1875,0.1875,0.1875,0.1875,0.1875,0.1875,,,
19.0344920158386,0,0.1875,0.1875,0.1875,0.1875,0.1875,0.1875,,,
19.0364949703217,0,0.1875,0.1875,0.1875,0.1875,0.1875,0.1875,,,
19.0384950637817,0,0.1875,0.1875,0.1875,0.1875,0.1875,0.1875,,,
19.0404980182648,0,0.1875,0.1875,0.1875,0.1875,0.1875,0.1875,,,
19.0424978733063,0,0.1875,0.1875,0.1875,0.1875,0.1875,0.1875,,,
19.0445010662079,0,0.1875,0.1875,0.1875,0.1875,0.1875,0.1875,,,
19.0465030670166,0,0.1875,0.1875,0.1875,0.1875,0.1875,0.1875,,,
19.0485038757324,0,0.1875,0.1875,0.1875,0.1875,0.1875,0.1875,,,
19.050507068634,0,0.1875,0.1875,0.1875,0.1875,0.1875,0.1875,,,
19.0525069236755,0,0.1875,0.1875,0.1875,0.1875,0.1875,0.1875,,,
19.0545098781586,0,0.1875,0.1875,0.1875,0.1875,0.1875,0.1875,,,
19.0565130710602,0,0.1875,0.1875,0.1875,0.1875,0.1875,0.1875,,,
19.0585129261017,0,0.1875,0.1875,0.1875,0.1875,0.1875,0.1875,,,
19.0605158805847,0,0.1875,0.1875,0.1875,0.1875,0.1875,0.1875,,,
19.0625178813934,0,0.1875,0.1875,0.1875,0.1875,0.1875,0.1875,,,
19.0645189285278,0,0.1875,0.1875,0.1875,0.1875,0.1875,0.1875,,,
19.0665218830109,0,0.1875,0.1875,0.1875,0.1875,0.1875,0.1875,,,
19.0685219764709,0,0.1875,0.1875,0.1875,0.1875,0.1875,0.1875,,,
19.070524930954,0,0.1875,0.1875,0.1875,0.1875,0.1875,0.1875,,,
19.0725269317627,0,0.1875,0.1875,0.1875,0.1875,0.1875,0.1875,,,
19.0745379924774,0,0.1875,0.1875,0.1875,0.1875,0.1875,0.1875,,,
19.0765399932861,0,0.1875,0.1875,0.1875,0.1875,0.1875,0.1875,,,
19.0785410404205,0,0.1875,0.1875,0.1875,0.1875,0.1875,0.1875,,,
19.0805430412292,0,0.1875,0.1875,0.1875,0.1875,0.1875,0.1875,,,
19.0825459957123,0,0.1875,0.1875,0.1875,0.1875,0.1875,0.1875,,,
19.0845470428467,0,0.1875,0.1875,0.1875,0.1875,0.1875,0.1875,,,
19.0865490436554,0,0.1875,0.1875,0.1875,0.1875,0.1875,0.1875,,,
19.0885500907898,0,0.1875,0.1875,0.1875,0.1875,0.1875,0.1875,,,
19.0905530452728,0,0.1875,0.1875,0.1875,0.1875,0.1875,0.1875,,,
19.0925550460815,0,0.1875,0.1875,0.1875,0.1875,0.1875,0.1875,,,
19.0945560932159,0,0.1875,0.1875,0.1875,0.1875,0.1875,0.1875,,,
19.0965580940247,0,0.1875,0.1875,0.1875,0.1875,0.1875,0.1875,,,
19.0985589027405,0,0.1875,0.1875,0.1875,0.1875,0.1875,0.1875,,,
19.1005620956421,0,0.1875,0.1875,0.1875,0.1875,0.1875,0.1875,,,
19.1025640964508,0,0.1875,0.1875,0.1875,0.1875,0.1875,0.1875,,,
19.1045649051666,0,0.1875,0.1875,0.1875,0.1875,0.1875,0.1875,,,
19.1065680980682,0,0.1875,0.1875,0.1875,0.1875,0.1875,0.1875,,,
19.108570098877,0,0.1875,0.1875,0.1875,0.1875,0.1875,0.1875,,,
19.1105709075928,0,0.1875,0.1875,0.1875,0.1875,0.1875,0.1875,,,
19.1125741004944,0,0.1875,0.1875,0.1875,0.1875,0.1875,0.1875,,,
19.1145739555359,0,0.1875,0.1875,0.1875,0.1875,0.1875,0.1875,,,
19.1165769100189,0,0.1875,0.1875,0.1875,0.1875,0.1875,0.1875,,,
19.118577003479,0,0.1875,0.1875,0.1875,0.1875,0.1875,0.1875,,,
19.120579957962,0,0.1875,0.1875,0.1875,0.1875,0.1875,0.1875,,,
19.1225829124451,0,0.1875,0.1875,0.1875,0.1875,0.1875,0.1875,,,
19.1245830059052,0,0.1875,0.1875,0.1875,0.1875,0.1875,0.1875,,,
19.1265859603882,0,0.1875,0.1875,0.1875,0.1875,0.1875,0.1875,,,
19.1285860538483,0,0.1875,0.1875,0.1875,0.1875,0.1875,0.1875,,,
19.1305890083313,0,0.1875,0.1875,0.1875,0.1875,0.1875,0.1875,,,
19.1325891017914,0,0.1875,0.1875,0.1875,0.1875,0.1875,0.1875,,,
19.1345920562744,0,0.1875,0.1875,0.1875,0.1875,0.1875,0.1875,,,
19.1365950107574,0,0.1875,0.1875,0.1875,0.1875,0.1875,0.1875,,,
19.138594865799,0,0.1875,0.1875,0.1875,0.1875,0.1875,0.1875,,,
19.1405980587006,0,0.1875,0.1875,0.1875,0.1875,0.1875,0.1875,,,
19.1425988674164,0,0.1875,0.1875,0.1875,0.1875,0.1875,0.1875,,,
19.1446008682251,0,0.1875,0.1875,0.1875,0.1875,0.1875,0.1875,,,
19.1466019153595,0,0.1875,0.1875,0.1875,0.1875,0.1875,0.1875,,,
19.1486039161682,0,0.1875,0.1875,0.1875,0.1875,0.1875,0.1875,,,
19.1506068706512,0,0.1875,0.1875,0.1875,0.1875,0.1875,0.1875,,,
19.1526069641113,0,0.1875,0.1875,0.1875,0.1875,0.1875,0.1875,,,
19.1546099185944,0,0.1875,0.1875,0.1875,0.1875,0.1875,0.1875,,,
19.1566100120544,0,0.1875,0.1875,0.1875,0.1875,0.1875,0.1875,,,
19.1586129665375,0,0.1875,0.1875,0.1875,0.1875,0.1875,0.1875,,,
19.1606159210205,0,0.1875,0.1875,0.1875,0.1875,0.1875,0.1875,,,
19.1626160144806,0,0.1875,0.1875,0.1875,0.1875,0.1875,0.1875,,,
19.1646189689636,0,0.1875,0.1875,0.1875,0.1875,0.1875,0.1875,,,
19.1666190624237,0,0.1875,0.1875,0.1875,0.1875,0.1875,0.1875,,,
19.1686220169067,0,0.1875,0.1875,0.1875,0.1875,0.1875,0.1875,,,
19.1706249713898,0,0.1875,0.1875,0.1875,0.1875,0.1875,0.1875,,,
19.1726250648499,0,0.1875,0.1875,0.1875,0.1875,0.1875,0.1875,,,
19.1746280193329,0,0.1875,0.1875,0.1875,0.1875,0.1875,0.1875,,,
19.1766278743744,0,0.1875,0.1875,0.1875,0.1875,0.1875,0.1875,,,
19.178631067276,0,0.1875,0.1875,0.1875,0.1875,0.1875,0.1875,,,
19.180634021759,0,0.1875,0.1875,0.1875,0.1875,0.1875,0.1875,,,
19.1826338768005,0,0.1875,0.1875,0.1875,0.1875,0.1875,0.1875,,,
19.1846370697021,0,0.1875,0.1875,0.1875,0.1875,0.1875,0.1875,,,
19.1866369247437,0,0.1875,0.1875,0.1875,0.1875,0.1875,0.1875,,,
19.1886398792267,0,0.1875,0.1875,0.1875,0.1875,0.1875,0.1875,,,
19.1906430721283,0,0.1875,0.1875,0.1875,0.1875,0.1875,0.1875,,,
19.1926429271698,0,0.1875,0.1875,0.1875,0.1875,0.1875,0.1875,,,
19.1946458816528,0,0.1875,0.1875,0.1875,0.1875,0.1875,0.1875,,,
19.1966459751129,0,0.1875,0.1875,0.1875,0.1875,0.1875,0.1875,,,
19.1986489295959,0,0.1875,0.1875,0.1875,0.1875,0.1875,0.1875,,,
19.2006499767303,0,0.1875,0.1875,0.1875,0.1875,0.1875,0.1875,,,
19.2026519775391,0,0.1875,0.1875,0.1875,0.1875,0.1875,0.1875,,,
19.2046549320221,0,0.1875,0.1875,0.1875,0.1875,0.1875,0.1875,,,
19.2066559791565,0,0.1875,0.1875,0.1875,0.1875,0.1875,0.1875,,,
19.2086579799652,0,0.1875,0.1875,0.1875,0.1875,0.1875,0.1875,,,
19.2106590270996,0,0.1875,0.1875,0.1875,0.1875,0.1875,0.1875,,,
19.2126619815826,0,0.1875,0.1875,0.1875,0.1875,0.1875,0.1875,,,
19.2146620750427,0,0.1875,0.1875,0.1875,0.1875,0.1875,0.1875,,,
19.2166650295258,0,0.1875,0.1875,0.1875,0.1875,0.1875,0.1875,,,
19.2186648845673,0,0.1875,0.1875,0.1875,0.1875,0.1875,0.1875,,,
19.2206680774689,0,0.1875,0.1875,0.1875,0.1875,0.1875,0.1875,,,
19.2226679325104,0,0.1875,0.1875,0.1875,0.1875,0.1875,0.1875,,,
19.2246708869934,0,0.1875,0.1875,0.1875,0.1875,0.1875,0.1875,,,
19.2266709804535,0,0.1875,0.1875,0.1875,0.1875,0.1875,0.1875,,,
19.2286739349365,0,0.1875,0.1875,0.1875,0.1875,0.1875,0.1875,,,
19.2306740283966,0,0.1875,0.1875,0.1875,0.1875,0.1875,0.1875,,,
19.2326769828796,0,0.1875,0.1875,0.1875,0.1875,0.1875,0.1875,,,
19.2346799373627,0,0.1875,0.1875,0.1875,0.1875,0.1875,0.1875,,,
19.2366800308228,0,0.1875,0.1875,0.1875,0.1875,0.1875,0.1875,,,
19.2386829853058,0,0.1875,0.1875,0.1875,0.1875,0.1875,0.1875,,,
19.2406840324402,0,0.1875,0.1875,0.1875,0.1875,0.1875,0.1875,,,
19.2426860332489,0,0.1875,0.1875,0.1875,0.1875,0.1875,0.1875,,,
19.2446870803833,0,0.1875,0.1875,0.1875,0.1875,0.1875,0.1875,,,
19.2466900348663,0,0.1875,0.1875,0.1875,0.1875,0.1875,0.1875,,,
19.2486898899078,0,0.1875,0.1875,0.1875,0.1875,0.1875,0.1875,,,
19.2506930828094,0,0.1875,0.1875,0.1875,0.1875,0.1875,0.1875,,,
19.252692937851,0,0.1875,0.1875,0.1875,0.1875,0.1875,0.1875,,,
19.254695892334,0,0.1875,0.1875,0.1875,0.1875,0.1875,0.1875,,,
19.2566990852356,0,0.1875,0.1875,0.1875,0.1875,0.1875,0.1875,,,
19.2586989402771,0,0.1875,0.1875,0.1875,0.1875,0.1875,0.1875,,,
19.2607018947601,0,0.1875,0.1875,0.1875,0.1875,0.1875,0.1875,,,
19.2627019882202,0,0.1875,0.1875,0.1875,0.1875,0.1875,0.1875,,,
19.2647049427032,0,0.1875,0.1875,0.1875,0.1875,0.1875,0.1875,,,
19.2667050361633,0,0.1875,0.1875,0.1875,0.1875,0.1875,0.1875,,,
19.2687079906464,0,0.1875,0.1875,0.1875,0.1875,0.1875,0.1875,,,
19.2707080841064,0,0.1875,0.1875,0.1875,0.1875,0.1875,0.1875,,,
19.2727110385895,0,0.1875,0.1875,0.1875,0.1875,0.1875,0.1875,,,
19.2747120857239,0,0.1875,0.1875,0.1875,0.1875,0.1875,0.1875,,,
19.2767140865326,0,0.1875,0.1875,0.1875,0.1875,0.1875,0.1875,,,
19.2787170410156,0,0.1875,0.1875,0.1875,0.1875,0.1875,0.1875,,,
19.28071808815,0,0.1875,0.1875,0.1875,0.1875,0.1875,0.1875,,,
19.2827210426331,0,0.1875,0.1875,0.1875,0.1875,0.1875,0.1875,,,
19.2847208976746,0,0.1875,0.1875,0.1875,0.1875,0.1875,0.1875,,,
19.2867240905762,0,0.1875,0.1875,0.1875,0.1875,0.1875,0.1875,,,
19.2887239456177,0,0.1875,0.1875,0.1875,0.1875,0.1875,0.1875,,,
19.2907269001007,0,0.1875,0.1875,0.1875,0.1875,0.1875,0.1875,,,
19.2927300930023,0,0.1875,0.1875,0.1875,0.1875,0.1875,0.1875,,,
19.2947299480438,0,0.1875,0.1875,0.1875,0.1875,0.1875,0.1875,,,
19.2967319488525,0,0.1875,0.1875,0.1875,0.1875,0.1875,0.1875,,,
19.2987329959869,0,0.1875,0.1875,0.1875,0.1875,0.1875,0.1875,,,
19.30073595047,0,0.1875,0.1875,0.1875,0.1875,0.1875,0.1875,,,
19.302738904953,0,0.1875,0.1875,0.1875,0.1875,0.1875,0.1875,,,
19.3047389984131,0,0.1875,0.1875,0.1875,0.1875,0.1875,0.1875,,,
19.3067419528961,0,0.1875,0.1875,0.1875,0.1875,0.1875,0.1875,,,
19.3087420463562,0,0.1875,0.1875,0.1875,0.1875,0.1875,0.1875,,,
19.3107450008392,0,0.1875,0.1875,0.1875,0.1875,0.1875,0.1875,,,
19.3127450942993,0,0.1875,0.1875,0.1875,0.1875,0.1875,0.1875,,,
19.3147480487823,0,0.1875,0.1875,0.1875,0.1875,0.1875,0.1875,,,
19.3167490959167,0,0.1875,0.1875,0.1875,0.1875,0.1875,0.1875,,,
19.3187520503998,0,0.1875,0.1875,0.1875,0.1875,0.1875,0.1875,,,
19.3207550048828,0,0.1875,0.1875,0.1875,0.1875,0.1875,0.1875,,,
19.3227550983429,0,0.1875,0.1875,0.1875,0.1875,0.1875,0.1875,,,
19.3247580528259,0,0.1875,0.1875,0.1875,0.1875,0.1875,0.1875,,,
19.3267579078674,0,0.1875,0.1875,0.1875,0.1875,0.1875,0.1875,,,
19.328761100769,0,0.1875,0.1875,0.1875,0.1875,0.1875,0.1875,,,
19.3307609558105,0,0.1875,0.1875,0.1875,0.1875,0.1875,0.1875,,,
19.3327639102936,0,0.1875,0.1875,0.1875,0.1875,0.1875,0.1875,,,
19.3347659111023,0,0.1875,0.1875,0.1875,0.1875,0.1875,0.1875,,,
19.3367669582367,0,0.1875,0.1875,0.1875,0.1875,0.1875,0.1875,,,
19.3387689590454,0,0.1875,0.1875,0.1875,0.1875,0.1875,0.1875,,,
19.3407719135284,0,0.1875,0.1875,0.1875,0.1875,0.1875,0.1875,,,
19.3427720069885,0,0.1875,0.1875,0.1875,0.1875,0.1875,0.1875,,,
19.3447749614716,0,0.1875,0.1875,0.1875,0.1875,0.1875,0.1875,,,
19.346776008606,0,0.1875,0.1875,0.1875,0.1875,0.1875,0.1875,,,
19.348778963089,0,0.1875,0.1875,0.1875,0.1875,0.1875,0.1875,,,
19.3507809638977,0,0.1875,0.1875,0.1875,0.1875,0.1875,0.1875,,,
19.3527820110321,0,0.1875,0.1875,0.1875,0.1875,0.1875,0.1875,,,
19.3547840118408,0,0.1875,0.1875,0.1875,0.1875,0.1875,0.1875,,,
19.3567860126495,0,0.1875,0.1875,0.1875,0.1875,0.1875,0.1875,,,
19.358785867691,0,0.1875,0.1875,0.1875,0.1875,0.1875,0.1875,,,
19.3607890605927,0,0.1875,0.1875,0.1875,0.1875,0.1875,0.1875,,,
19.3627920150757,0,0.1875,0.1875,0.1875,0.1875,0.1875,0.1875,,,
19.3647918701172,0,0.1875,0.1875,0.1875,0.1875,0.1875,0.1875,,,
19.3667938709259,0,0.1875,0.1875,0.1875,0.1875,0.1875,0.1875,,,
19.3687970638275,0,0.1875,0.1875,0.1875,0.1875,0.1875,0.1875,,,
19.3707978725433,0,0.1875,0.1875,0.1875,0.1875,0.1875,0.1875,,,
19.3727998733521,0,0.1875,0.1875,0.1875,0.1875,0.1875,0.1875,,,
19.3748030662537,0,0.1875,0.1875,0.1875,0.1875,0.1875,0.1875,,,
19.3768029212952,0,0.1875,0.1875,0.1875,0.1875,0.1875,0.1875,,,
19.3788058757782,0,0.1875,0.1875,0.1875,0.1875,0.1875,0.1875,,,
19.3808059692383,0,0.1875,0.1875,0.1875,0.1875,0.1875,0.1875,,,
19.382807970047,0,0.1875,0.1875,0.1875,0.1875,0.1875,0.1875,,,
19.38481092453,0,0.1875,0.1875,0.1875,0.1875,0.1875,0.1875,,,
19.3868119716644,0,0.1875,0.1875,0.1875,0.1875,0.1875,0.1875,,,
19.3888139724731,0,0.1875,0.1875,0.1875,0.1875,0.1875,0.1875,,,
19.3908169269562,0,0.1875,0.1875,0.1875,0.1875,0.1875,0.1875,,,
19.3928170204163,0,0.1875,0.1875,0.1875,0.1875,0.1875,0.1875,,,
19.3948199748993,0,0.1875,0.1875,0.1875,0.1875,0.1875,0.1875,,,
19.396821975708,0,0.1875,0.1875,0.1875,0.1875,0.1875,0.1875,,,
19.3988230228424,0,0.1875,0.1875,0.1875,0.1875,0.1875,0.1875,,,
19.4008250236511,0,0.1875,0.1875,0.1875,0.1875,0.1875,0.1875,,,
19.4028279781342,0,0.1875,0.1875,0.1875,0.1875,0.1875,0.1875,,,
19.4048280715942,0,0.1875,0.1875,0.1875,0.1875,0.1875,0.1875,,,
19.4068310260773,0,0.1875,0.1875,0.1875,0.1875,0.1875,0.1875,,,
19.408833026886,0,0.1875,0.1875,0.1875,0.1875,0.1875,0.1875,,,
19.4108328819275,0,0.1875,0.1875,0.1875,0.1875,0.1875,0.1875,,,
19.4128360748291,0,0.1875,0.1875,0.1875,0.1875,0.1875,0.1875,,,
19.4148390293121,0,0.1875,0.1875,0.1875,0.1875,0.1875,0.1875,,,
19.4168388843536,0,0.1875,0.1875,0.1875,0.1875,0.1875,0.1875,,,
19.4188420772552,0,0.1875,0.1875,0.1875,0.1875,0.1875,0.1875,,,
19.4208450317383,0,0.1875,0.1875,0.1875,0.1875,0.1875,0.1875,,,
19.4228448867798,0,0.1875,0.1875,0.1875,0.1875,0.1875,0.1875,,,
19.4248468875885,0,0.1875,0.1875,0.1875,0.1875,0.1875,0.1875,,,
19.4268500804901,0,0.1875,0.1875,0.1875,0.1875,0.1875,0.1875,,,
19.4288499355316,0,0.1875,0.1875,0.1875,0.1875,0.1875,0.1875,,,
19.4308528900146,0,0.1875,0.1875,0.1875,0.1875,0.1875,0.1875,,,
19.4328548908234,0,0.1875,0.1875,0.1875,0.1875,0.1875,0.1875,,,
19.4348559379578,0,0.1875,0.1875,0.1875,0.1875,0.1875,0.1875,,,
19.4368579387665,0,0.1875,0.1875,0.1875,0.1875,0.1875,0.1875,,,
19.4388608932495,0,0.1875,0.1875,0.1875,0.1875,0.1875,0.1875,,,
19.4408609867096,0,0.1875,0.1875,0.1875,0.1875,0.1875,0.1875,,,
19.4428689479828,0,0.1875,0.1875,0.1875,0.1875,0.1875,0.1875,,,
19.4448690414429,0,0.1875,0.1875,0.1875,0.1875,0.1875,0.1875,,,
19.4468719959259,0,0.1875,0.1875,0.1875,0.1875,0.1875,0.1875,,,
19.448872089386,0,0.1875,0.1875,0.1875,0.1875,0.1875,0.1875,,,
19.4508728981018,0,0.1875,0.1875,0.1875,0.1875,0.1875,0.1875,,,
19.4528729915619,0,0.1875,0.1875,0.1875,0.1875,0.1875,0.1875,,,
19.454873085022,0,0.1875,0.1875,0.1875,0.1875,0.1875,0.1875,,,
19.456876039505,0,0.1875,0.1875,0.1875,0.1875,0.1875,0.1875,,,
19.458878993988,0,0.1875,0.1875,0.1875,0.1875,0.1875,0.1875,,,
19.4608790874481,0,0.1875,0.1875,0.1875,0.1875,0.1875,0.1875,,,
19.4628820419312,0,0.1875,0.1875,0.1875,0.1875,0.1875,0.1875,,,
19.4648818969727,0,0.1875,0.1875,0.1875,0.1875,0.1875,0.1875,,,
19.4668850898743,0,0.1875,0.1875,0.1875,0.1875,0.1875,0.1875,,,
19.4688880443573,0,0.1875,0.1875,0.1875,0.1875,0.1875,0.1875,,,
19.4708878993988,0,0.1875,0.1875,0.1875,0.1875,0.1875,0.1875,,,
19.4728910923004,0,0.1875,0.1875,0.1875,0.1875,0.1875,0.1875,,,
19.4748909473419,0,0.1875,0.1875,0.1875,0.1875,0.1875,0.1875,,,
19.476893901825,0,0.1875,0.1875,0.1875,0.1875,0.1875,0.1875,,,
19.4788970947266,0,0.1875,0.1875,0.1875,0.1875,0.1875,0.1875,,,
19.4808969497681,0,0.1875,0.1875,0.1875,0.1875,0.1875,0.1875,,,
19.4828999042511,0,0.1875,0.1875,0.1875,0.1875,0.1875,0.1875,,,
19.4848999977112,0,0.1875,0.1875,0.1875,0.1875,0.1875,0.1875,,,
19.4869029521942,0,0.1875,0.1875,0.1875,0.1875,0.1875,0.1875,,,
19.4889059066772,0,0.1875,0.1875,0.1875,0.1875,0.1875,0.1875,,,
19.4909060001373,0,0.1875,0.1875,0.1875,0.1875,0.1875,0.1875,,,
19.4929089546204,0,0.1875,0.1875,0.1875,0.1875,0.1875,0.1875,,,
19.4949090480804,0,0.1875,0.1875,0.1875,0.1875,0.1875,0.1875,,,
19.4969120025635,0,0.1875,0.1875,0.1875,0.1875,0.1875,0.1875,,,
19.4989149570465,0,0.1875,0.1875,0.1875,0.1875,0.1875,0.1875,,,
19.5009150505066,0,0.1875,0.1875,0.1875,0.1875,0.1875,0.1875,,,
19.5029180049896,0,0.1875,0.1875,0.1875,0.1875,0.1875,0.1875,,,
19.5049180984497,0,0.1875,0.1875,0.1875,0.1875,0.1875,0.1875,,,
19.5069210529327,0,0.1875,0.1875,0.1875,0.1875,0.1875,0.1875,,,
19.5089209079742,0,0.1875,0.1875,0.1875,0.1875,0.1875,0.1875,,,
19.5109241008759,0,0.1875,0.1875,0.1875,0.1875,0.1875,0.1875,,,
19.5129270553589,0,0.1875,0.1875,0.1875,0.1875,0.1875,0.1875,,,
19.5149269104004,0,0.1875,0.1875,0.1875,0.1875,0.1875,0.1875,,,
19.516930103302,0,0.1875,0.1875,0.1875,0.1875,0.1875,0.1875,,,
19.5189299583435,0,0.1875,0.1875,0.1875,0.1875,0.1875,0.1875,,,
19.5209329128265,0,0.1875,0.1875,0.1875,0.1875,0.1875,0.1875,,,
19.5229358673096,0,0.1875,0.1875,0.1875,0.1875,0.1875,0.1875,,,
19.5249359607697,0,0.1875,0.1875,0.1875,0.1875,0.1875,0.1875,,,
19.5269389152527,0,0.1875,0.1875,0.1875,0.1875,0.1875,0.1875,,,
19.5289390087128,0,0.1875,0.1875,0.1875,0.1875,0.1875,0.1875,,,
19.5309419631958,0,0.1875,0.1875,0.1875,0.1875,0.1875,0.1875,,,
19.5329430103302,0,0.1875,0.1875,0.1875,0.1875,0.1875,0.1875,,,
19.5349450111389,0,0.1875,0.1875,0.1875,0.1875,0.1875,0.1875,,,
19.5369479656219,0,0.1875,0.1875,0.1875,0.1875,0.1875,0.1875,,,
19.5389490127563,0,0.1875,0.1875,0.1875,0.1875,0.1875,0.1875,,,
19.5409510135651,0,0.1875,0.1875,0.1875,0.1875,0.1875,0.1875,,,
19.5429520606995,0,0.1875,0.1875,0.1875,0.1875,0.1875,0.1875,,,
19.5449550151825,0,0.1875,0.1875,0.1875,0.1875,0.1875,0.1875,,,
19.5469570159912,0,0.1875,0.1875,0.1875,0.1875,0.1875,0.1875,,,
19.5489580631256,0,0.1875,0.1875,0.1875,0.1875,0.1875,0.1875,,,
19.5509610176086,0,0.1875,0.1875,0.1875,0.1875,0.1875,0.1875,,,
19.5529608726501,0,0.1875,0.1875,0.1875,0.1875,0.1875,0.1875,,,
19.5549640655518,0,0.1875,0.1875,0.1875,0.1875,0.1875,0.1875,,,
19.5569639205933,0,0.1875,0.1875,0.1875,0.1875,0.1875,0.1875,,,
19.5589668750763,0,0.1875,0.1875,0.1875,0.1875,0.1875,0.1875,,,
19.5609700679779,0,0.1875,0.1875,0.1875,0.1875,0.1875,0.1875,,,
19.5629699230194,0,0.1875,0.1875,0.1875,0.1875,0.1875,0.1875,,,
19.5649728775024,0,0.1875,0.1875,0.1875,0.1875,0.1875,0.1875,,,
19.5669748783112,0,0.1875,0.1875,0.1875,0.1875,0.1875,0.1875,,,
19.5689759254456,0,0.1875,0.1875,0.1875,0.1875,0.1875,0.1875,,,
19.5709788799286,0,0.1875,0.1875,0.1875,0.1875,0.1875,0.1875,,,
19.5728900432587,0,0.1875,0.1875,0.1875,0.1875,0.1875,0.1875,,,
19.5748920440674,0,0.1875,0.1875,0.1875,0.1875,0.1875,0.1875,,,
19.5768949985504,0,0.1875,0.1875,0.1875,0.1875,0.1875,0.1875,,,
19.5788950920105,0,0.1875,0.1875,0.1875,0.1875,0.1875,0.1875,,,
19.5808980464935,0,0.1875,0.1875,0.1875,0.1875,0.1875,0.1875,,,
19.5828990936279,0,0.1875,0.1875,0.1875,0.1875,0.1875,0.1875,,,
19.5849010944366,0,0.1875,0.1875,0.1875,0.1875,0.1875,0.1875,,,
19.5869040489197,0,0.1875,0.1875,0.1875,0.1875,0.1875,0.1875,,,
19.5889050960541,0,0.1875,0.1875,0.1875,0.1875,0.1875,0.1875,,,
19.5909080505371,0,0.1875,0.1875,0.1875,0.1875,0.1875,0.1875,,,
19.5929079055786,0,0.1875,0.1875,0.1875,0.1875,0.1875,0.1875,,,
19.5949110984802,0,0.1875,0.1875,0.1875,0.1875,0.1875,0.1875,,,
19.5969130992889,0,0.1875,0.1875,0.1875,0.1875,0.1875,0.1875,,,
19.5989139080048,0,0.1875,0.1875,0.1875,0.1875,0.1875,0.1875,,,
19.6009171009064,0,0.1875,0.1875,0.1875,0.1875,0.1875,0.1875,,,
19.6029169559479,0,0.1875,0.1875,0.1875,0.1875,0.1875,0.1875,,,
19.6049199104309,0,0.1875,0.1875,0.1875,0.1875,0.1875,0.1875,,,
19.606920003891,0,0.1875,0.1875,0.1875,0.1875,0.1875,0.1875,,,
19.608922958374,0,0.1875,0.1875,0.1875,0.1875,0.1875,0.1875,,,
19.6109259128571,0,0.1875,0.1875,0.1875,0.1875,0.1875,0.1875,,,
19.6129260063171,0,0.1875,0.1875,0.1875,0.1875,0.1875,0.1875,,,
19.6149289608002,0,0.1875,0.1875,0.1875,0.1875,0.1875,0.1875,,,
19.6169309616089,0,0.1875,0.1875,0.1875,0.1875,0.1875,0.1875,,,
19.6189320087433,0,0.1875,0.1875,0.1875,0.1875,0.1875,0.1875,,,
19.6209349632263,0,0.1875,0.1875,0.1875,0.1875,0.1875,0.1875,,,
19.6229350566864,0,0.1875,0.1875,0.1875,0.1875,0.1875,0.1875,,,
19.6249380111694,0,0.1875,0.1875,0.1875,0.1875,0.1875,0.1875,,,
19.6269378662109,0,0.1875,0.1875,0.1875,0.1875,0.1875,0.1875,,,
19.6289410591125,0,0.1875,0.1875,0.1875,0.1875,0.1875,0.1875,,,
19.6309440135956,0,0.1875,0.1875,0.1875,0.1875,0.1875,0.1875,,,
19.6329438686371,0,0.1875,0.1875,0.1875,0.1875,0.1875,0.1875,,,
19.6349470615387,0,0.1875,0.1875,0.1875,0.1875,0.1875,0.1875,,,
19.6369469165802,0,0.1875,0.1875,0.1875,0.1875,0.1875,0.1875,,,
19.6389498710632,0,0.1875,0.1875,0.1875,0.1875,0.1875,0.1875,,,
19.6409530639648,0,0.1875,0.1875,0.1875,0.1875,0.1875,0.1875,,,
19.6429529190063,0,0.1875,0.1875,0.1875,0.1875,0.1875,0.1875,,,
19.6449558734894,0,0.1875,0.1875,0.1875,0.1875,0.1875,0.1875,,,
19.6469559669495,0,0.1875,0.1875,0.1875,0.1875,0.1875,0.1875,,,
19.6489589214325,0,0.1875,0.1875,0.1875,0.1875,0.1875,0.1875,,,
19.6509618759155,0,0.1875,0.1875,0.1875,0.1875,0.1875,0.1875,,,
19.6529619693756,0,0.1875,0.1875,0.1875,0.1875,0.1875,0.1875,,,
19.6549649238586,0,0.1875,0.1875,0.1875,0.1875,0.1875,0.1875,,,
19.6569650173187,0,0.1875,0.1875,0.1875,0.1875,0.1875,0.1875,,,
19.6589679718018,0,0.1875,0.1875,0.1875,0.1875,0.1875,0.1875,,,
19.6609690189362,0,0.1875,0.1875,0.1875,0.1875,0.1875,0.1875,,,
19.6629710197449,0,0.1875,0.1875,0.1875,0.1875,0.1875,0.1875,,,
19.6649739742279,0,0.1875,0.1875,0.1875,0.1875,0.1875,0.1875,,,
19.666974067688,0,0.1875,0.1875,0.1875,0.1875,0.1875,0.1875,,,
19.668977022171,0,0.1875,0.1875,0.1875,0.1875,0.1875,0.1875,,,
19.6709780693054,0,0.1875,0.1875,0.1875,0.1875,0.1875,0.1875,,,
19.6729800701141,0,0.1875,0.1875,0.1875,0.1875,0.1875,0.1875,,,
19.6749830245972,0,0.1875,0.1875,0.1875,0.1875,0.1875,0.1875,,,
19.6769828796387,0,0.1875,0.1875,0.1875,0.1875,0.1875,0.1875,,,
19.6789860725403,0,0.1875,0.1875,0.1875,0.1875,0.1875,0.1875,,,
19.6809868812561,0,0.1875,0.1875,0.1875,0.1875,0.1875,0.1875,,,
19.6829888820648,0,0.1875,0.1875,0.1875,0.1875,0.1875,0.1875,,,
19.6849920749664,0,0.1875,0.1875,0.1875,0.1875,0.1875,0.1875,,,
19.6869928836823,0,0.1875,0.1875,0.1875,0.1875,0.1875,0.1875,,,
19.688994884491,0,0.1875,0.1875,0.1875,0.1875,0.1875,0.1875,,,
19.6909959316254,0,0.1875,0.1875,0.1875,0.1875,0.1875,0.1875,,,
19.6929979324341,0,0.1875,0.1875,0.1875,0.1875,0.1875,0.1875,,,
19.6949989795685,0,0.1875,0.1875,0.1875,0.1875,0.1875,0.1875,,,
19.6970019340515,0,0.1875,0.1875,0.1875,0.1875,0.1875,0.1875,,,
19.6990039348602,0,0.1875,0.1875,0.1875,0.1875,0.1875,0.1875,,,
19.7010049819946,0,0.1875,0.1875,0.1875,0.1875,0.1875,0.1875,,,
19.7030079364777,0,0.1875,0.1875,0.1875,0.1875,0.1875,0.1875,,,
19.7050080299377,0,0.1875,0.1875,0.1875,0.1875,0.1875,0.1875,,,
19.7070109844208,0,0.1875,0.1875,0.1875,0.1875,0.1875,0.1875,,,
19.7090110778809,0,0.1875,0.1875,0.1875,0.1875,0.1875,0.1875,,,
19.7110140323639,0,0.1875,0.1875,0.1875,0.1875,0.1875,0.1875,,,
19.7130169868469,0,0.1875,0.1875,0.1875,0.1875,0.1875,0.1875,,,
19.715017080307,0,0.1875,0.1875,0.1875,0.1875,0.1875,0.1875,,,
19.71702003479,0,0.1875,0.1875,0.1875,0.1875,0.1875,0.1875,,,
19.7190198898315,0,0.1875,0.1875,0.1875,0.1875,0.1875,0.1875,,,
19.7210230827332,0,0.1875,0.1875,0.1875,0.1875,0.1875,0.1875,,,
19.7230229377747,0,0.1875,0.1875,0.1875,0.1875,0.1875,0.1875,,,
19.7250258922577,0,0.1875,0.1875,0.1875,0.1875,0.1875,0.1875,,,
19.7270290851593,0,0.1875,0.1875,0.1875,0.1875,0.1875,0.1875,,,
19.7290289402008,0,0.1875,0.1875,0.1875,0.1875,0.1875,0.1875,,,
19.7310318946838,0,0.1875,0.1875,0.1875,0.1875,0.1875,0.1875,,,
19.7330319881439,0,0.1875,0.1875,0.1875,0.1875,0.1875,0.1875,,,
19.735034942627,0,0.1875,0.1875,0.1875,0.1875,0.1875,0.1875,,,
19.73703789711,0,0.1875,0.1875,0.1875,0.1875,0.1875,0.1875,,,
19.7390379905701,0,0.1875,0.1875,0.1875,0.1875,0.1875,0.1875,,,
19.7410409450531,0,0.1875,0.1875,0.1875,0.1875,0.1875,0.1875,,,
19.7430410385132,0,0.1875,0.1875,0.1875,0.1875,0.1875,0.1875,,,
19.7450439929962,0,0.1875,0.1875,0.1875,0.1875,0.1875,0.1875,,,
19.7470459938049,0,0.1875,0.1875,0.1875,0.1875,0.1875,0.1875,,,
19.7490470409393,0,0.1875,0.1875,0.1875,0.1875,0.1875,0.1875,,,
19.7510499954224,0,0.1875,0.1875,0.1875,0.1875,0.1875,0.1875,,,
19.7530500888824,0,0.1875,0.1875,0.1875,0.1875,0.1875,0.1875,,,
19.7550530433655,0,0.1875,0.1875,0.1875,0.1875,0.1875,0.1875,,,
19.757052898407,0,0.1875,0.1875,0.1875,0.1875,0.1875,0.1875,,,
19.7590560913086,0,0.1875,0.1875,0.1875,0.1875,0.1875,0.1875,,,
19.7610559463501,0,0.1875,0.1875,0.1875,0.1875,0.1875,0.1875,,,
19.7630589008331,0,0.1875,0.1875,0.1875,0.1875,0.1875,0.1875,,,
19.7650620937347,0,0.1875,0.1875,0.1875,0.1875,0.1875,0.1875,,,
19.7670619487762,0,0.1875,0.1875,0.1875,0.1875,0.1875,0.1875,,,
19.7690649032593,0,0.1875,0.1875,0.1875,0.1875,0.1875,0.1875,,,
19.7710649967194,0,0.1875,0.1875,0.1875,0.1875,0.1875,0.1875,,,
19.7730679512024,0,0.1875,0.1875,0.1875,0.1875,0.1875,0.1875,,,
19.7750709056854,0,0.1875,0.1875,0.1875,0.1875,0.1875,0.1875,,,
19.7770709991455,0,0.1875,0.1875,0.1875,0.1875,0.1875,0.1875,,,
19.7790739536285,0,0.1875,0.1875,0.1875,0.1875,0.1875,0.1875,,,
19.7810740470886,0,0.1875,0.1875,0.1875,0.1875,0.1875,0.1875,,,
19.7830770015717,0,0.1875,0.1875,0.1875,0.1875,0.1875,0.1875,,,
19.7850770950317,0,0.1875,0.1875,0.1875,0.1875,0.1875,0.1875,,,
19.7870800495148,0,0.1875,0.1875,0.1875,0.1875,0.1875,0.1875,,,
19.7890810966492,0,0.1875,0.1875,0.1875,0.1875,0.1875,0.1875,,,
19.7910830974579,0,0.1875,0.1875,0.1875,0.1875,0.1875,0.1875,,,
19.7930860519409,0,0.1875,0.1875,0.1875,0.1875,0.1875,0.1875,,,
19.7950870990753,0,0.1875,0.1875,0.1875,0.1875,0.1875,0.1875,,,
19.7970900535584,0,0.1875,0.1875,0.1875,0.1875,0.1875,0.1875,,,
19.7990899085999,0,0.1875,0.1875,0.1875,0.1875,0.1875,0.1875,,,
19.8010931015015,0,0.1875,0.1875,0.1875,0.1875,0.1875,0.1875,,,
19.803092956543,0,0.1875,0.1875,0.1875,0.1875,0.1875,0.1875,,,
19.805095911026,0,0.1875,0.1875,0.1875,0.1875,0.1875,0.1875,,,
19.807098865509,0,0.1875,0.1875,0.1875,0.1875,0.1875,0.1875,,,
19.8090989589691,0,0.1875,0.1875,0.1875,0.1875,0.1875,0.1875,,,
19.8111019134521,0,0.1875,0.1875,0.1875,0.1875,0.1875,0.1875,,,
19.8131020069122,0,0.1875,0.1875,0.1875,0.1875,0.1875,0.1875,,,
19.8151049613953,0,0.1875,0.1875,0.1875,0.1875,0.1875,0.1875,,,
19.8171050548553,0,0.1875,0.1875,0.1875,0.1875,0.1875,0.1875,,,
19.8191080093384,0,0.1875,0.1875,0.1875,0.1875,0.1875,0.1875,,,
19.8211090564728,0,0.1875,0.1875,0.1875,0.1875,0.1875,0.1875,,,
19.8231110572815,0,0.1875,0.1875,0.1875,0.1875,0.1875,0.1875,,,
19.8251140117645,0,0.1875,0.1875,0.1875,0.1875,0.1875,0.1875,,,
19.8271150588989,0,0.1875,0.1875,0.1875,0.1875,0.1875,0.1875,,,
19.8291170597076,0,0.1875,0.1875,0.1875,0.1875,0.1875,0.1875,,,
19.8311178684235,0,0.1875,0.1875,0.1875,0.1875,0.1875,0.1875,,,
19.8331210613251,0,0.1875,0.1875,0.1875,0.1875,0.1875,0.1875,,,
19.8351209163666,0,0.1875,0.1875,0.1875,0.1875,0.1875,0.1875,,,
19.8371238708496,0,0.1875,0.1875,0.1875,0.1875,0.1875,0.1875,,,
19.8391239643097,0,0.1875,0.1875,0.1875,0.1875,0.1875,0.1875,,,
19.8411269187927,0,0.1875,0.1875,0.1875,0.1875,0.1875,0.1875,,,
19.8431270122528,0,0.1875,0.1875,0.1875,0.1875,0.1875,0.1875,,,
19.8451299667358,0,0.1875,0.1875,0.1875,0.1875,0.1875,0.1875,,,
19.8471329212189,0,0.1875,0.1875,0.1875,0.1875,0.1875,0.1875,,,
19.849133014679,0,0.1875,0.1875,0.1875,0.1875,0.1875,0.1875,,,
19.851135969162,0,0.1875,0.1875,0.1875,0.1875,0.1875,0.1875,,,
19.8531360626221,0,0.1875,0.1875,0.1875,0.1875,0.1875,0.1875,,,
19.8551390171051,0,0.1875,0.1875,0.1875,0.1875,0.1875,0.1875,,,
19.8571388721466,0,0.1875,0.1875,0.1875,0.1875,0.1875,0.1875,,,
19.8591420650482,0,0.1875,0.1875,0.1875,0.1875,0.1875,0.1875,,,
19.8611419200897,0,0.1875,0.1875,0.1875,0.1875,0.1875,0.1875,,,
19.8631448745728,0,0.1875,0.1875,0.1875,0.1875,0.1875,0.1875,,,
19.8651459217072,0,0.1875,0.1875,0.1875,0.1875,0.1875,0.1875,,,
19.8671479225159,0,0.1875,0.1875,0.1875,0.1875,0.1875,0.1875,,,
19.8691508769989,0,0.1875,0.1875,0.1875,0.1875,0.1875,0.1875,,,
19.871150970459,0,0.1875,0.1875,0.1875,0.1875,0.1875,0.1875,,,
19.873153924942,0,0.1875,0.1875,0.1875,0.1875,0.1875,0.1875,,,
19.8751549720764,0,0.1875,0.1875,0.1875,0.1875,0.1875,0.1875,,,
19.8771569728851,0,0.1875,0.1875,0.1875,0.1875,0.1875,0.1875,,,
19.8791580200195,0,0.1875,0.1875,0.1875,0.1875,0.1875,0.1875,,,
19.8811609745026,0,0.1875,0.1875,0.1875,0.1875,0.1875,0.1875,,,
19.8831629753113,0,0.1875,0.1875,0.1875,0.1875,0.1875,0.1875,,,
19.8851640224457,0,0.1875,0.1875,0.1875,0.1875,0.1875,0.1875,,,
19.8871669769287,0,0.1875,0.1875,0.1875,0.1875,0.1875,0.1875,,,
19.8891670703888,0,0.1875,0.1875,0.1875,0.1875,0.1875,0.1875,,,
19.8911700248718,0,0.1875,0.1875,0.1875,0.1875,0.1875,0.1875,,,
19.8931698799133,0,0.1875,0.1875,0.1875,0.1875,0.1875,0.1875,,,
19.8951730728149,0,0.1875,0.1875,0.1875,0.1875,0.1875,0.1875,,,
19.8971729278564,0,0.1875,0.1875,0.1875,0.1875,0.1875,0.1875,,,
19.8991758823395,0,0.1875,0.1875,0.1875,0.1875,0.1875,0.1875,,,
19.9011790752411,0,0.1875,0.1875,0.1875,0.1875,0.1875,0.1875,,,
19.9031789302826,0,0.1875,0.1875,0.1875,0.1875,0.1875,0.1875,,,
19.9051818847656,0,0.1875,0.1875,0.1875,0.1875,0.1875,0.1875,,,
19.9071819782257,0,0.1875,0.1875,0.1875,0.1875,0.1875,0.1875,,,
19.9091849327087,0,0.1875,0.1875,0.1875,0.1875,0.1875,0.1875,,,
19.9111859798431,0,0.1875,0.1875,0.1875,0.1875,0.1875,0.1875,,,
19.9131879806519,0,0.1875,0.1875,0.1875,0.1875,0.1875,0.1875,,,
19.9151890277863,0,0.1875,0.1875,0.1875,0.1875,0.1875,0.1875,,,
19.917191028595,0,0.1875,0.1875,0.1875,0.1875,0.1875,0.1875,,,
19.919193983078,0,0.1875,0.1875,0.1875,0.1875,0.1875,0.1875,,,
19.9211950302124,0,0.1875,0.1875,0.1875,0.1875,0.1875,0.1875,,,
19.9231970310211,0,0.1875,0.1875,0.1875,0.1875,0.1875,0.1875,,,
19.9251980781555,0,0.1875,0.1875,0.1875,0.1875,0.1875,0.1875,,,
19.9272010326386,0,0.1875,0.1875,0.1875,0.1875,0.1875,0.1875,,,
19.9292008876801,0,0.1875,0.1875,0.1875,0.1875,0.1875,0.1875,,,
19.9312040805817,0,0.1875,0.1875,0.1875,0.1875,0.1875,0.1875,,,
19.9332039356232,0,0.1875,0.1875,0.1875,0.1875,0.1875,0.1875,,,
19.9352068901062,0,0.1875,0.1875,0.1875,0.1875,0.1875,0.1875,,,
19.9372100830078,0,0.1875,0.1875,0.1875,0.1875,0.1875,0.1875,,,
19.9392099380493,0,0.1875,0.1875,0.1875,0.1875,0.1875,0.1875,,,
19.9412128925323,0,0.1875,0.1875,0.1875,0.1875,0.1875,0.1875,,,
19.9432129859924,0,0.1875,0.1875,0.1875,0.1875,0.1875,0.1875,,,
19.9452159404755,0,0.1875,0.1875,0.1875,0.1875,0.1875,0.1875,,,
19.9472160339355,0,0.1875,0.1875,0.1875,0.1875,0.1875,0.1875,,,
19.9492189884186,0,0.1875,0.1875,0.1875,0.1875,0.1875,0.1875,,,
19.951220035553,0,0.1875,0.1875,0.1875,0.1875,0.1875,0.1875,,,
19.9532220363617,0,0.1875,0.1875,0.1875,0.1875,0.1875,0.1875,,,
19.9552249908447,0,0.1875,0.1875,0.1875,0.1875,0.1875,0.1875,,,
19.9572260379791,0,0.1875,0.1875,0.1875,0.1875,0.1875,0.1875,,,
19.9592280387878,0,0.1875,0.1875,0.1875,0.1875,0.1875,0.1875,,,
19.9612290859222,0,0.1875,0.1875,0.1875,0.1875,0.1875,0.1875,,,
19.9632320404053,0,0.1875,0.1875,0.1875,0.1875,0.1875,0.1875,,,
19.9652318954468,0,0.1875,0.1875,0.1875,0.1875,0.1875,0.1875,,,
19.9672350883484,0,0.1875,0.1875,0.1875,0.1875,0.1875,0.1875,,,
19.9692349433899,0,0.1875,0.1875,0.1875,0.1875,0.1875,0.1875,,,
19.9712378978729,0,0.1875,0.1875,0.1875,0.1875,0.1875,0.1875,,,
19.9732410907745,0,0.1875,0.1875,0.1875,0.1875,0.1875,0.1875,,,
19.975240945816,0,0.1875,0.1875,0.1875,0.1875,0.1875,0.1875,,,
19.9772439002991,0,0.1875,0.1875,0.1875,0.1875,0.1875,0.1875,,,
19.9792439937592,0,0.1875,0.1875,0.1875,0.1875,0.1875,0.1875,,,
19.9812469482422,0,0.1875,0.1875,0.1875,0.1875,0.1875,0.1875,,,
19.9832470417023,0,0.1875,0.1875,0.1875,0.1875,0.1875,0.1875,,,
19.9852499961853,0,0.1875,0.1875,0.1875,0.1875,0.1875,0.1875,,,
19.9872529506683,0,0.1875,0.1875,0.1875,0.1875,0.1875,0.1875,,,
19.9892530441284,0,0.1875,0.1875,0.1875,0.1875,0.1875,0.1875,,,
19.9912559986115,0,0.1875,0.1875,0.1875,0.1875,0.1875,0.1875,,,
19.9932560920715,0,0.1875,0.1875,0.1875,0.1875,0.1875,0.1875,,,
19.9952590465546,0,0.1875,0.1875,0.1875,0.1875,0.1875,0.1875,,,
19.9972620010376,0,0.1875,0.1875,0.1875,0.1875,0.1875,0.1875,,,
19.9992620944977,0,0.1875,0.1875,0.1875,0.1875,0.1875,0.1875,,,
20.0012650489807,0,0.1875,0.1875,0.1875,0.1875,0.1875,0.1875,,,
20.0032649040222,0,0.1875,0.1875,0.1875,0.1875,0.1875,0.1875,,,
20.0052680969238,0,0.1875,0.1875,0.1875,0.1875,0.1875,0.1875,,,
20.0072679519653,0,0.1875,0.1875,0.1875,0.1875,0.1875,0.1875,,,
20.0092709064484,0,0.1875,0.1875,0.1875,0.1875,0.1875,0.1875,,,
20.01127409935,0,0.1875,0.1875,0.1875,0.1875,0.1875,0.1875,,,
20.0132739543915,0,0.1875,0.1875,0.1875,0.1875,0.1875,0.1875,,,
20.0152769088745,0,0.1875,0.1875,0.1875,0.1875,0.1875,0.1875,,,
20.0172770023346,0,0.1875,0.1875,0.1875,0.1875,0.1875,0.1875,,,
20.0192799568176,0,0.1875,0.1875,0.1875,0.1875,0.1875,0.1875,,,
20.0212829113007,0,0.1875,0.1875,0.1875,0.1875,0.1875,0.1875,,,
20.0232830047607,0,0.1875,0.1875,0.1875,0.1875,0.1875,0.1875,,,
20.0252859592438,0,0.1875,0.1875,0.1875,0.1875,0.1875,0.1875,,,
20.0272860527039,0,0.1875,0.1875,0.1875,0.1875,0.1875,0.1875,,,
20.0292890071869,0,0.1875,0.1875,0.1875,0.1875,0.1875,0.1875,,,
20.031289100647,0,0.1875,0.1875,0.1875,0.1875,0.1875,0.1875,,,
20.03329205513,0,0.1875,0.1875,0.1875,0.1875,0.1875,0.1875,,,
20.035295009613,0,0.1875,0.1875,0.1875,0.1875,0.1875,0.1875,,,
20.0372951030731,0,0.1875,0.1875,0.1875,0.1875,0.1875,0.1875,,,
20.0392980575562,0,0.1875,0.1875,0.1875,0.1875,0.1875,0.1875,,,
20.0412979125977,0,0.1875,0.1875,0.1875,0.1875,0.1875,0.1875,,,
20.0433008670807,0,0.1875,0.1875,0.1875,0.1875,0.1875,0.1875,,,
20.0453009605408,0,0.1875,0.1875,0.1875,0.1875,0.1875,0.1875,,,
20.0473039150238,0,0.1875,0.1875,0.1875,0.1875,0.1875,0.1875,,,
20.0493068695068,0,0.1875,0.1875,0.1875,0.1875,0.1875,0.1875,,,
20.0513069629669,0,0.1875,0.1875,0.1875,0.1875,0.1875,0.1875,,,
20.05330991745,0,0.1875,0.1875,0.1875,0.1875,0.1875,0.1875,,,
20.05531001091,0,0.1875,0.1875,0.1875,0.1875,0.1875,0.1875,,,
20.0573129653931,0,0.1875,0.1875,0.1875,0.1875,0.1875,0.1875,,,
20.0593159198761,0,0.1875,0.1875,0.1875,0.1875,0.1875,0.1875,,,
20.0613160133362,0,0.1875,0.1875,0.1875,0.1875,0.1875,0.1875,,,
20.0633189678192,0,0.1875,0.1875,0.1875,0.1875,0.1875,0.1875,,,
20.0653200149536,0,0.1875,0.1875,0.1875,0.1875,0.1875,0.1875,,,
20.0673220157623,0,0.1875,0.1875,0.1875,0.1875,0.1875,0.1875,,,
20.0693230628967,0,0.1875,0.1875,0.1875,0.1875,0.1875,0.1875,,,
20.071398973465,0,0.1875,0.1875,0.1875,0.1875,0.1875,0.1875,,,
20.0734000205994,0,0.1875,0.1875,0.1875,0.1875,0.1875,0.1875,,,
20.0754020214081,0,0.1875,0.1875,0.1875,0.1875,0.1875,0.1875,,,
20.0774030685425,0,0.1875,0.1875,0.1875,0.1875,0.1875,0.1875,,,
20.0794060230255,0,0.1875,0.1875,0.1875,0.1875,0.1875,0.1875,,,
20.081405878067,0,0.1875,0.1875,0.1875,0.1875,0.1875,0.1875,,,
20.0834090709686,0,0.1875,0.1875,0.1875,0.1875,0.1875,0.1875,,,
20.0854120254517,0,0.1875,0.1875,0.1875,0.1875,0.1875,0.1875,,,
20.0874118804932,0,0.1875,0.1875,0.1875,0.1875,0.1875,0.1875,,,
20.0894150733948,0,0.1875,0.1875,0.1875,0.1875,0.1875,0.1875,,,
20.0914149284363,0,0.1875,0.1875,0.1875,0.1875,0.1875,0.1875,,,
20.0934178829193,0,0.1875,0.1875,0.1875,0.1875,0.1875,0.1875,,,
20.0954179763794,0,0.1875,0.1875,0.1875,0.1875,0.1875,0.1875,,,
20.0974209308624,0,0.1875,0.1875,0.1875,0.1875,0.1875,0.1875,,,
20.0994219779968,0,0.1875,0.1875,0.1875,0.1875,0.1875,0.1875,,,
20.1014239788055,0,0.1875,0.1875,0.1875,0.1875,0.1875,0.1875,,,
20.1034250259399,0,0.1875,0.1875,0.1875,0.1875,0.1875,0.1875,,,
20.1054270267487,0,0.1875,0.1875,0.1875,0.1875,0.1875,0.1875,,,
20.1074299812317,0,0.1875,0.1875,0.1875,0.1875,0.1875,0.1875,,,
20.1094310283661,0,0.1875,0.1875,0.1875,0.1875,0.1875,0.1875,,,
20.1114330291748,0,0.1875,0.1875,0.1875,0.1875,0.1875,0.1875,,,
20.1134340763092,0,0.1875,0.1875,0.1875,0.1875,0.1875,0.1875,,,
20.1154360771179,0,0.1875,0.1875,0.1875,0.1875,0.1875,0.1875,,,
20.117439031601,0,0.1875,0.1875,0.1875,0.1875,0.1875,0.1875,,,
20.1194400787354,0,0.1875,0.1875,0.1875,0.1875,0.1875,0.1875,,,
20.1214420795441,0,0.1875,0.1875,0.1875,0.1875,0.1875,0.1875,,,
20.1234428882599,0,0.1875,0.1875,0.1875,0.1875,0.1875,0.1875,,,
20.1254460811615,0,0.1875,0.1875,0.1875,0.1875,0.1875,0.1875,,,
20.127445936203,0,0.1875,0.1875,0.1875,0.1875,0.1875,0.1875,,,
20.129448890686,0,0.1875,0.1875,0.1875,0.1875,0.1875,0.1875,,,
20.1314520835876,0,0.1875,0.1875,0.1875,0.1875,0.1875,0.1875,,,
20.1334519386292,0,0.1875,0.1875,0.1875,0.1875,0.1875,0.1875,,,
20.1354548931122,0,0.1875,0.1875,0.1875,0.1875,0.1875,0.1875,,,
20.1374549865723,0,0.1875,0.1875,0.1875,0.1875,0.1875,0.1875,,,
20.1394579410553,0,0.1875,0.1875,0.1875,0.1875,0.1875,0.1875,,,
20.1414608955383,0,0.1875,0.1875,0.1875,0.1875,0.1875,0.1875,,,
20.1434609889984,0,0.1875,0.1875,0.1875,0.1875,0.1875,0.1875,,,
20.1454639434814,0,0.1875,0.1875,0.1875,0.1875,0.1875,0.1875,,,
20.1474640369415,0,0.1875,0.1875,0.1875,0.1875,0.1875,0.1875,,,
20.1494669914246,0,0.1875,0.1875,0.1875,0.1875,0.1875,0.1875,,,
20.1514699459076,0,0.1875,0.1875,0.1875,0.1875,0.1875,0.1875,,,
20.1534700393677,0,0.1875,0.1875,0.1875,0.1875,0.1875,0.1875,,,
20.1554729938507,0,0.1875,0.1875,0.1875,0.1875,0.1875,0.1875,,,
20.1574730873108,0,0.1875,0.1875,0.1875,0.1875,0.1875,0.1875,,,
20.1594760417938,0,0.1875,0.1875,0.1875,0.1875,0.1875,0.1875,,,
20.1614758968353,0,0.1875,0.1875,0.1875,0.1875,0.1875,0.1875,,,
20.1634790897369,0,0.1875,0.1875,0.1875,0.1875,0.1875,0.1875,,,
20.1654798984528,0,0.1875,0.1875,0.1875,0.1875,0.1875,0.1875,,,
20.1674818992615,0,0.1875,0.1875,0.1875,0.1875,0.1875,0.1875,,,
20.1694829463959,0,0.1875,0.1875,0.1875,0.1875,0.1875,0.1875,,,
20.1714859008789,0,0.1875,0.1875,0.1875,0.1875,0.1875,0.1875,,,
20.173485994339,0,0.1875,0.1875,0.1875,0.1875,0.1875,0.1875,,,
20.175488948822,0,0.1875,0.1875,0.1875,0.1875,0.1875,0.1875,,,
20.1774890422821,0,0.1875,0.1875,0.1875,0.1875,0.1875,0.1875,,,
20.1794919967651,0,0.1875,0.1875,0.1875,0.1875,0.1875,0.1875,,,
20.1814920902252,0,0.1875,0.1875,0.1875,0.1875,0.1875,0.1875,,,
20.1834950447083,0,0.1875,0.1875,0.1875,0.1875,0.1875,0.1875,,,
20.1854960918427,0,0.1875,0.1875,0.1875,0.1875,0.1875,0.1875,,,
20.1874980926514,0,0.1875,0.1875,0.1875,0.1875,0.1875,0.1875,,,
20.1894989013672,0,0.1875,0.1875,0.1875,0.1875,0.1875,0.1875,,,
20.1915020942688,0,0.1875,0.1875,0.1875,0.1875,0.1875,0.1875,,,
20.1935040950775,0,0.1875,0.1875,0.1875,0.1875,0.1875,0.1875,,,
20.1955049037933,0,0.1875,0.1875,0.1875,0.1875,0.1875,0.1875,,,
20.1975080966949,0,0.1875,0.1875,0.1875,0.1875,0.1875,0.1875,,,
20.1995079517365,0,0.1875,0.1875,0.1875,0.1875,0.1875,0.1875,,,
20.2015109062195,0,0.1875,0.1875,0.1875,0.1875,0.1875,0.1875,,,
20.2035109996796,0,0.1875,0.1875,0.1875,0.1875,0.1875,0.1875,,,
20.2055139541626,0,0.1875,0.1875,0.1875,0.1875,0.1875,0.1875,,,
20.2075140476227,0,0.1875,0.1875,0.1875,0.1875,0.1875,0.1875,,,
20.2095170021057,0,0.1875,0.1875,0.1875,0.1875,0.1875,0.1875,,,
20.2115199565887,0,0.1875,0.1875,0.1875,0.1875,0.1875,0.1875,,,
20.2135200500488,0,0.1875,0.1875,0.1875,0.1875,0.1875,0.1875,,,
20.2155230045319,0,0.1875,0.1875,0.1875,0.1875,0.1875,0.1875,,,
20.2175230979919,0,0.1875,0.1875,0.1875,0.1875,0.1875,0.1875,,,
20.219526052475,0,0.1875,0.1875,0.1875,0.1875,0.1875,0.1875,,,
20.2215259075165,0,0.1875,0.1875,0.1875,0.1875,0.1875,0.1875,,,
20.2235291004181,0,0.1875,0.1875,0.1875,0.1875,0.1875,0.1875,,,
20.2255320549011,0,0.1875,0.1875,0.1875,0.1875,0.1875,0.1875,,,
20.2275319099426,0,0.1875,0.1875,0.1875,0.1875,0.1875,0.1875,,,
20.2295351028442,0,0.1875,0.1875,0.1875,0.1875,0.1875,0.1875,,,
20.2315349578857,0,0.1875,0.1875,0.1875,0.1875,0.1875,0.1875,,,
20.2335379123688,0,0.1875,0.1875,0.1875,0.1875,0.1875,0.1875,,,
20.2355389595032,0,0.1875,0.1875,0.1875,0.1875,0.1875,0.1875,,,
20.2375409603119,0,0.1875,0.1875,0.1875,0.1875,0.1875,0.1875,,,
20.2395420074463,0,0.1875,0.1875,0.1875,0.1875,0.1875,0.1875,,,
20.241544008255,0,0.1875,0.1875,0.1875,0.1875,0.1875,0.1875,,,
20.243546962738,0,0.1875,0.1875,0.1875,0.1875,0.1875,0.1875,,,
20.2455480098724,0,0.1875,0.1875,0.1875,0.1875,0.1875,0.1875,,,
20.2475500106812,0,0.1875,0.1875,0.1875,0.1875,0.1875,0.1875,,,
20.2495510578156,0,0.1875,0.1875,0.1875,0.1875,0.1875,0.1875,,,
20.2515530586243,0,0.1875,0.1875,0.1875,0.1875,0.1875,0.1875,,,
20.2535538673401,0,0.1875,0.1875,0.1875,0.1875,0.1875,0.1875,,,
20.2555570602417,0,0.1875,0.1875,0.1875,0.1875,0.1875,0.1875,,,
20.2575590610504,0,0.1875,0.1875,0.1875,0.1875,0.1875,0.1875,,,
20.2595598697662,0,0.1875,0.1875,0.1875,0.1875,0.1875,0.1875,,,
20.261561870575,0,0.1875,0.1875,0.1875,0.1875,0.1875,0.1875,,,
20.2635629177094,0,0.1875,0.1875,0.1875,0.1875,0.1875,0.1875,,,
20.2655658721924,0,0.1875,0.1875,0.1875,0.1875,0.1875,0.1875,,,
20.2675659656525,0,0.1875,0.1875,0.1875,0.1875,0.1875,0.1875,,,
20.2695689201355,0,0.1875,0.1875,0.1875,0.1875,0.1875,0.1875,,,
20.2715709209442,0,0.1875,0.1875,0.1875,0.1875,0.1875,0.1875,,,
20.2735719680786,0,0.1875,0.1875,0.1875,0.1875,0.1875,0.1875,,,
20.2755739688873,0,0.1875,0.1875,0.1875,0.1875,0.1875,0.1875,,,
20.2775750160217,0,0.1875,0.1875,0.1875,0.1875,0.1875,0.1875,,,
20.2795779705048,0,0.1875,0.1875,0.1875,0.1875,0.1875,0.1875,,,
20.2815780639648,0,0.1875,0.1875,0.1875,0.1875,0.1875,0.1875,,,
20.2835810184479,0,0.1875,0.1875,0.1875,0.1875,0.1875,0.1875,,,
20.2855808734894,0,0.1875,0.1875,0.1875,0.1875,0.1875,0.1875,,,
20.287584066391,0,0.1875,0.1875,0.1875,0.1875,0.1875,0.1875,,,
20.2895860671997,0,0.1875,0.1875,0.1875,0.1875,0.1875,0.1875,,,
20.2915868759155,0,0.1875,0.1875,0.1875,0.1875,0.1875,0.1875,,,
20.2935888767242,0,0.1875,0.1875,0.1875,0.1875,0.1875,0.1875,,,
20.2955899238586,0,0.1875,0.1875,0.1875,0.1875,0.1875,0.1875,,,
20.2975919246674,0,0.1875,0.1875,0.1875,0.1875,0.1875,0.1875,,,
20.2995948791504,0,0.1875,0.1875,0.1875,0.1875,0.1875,0.1875,,,
20.3015959262848,0,0.1875,0.1875,0.1875,0.1875,0.1875,0.1875,,,
20.3035979270935,0,0.1875,0.1875,0.1875,0.1875,0.1875,0.1875,,,
20.3055989742279,0,0.1875,0.1875,0.1875,0.1875,0.1875,0.1875,,,
20.3076009750366,0,0.1875,0.1875,0.1875,0.1875,0.1875,0.1875,,,
20.309602022171,0,0.1875,0.1875,0.1875,0.1875,0.1875,0.1875,,,
20.3116040229797,0,0.1875,0.1875,0.1875,0.1875,0.1875,0.1875,,,
20.3136069774628,0,0.1875,0.1875,0.1875,0.1875,0.1875,0.1875,,,
20.3156070709229,0,0.1875,0.1875,0.1875,0.1875,0.1875,0.1875,,,
20.3176100254059,0,0.1875,0.1875,0.1875,0.1875,0.1875,0.1875,,,
20.3196110725403,0,0.1875,0.1875,0.1875,0.1875,0.1875,0.1875,,,
20.321613073349,0,0.1875,0.1875,0.1875,0.1875,0.1875,0.1875,,,
20.3236138820648,0,0.1875,0.1875,0.1875,0.1875,0.1875,0.1875,,,
20.3256170749664,0,0.1875,0.1875,0.1875,0.1875,0.1875,0.1875,,,
20.3276200294495,0,0.1875,0.1875,0.1875,0.1875,0.1875,0.1875,,,
20.329619884491,0,0.1875,0.1875,0.1875,0.1875,0.1875,0.1875,,,
20.3316230773926,0,0.1875,0.1875,0.1875,0.1875,0.1875,0.1875,,,
20.3336229324341,0,0.1875,0.1875,0.1875,0.1875,0.1875,0.1875,,,
20.3356258869171,0,0.1875,0.1875,0.1875,0.1875,0.1875,0.1875,,,
20.3376259803772,0,0.1875,0.1875,0.1875,0.1875,0.1875,0.1875,,,
20.3396289348602,0,0.1875,0.1875,0.1875,0.1875,0.1875,0.1875,,,
20.3416290283203,0,0.1875,0.1875,0.1875,0.1875,0.1875,0.1875,,,
20.3436319828033,0,0.1875,0.1875,0.1875,0.1875,0.1875,0.1875,,,
20.3456320762634,0,0.1875,0.1875,0.1875,0.1875,0.1875,0.1875,,,
20.3476350307465,0,0.1875,0.1875,0.1875,0.1875,0.1875,0.1875,,,
20.3496379852295,0,0.1875,0.1875,0.1875,0.1875,0.1875,0.1875,,,
20.3516380786896,0,0.1875,0.1875,0.1875,0.1875,0.1875,0.1875,,,
20.3536410331726,0,0.1875,0.1875,0.1875,0.1875,0.1875,0.1875,,,
20.3556408882141,0,0.1875,0.1875,0.1875,0.1875,0.1875,0.1875,,,
20.3576440811157,0,0.1875,0.1875,0.1875,0.1875,0.1875,0.1875,,,
20.3596439361572,0,0.1875,0.1875,0.1875,0.1875,0.1875,0.1875,,,
20.3616468906403,0,0.1875,0.1875,0.1875,0.1875,0.1875,0.1875,,,
20.3636500835419,0,0.1875,0.1875,0.1875,0.1875,0.1875,0.1875,,,
20.3656499385834,0,0.1875,0.1875,0.1875,0.1875,0.1875,0.1875,,,
20.3676528930664,0,0.1875,0.1875,0.1875,0.1875,0.1875,0.1875,,,
20.3696539402008,0,0.1875,0.1875,0.1875,0.1875,0.1875,0.1875,,,
20.3716559410095,0,0.1875,0.1875,0.1875,0.1875,0.1875,0.1875,,,
20.3736569881439,0,0.1875,0.1875,0.1875,0.1875,0.1875,0.1875,,,
20.3756589889526,0,0.1875,0.1875,0.1875,0.1875,0.1875,0.1875,,,
20.3776619434357,0,0.1875,0.1875,0.1875,0.1875,0.1875,0.1875,,,
20.3796620368958,0,0.1875,0.1875,0.1875,0.1875,0.1875,0.1875,,,
20.3816649913788,0,0.1875,0.1875,0.1875,0.1875,0.1875,0.1875,,,
20.3836660385132,0,0.1875,0.1875,0.1875,0.1875,0.1875,0.1875,,,
20.3856680393219,0,0.1875,0.1875,0.1875,0.1875,0.1875,0.1875,,,
20.3876690864563,0,0.1875,0.1875,0.1875,0.1875,0.1875,0.1875,,,
20.389671087265,0,0.1875,0.1875,0.1875,0.1875,0.1875,0.1875,,,
20.391674041748,0,0.1875,0.1875,0.1875,0.1875,0.1875,0.1875,,,
20.3936738967896,0,0.1875,0.1875,0.1875,0.1875,0.1875,0.1875,,,
20.3956770896912,0,0.1875,0.1875,0.1875,0.1875,0.1875,0.1875,,,
20.3976769447327,0,0.1875,0.1875,0.1875,0.1875,0.1875,0.1875,,,
20.3996798992157,0,0.1875,0.1875,0.1875,0.1875,0.1875,0.1875,,,
20.4016809463501,0,0.1875,0.1875,0.1875,0.1875,0.1875,0.1875,,,
20.4036839008331,0,0.1875,0.1875,0.1875,0.1875,0.1875,0.1875,,,
20.4056839942932,0,0.1875,0.1875,0.1875,0.1875,0.1875,0.1875,,,
20.4076869487762,0,0.1875,0.1875,0.1875,0.1875,0.1875,0.1875,,,
20.409688949585,0,0.1875,0.1875,0.1875,0.1875,0.1875,0.1875,,,
20.4116899967194,0,0.1875,0.1875,0.1875,0.1875,0.1875,0.1875,,,
20.4136929512024,0,0.1875,0.1875,0.1875,0.1875,0.1875,0.1875,,,
20.4156930446625,0,0.1875,0.1875,0.1875,0.1875,0.1875,0.1875,,,
20.4176959991455,0,0.1875,0.1875,0.1875,0.1875,0.1875,0.1875,,,
20.4196960926056,0,0.1875,0.1875,0.1875,0.1875,0.1875,0.1875,,,
20.4216990470886,0,0.1875,0.1875,0.1875,0.1875,0.1875,0.1875,,,
20.4237020015717,0,0.1875,0.1875,0.1875,0.1875,0.1875,0.1875,,,
20.4257020950317,0,0.1875,0.1875,0.1875,0.1875,0.1875,0.1875,,,
20.4277050495148,0,0.1875,0.1875,0.1875,0.1875,0.1875,0.1875,,,
20.4297049045563,0,0.1875,0.1875,0.1875,0.1875,0.1875,0.1875,,,
20.4317080974579,0,0.1875,0.1875,0.1875,0.1875,0.1875,0.1875,,,
20.4337079524994,0,0.1875,0.1875,0.1875,0.1875,0.1875,0.1875,,,
20.4357109069824,0,0.1875,0.1875,0.1875,0.1875,0.1875,0.1875,,,
20.437714099884,0,0.1875,0.1875,0.1875,0.1875,0.1875,0.1875,,,
20.4397139549255,0,0.1875,0.1875,0.1875,0.1875,0.1875,0.1875,,,
20.4417159557343,0,0.1875,0.1875,0.1875,0.1875,0.1875,0.1875,,,
20.4437189102173,0,0.1875,0.1875,0.1875,0.1875,0.1875,0.1875,,,
20.4457199573517,0,0.1875,0.1875,0.1875,0.1875,0.1875,0.1875,,,
20.4477229118347,0,0.1875,0.1875,0.1875,0.1875,0.1875,0.1875,,,
20.4497230052948,0,0.1875,0.1875,0.1875,0.1875,0.1875,0.1875,,,
20.4517259597778,0,0.1875,0.1875,0.1875,0.1875,0.1875,0.1875,,,
20.4537260532379,0,0.1875,0.1875,0.1875,0.1875,0.1875,0.1875,,,
20.4557290077209,0,0.1875,0.1875,0.1875,0.1875,0.1875,0.1875,,,
20.4577300548553,0,0.1875,0.1875,0.1875,0.1875,0.1875,0.1875,,,
20.4597330093384,0,0.1875,0.1875,0.1875,0.1875,0.1875,0.1875,,,
20.4617331027985,0,0.1875,0.1875,0.1875,0.1875,0.1875,0.1875,,,
20.4637360572815,0,0.1875,0.1875,0.1875,0.1875,0.1875,0.1875,,,
20.465735912323,0,0.1875,0.1875,0.1875,0.1875,0.1875,0.1875,,,
20.467738866806,0,0.1875,0.1875,0.1875,0.1875,0.1875,0.1875,,,
20.4697399139404,0,0.1875,0.1875,0.1875,0.1875,0.1875,0.1875,,,
20.4717428684235,0,0.1875,0.1875,0.1875,0.1875,0.1875,0.1875,,,
20.4737429618835,0,0.1875,0.1875,0.1875,0.1875,0.1875,0.1875,,,
20.4757459163666,0,0.1875,0.1875,0.1875,0.1875,0.1875,0.1875,,,
20.4777460098267,0,0.1875,0.1875,0.1875,0.1875,0.1875,0.1875,,,
20.4797489643097,0,0.1875,0.1875,0.1875,0.1875,0.1875,0.1875,,,
20.4817519187927,0,0.1875,0.1875,0.1875,0.1875,0.1875,0.1875,,,
20.4837529659271,0,0.1875,0.1875,0.1875,0.1875,0.1875,0.1875,,,
20.4857530593872,0,0.1875,0.1875,0.1875,0.1875,0.1875,0.1875,,,
20.4877560138702,0,0.1875,0.1875,0.1875,0.1875,0.1875,0.1875,,,
20.4897589683533,0,0.1875,0.1875,0.1875,0.1875,0.1875,0.1875,,,
20.4917590618134,0,0.1875,0.1875,0.1875,0.1875,0.1875,0.1875,,,
20.4937620162964,0,0.1875,0.1875,0.1875,0.1875,0.1875,0.1875,,,
20.4957618713379,0,0.1875,0.1875,0.1875,0.1875,0.1875,0.1875,,,
20.4977650642395,0,0.1875,0.1875,0.1875,0.1875,0.1875,0.1875,,,
20.4997680187225,0,0.1875,0.1875,0.1875,0.1875,0.1875,0.1875,,,
20.501767873764,0,0.1875,0.1875,0.1875,0.1875,0.1875,0.1875,,,
20.5037698745728,0,0.1875,0.1875,0.1875,0.1875,0.1875,0.1875,,,
20.5057730674744,0,0.1875,0.1875,0.1875,0.1875,0.1875,0.1875,,,
20.5077729225159,0,0.1875,0.1875,0.1875,0.1875,0.1875,0.1875,,,
20.5097758769989,0,0.1875,0.1875,0.1875,0.1875,0.1875,0.1875,,,
20.511775970459,0,0.1875,0.1875,0.1875,0.1875,0.1875,0.1875,,,
20.5137779712677,0,0.1875,0.1875,0.1875,0.1875,0.1875,0.1875,,,
20.5157809257507,0,0.1875,0.1875,0.1875,0.1875,0.1875,0.1875,,,
20.5177819728851,0,0.1875,0.1875,0.1875,0.1875,0.1875,0.1875,,,
20.5197839736938,0,0.1875,0.1875,0.1875,0.1875,0.1875,0.1875,,,
20.5217840671539,0,0.1875,0.1875,0.1875,0.1875,0.1875,0.1875,,,
20.523787021637,0,0.1875,0.1875,0.1875,0.1875,0.1875,0.1875,,,
20.5257868766785,0,0.1875,0.1875,0.1875,0.1875,0.1875,0.1875,,,
20.5277900695801,0,0.1875,0.1875,0.1875,0.1875,0.1875,0.1875,,,
20.5297920703888,0,0.1875,0.1875,0.1875,0.1875,0.1875,0.1875,,,
20.5317928791046,0,0.1875,0.1875,0.1875,0.1875,0.1875,0.1875,,,
20.5337948799133,0,0.1875,0.1875,0.1875,0.1875,0.1875,0.1875,,,
20.5357949733734,0,0.1875,0.1875,0.1875,0.1875,0.1875,0.1875,,,
20.5377979278564,0,0.1875,0.1875,0.1875,0.1875,0.1875,0.1875,,,
20.5398008823395,0,0.1875,0.1875,0.1875,0.1875,0.1875,0.1875,,,
20.5418009757996,0,0.1875,0.1875,0.1875,0.1875,0.1875,0.1875,,,
20.5438039302826,0,0.1875,0.1875,0.1875,0.1875,0.1875,0.1875,,,
20.5458040237427,0,0.1875,0.1875,0.1875,0.1875,0.1875,0.1875,,,
20.5478060245514,0,0.1875,0.1875,0.1875,0.1875,0.1875,0.1875,,,
20.5498089790344,0,0.1875,0.1875,0.1875,0.1875,0.1875,0.1875,,,
20.5518090724945,0,0.1875,0.1875,0.1875,0.1875,0.1875,0.1875,,,
20.5538120269775,0,0.1875,0.1875,0.1875,0.1875,0.1875,0.1875,,,
20.555811882019,0,0.1875,0.1875,0.1875,0.1875,0.1875,0.1875,,,
20.5578138828278,0,0.1875,0.1875,0.1875,0.1875,0.1875,0.1875,,,
20.5598149299622,0,0.1875,0.1875,0.1875,0.1875,0.1875,0.1875,,,
20.5618169307709,0,0.1875,0.1875,0.1875,0.1875,0.1875,0.1875,,,
20.5638179779053,0,0.1875,0.1875,0.1875,0.1875,0.1875,0.1875,,,
20.565819978714,0,0.1875,0.1875,0.1875,0.1875,0.1875,0.1875,,,
20.5678079128265,0,0.1875,0.1875,0.1875,0.1875,0.1875,0.1875,,,
20.5698099136353,0,0.1875,0.1875,0.1875,0.1875,0.1875,0.1875,,,
20.5718128681183,0,0.1875,0.1875,0.1875,0.1875,0.1875,0.1875,,,
20.5738129615784,0,0.1875,0.1875,0.1875,0.1875,0.1875,0.1875,,,
20.5758159160614,0,0.1875,0.1875,0.1875,0.1875,0.1875,0.1875,,,
20.5778179168701,0,0.1875,0.1875,0.1875,0.1875,0.1875,0.1875,,,
20.5798189640045,0,0.1875,0.1875,0.1875,0.1875,0.1875,0.1875,,,
20.5818209648132,0,0.1875,0.1875,0.1875,0.1875,0.1875,0.1875,,,
20.5838210582733,0,0.1875,0.1875,0.1875,0.1875,0.1875,0.1875,,,
20.5858240127563,0,0.1875,0.1875,0.1875,0.1875,0.1875,0.1875,,,
20.5878260135651,0,0.1875,0.1875,0.1875,0.1875,0.1875,0.1875,,,
20.5898270606995,0,0.1875,0.1875,0.1875,0.1875,0.1875,0.1875,,,
20.5918290615082,0,0.1875,0.1875,0.1875,0.1875,0.1875,0.1875,,,
20.5938289165497,0,0.1875,0.1875,0.1875,0.1875,0.1875,0.1875,,,
20.5958318710327,0,0.1875,0.1875,0.1875,0.1875,0.1875,0.1875,,,
20.5978400707245,0,0.1875,0.1875,0.1875,0.1875,0.1875,0.1875,,,
20.599839925766,0,0.1875,0.1875,0.1875,0.1875,0.1875,0.1875,,,
20.601842880249,0,0.1875,0.1875,0.1875,0.1875,0.1875,0.1875,,,
20.6038429737091,0,0.1875,0.1875,0.1875,0.1875,0.1875,0.1875,,,
20.6058440208435,0,0.1875,0.1875,0.1875,0.1875,0.1875,0.1875,,,
20.607843875885,0,0.1875,0.1875,0.1875,0.1875,0.1875,0.1875,,,
20.6098439693451,0,0.1875,0.1875,0.1875,0.1875,0.1875,0.1875,,,
20.6118450164795,0,0.1875,0.1875,0.1875,0.1875,0.1875,0.1875,,,
20.6138470172882,0,0.1875,0.1875,0.1875,0.1875,0.1875,0.1875,,,
20.6158480644226,0,0.1875,0.1875,0.1875,0.1875,0.1875,0.1875,,,
20.6178500652313,0,0.1875,0.1875,0.1875,0.1875,0.1875,0.1875,,,
20.6198530197144,0,0.1875,0.1875,0.1875,0.1875,0.1875,0.1875,,,
20.6218540668488,0,0.1875,0.1875,0.1875,0.1875,0.1875,0.1875,,,
20.6238560676575,0,0.1875,0.1875,0.1875,0.1875,0.1875,0.1875,,,
20.6258568763733,0,0.1875,0.1875,0.1875,0.1875,0.1875,0.1875,,,
20.627858877182,0,0.1875,0.1875,0.1875,0.1875,0.1875,0.1875,,,
20.6298599243164,0,0.1875,0.1875,0.1875,0.1875,0.1875,0.1875,,,
20.6318619251251,0,0.1875,0.1875,0.1875,0.1875,0.1875,0.1875,,,
20.6338629722595,0,0.1875,0.1875,0.1875,0.1875,0.1875,0.1875,,,
20.6358659267426,0,0.1875,0.1875,0.1875,0.1875,0.1875,0.1875,,,
20.6378660202026,0,0.1875,0.1875,0.1875,0.1875,0.1875,0.1875,,,
20.6398689746857,0,0.1875,0.1875,0.1875,0.1875,0.1875,0.1875,,,
20.6418690681458,0,0.1875,0.1875,0.1875,0.1875,0.1875,0.1875,,,
20.6438720226288,0,0.1875,0.1875,0.1875,0.1875,0.1875,0.1875,,,
20.6458740234375,0,0.1875,0.1875,0.1875,0.1875,0.1875,0.1875,,,
20.6478750705719,0,0.1875,0.1875,0.1875,0.1875,0.1875,0.1875,,,
20.6498780250549,0,0.1875,0.1875,0.1875,0.1875,0.1875,0.1875,,,
20.6518778800964,0,0.1875,0.1875,0.1875,0.1875,0.1875,0.1875,,,
20.653881072998,0,0.1875,0.1875,0.1875,0.1875,0.1875,0.1875,,,
20.6558809280396,0,0.1875,0.1875,0.1875,0.1875,0.1875,0.1875,,,
20.6578838825226,0,0.1875,0.1875,0.1875,0.1875,0.1875,0.1875,,,
20.6598839759827,0,0.1875,0.1875,0.1875,0.1875,0.1875,0.1875,,,
20.6618869304657,0,0.1875,0.1875,0.1875,0.1875,0.1875,0.1875,,,
20.6638879776001,0,0.1875,0.1875,0.1875,0.1875,0.1875,0.1875,,,
20.6658909320831,0,0.1875,0.1875,0.1875,0.1875,0.1875,0.1875,,,
20.6678910255432,0,0.1875,0.1875,0.1875,0.1875,0.1875,0.1875,,,
20.6698939800262,0,0.1875,0.1875,0.1875,0.1875,0.1875,0.1875,,,
20.6718940734863,0,0.1875,0.1875,0.1875,0.1875,0.1875,0.1875,,,
20.6738970279694,0,0.1875,0.1875,0.1875,0.1875,0.1875,0.1875,,,
20.6758968830109,0,0.1875,0.1875,0.1875,0.1875,0.1875,0.1875,,,
20.6779000759125,0,0.1875,0.1875,0.1875,0.1875,0.1875,0.1875,,,
20.679899930954,0,0.1875,0.1875,0.1875,0.1875,0.1875,0.1875,,,
20.681902885437,0,0.1875,0.1875,0.1875,0.1875,0.1875,0.1875,,,
20.6839060783386,0,0.1875,0.1875,0.1875,0.1875,0.1875,0.1875,,,
20.6859059333801,0,0.1875,0.1875,0.1875,0.1875,0.1875,0.1875,,,
20.6879088878632,0,0.1875,0.1875,0.1875,0.1875,0.1875,0.1875,,,
20.6899089813232,0,0.1875,0.1875,0.1875,0.1875,0.1875,0.1875,,,
20.6919119358063,0,0.1875,0.1875,0.1875,0.1875,0.1875,0.1875,,,
20.6939120292664,0,0.1875,0.1875,0.1875,0.1875,0.1875,0.1875,,,
20.6959149837494,0,0.1875,0.1875,0.1875,0.1875,0.1875,0.1875,,,
20.6979160308838,0,0.1875,0.1875,0.1875,0.1875,0.1875,0.1875,,,
20.6999180316925,0,0.1875,0.1875,0.1875,0.1875,0.1875,0.1875,,,
20.7019190788269,0,0.1875,0.1875,0.1875,0.1875,0.1875,0.1875,,,
20.7039220333099,0,0.1875,0.1875,0.1875,0.1875,0.1875,0.1875,,,
20.7059218883514,0,0.1875,0.1875,0.1875,0.1875,0.1875,0.1875,,,
20.7079250812531,0,0.1875,0.1875,0.1875,0.1875,0.1875,0.1875,,,
20.7099249362946,0,0.1875,0.1875,0.1875,0.1875,0.1875,0.1875,,,
20.7119278907776,0,0.1875,0.1875,0.1875,0.1875,0.1875,0.1875,,,
20.7139279842377,0,0.1875,0.1875,0.1875,0.1875,0.1875,0.1875,,,
20.7159309387207,0,0.1875,0.1875,0.1875,0.1875,0.1875,0.1875,,,
20.7179319858551,0,0.1875,0.1875,0.1875,0.1875,0.1875,0.1875,,,
20.7199339866638,0,0.1875,0.1875,0.1875,0.1875,0.1875,0.1875,,,
20.7219369411469,0,0.1875,0.1875,0.1875,0.1875,0.1875,0.1875,,,
20.7239370346069,0,0.1875,0.1875,0.1875,0.1875,0.1875,0.1875,,,
20.72593998909,0,0.1875,0.1875,0.1875,0.1875,0.1875,0.1875,,,
20.72794008255,0,0.1875,0.1875,0.1875,0.1875,0.1875,0.1875,,,
20.7299430370331,0,0.1875,0.1875,0.1875,0.1875,0.1875,0.1875,,,
20.7319428920746,0,0.1875,0.1875,0.1875,0.1875,0.1875,0.1875,,,
20.7339460849762,0,0.1875,0.1875,0.1875,0.1875,0.1875,0.1875,,,
20.735946893692,0,0.1875,0.1875,0.1875,0.1875,0.1875,0.1875,,,
20.7379500865936,0,0.1875,0.1875,0.1875,0.1875,0.1875,0.1875,,,
20.7399499416351,0,0.1875,0.1875,0.1875,0.1875,0.1875,0.1875,,,
20.7419528961182,0,0.1875,0.1875,0.1875,0.1875,0.1875,0.1875,,,
20.7439548969269,0,0.1875,0.1875,0.1875,0.1875,0.1875,0.1875,,,
20.7459559440613,0,0.1875,0.1875,0.1875,0.1875,0.1875,0.1875,,,
20.74795794487,0,0.1875,0.1875,0.1875,0.1875,0.1875,0.1875,,,
20.7499589920044,0,0.1875,0.1875,0.1875,0.1875,0.1875,0.1875,,,
20.7519619464874,0,0.1875,0.1875,0.1875,0.1875,0.1875,0.1875,,,
20.7539620399475,0,0.1875,0.1875,0.1875,0.1875,0.1875,0.1875,,,
20.7559649944305,0,0.1875,0.1875,0.1875,0.1875,0.1875,0.1875,,,
20.7579650878906,0,0.1875,0.1875,0.1875,0.1875,0.1875,0.1875,,,
20.7599680423737,0,0.1875,0.1875,0.1875,0.1875,0.1875,0.1875,,,
20.7619678974152,0,0.1875,0.1875,0.1875,0.1875,0.1875,0.1875,,,
20.7639710903168,0,0.1875,0.1875,0.1875,0.1875,0.1875,0.1875,,,
20.7659709453583,0,0.1875,0.1875,0.1875,0.1875,0.1875,0.1875,,,
20.7679738998413,0,0.1875,0.1875,0.1875,0.1875,0.1875,0.1875,,,
20.7699739933014,0,0.1875,0.1875,0.1875,0.1875,0.1875,0.1875,,,
20.7719769477844,0,0.1875,0.1875,0.1875,0.1875,0.1875,0.1875,,,
20.7739799022675,0,0.1875,0.1875,0.1875,0.1875,0.1875,0.1875,,,
20.7759799957275,0,0.1875,0.1875,0.1875,0.1875,0.1875,0.1875,,,
20.7779829502106,0,0.1875,0.1875,0.1875,0.1875,0.1875,0.1875,,,
20.779983997345,0,0.1875,0.1875,0.1875,0.1875,0.1875,0.1875,,,
20.7819859981537,0,0.1875,0.1875,0.1875,0.1875,0.1875,0.1875,,,
20.7839870452881,0,0.1875,0.1875,0.1875,0.1875,0.1875,0.1875,,,
20.7859899997711,0,0.1875,0.1875,0.1875,0.1875,0.1875,0.1875,,,
20.7879900932312,0,0.1875,0.1875,0.1875,0.1875,0.1875,0.1875,,,
20.7899930477142,0,0.1875,0.1875,0.1875,0.1875,0.1875,0.1875,,,
20.7919929027557,0,0.1875,0.1875,0.1875,0.1875,0.1875,0.1875,,,
20.7939960956573,0,0.1875,0.1875,0.1875,0.1875,0.1875,0.1875,,,
20.7959959506989,0,0.1875,0.1875,0.1875,0.1875,0.1875,0.1875,,,
20.7979989051819,0,0.1875,0.1875,0.1875,0.1875,0.1875,0.1875,,,
20.799998998642,0,0.1875,0.1875,0.1875,0.1875,0.1875,0.1875,,,
20.802001953125,0,0.1875,0.1875,0.1875,0.1875,0.1875,0.1875,,,
20.8040030002594,0,0.1875,0.1875,0.1875,0.1875,0.1875,0.1875,,,
20.8060050010681,0,0.1875,0.1875,0.1875,0.1875,0.1875,0.1875,,,
20.8080060482025,0,0.1875,0.1875,0.1875,0.1875,0.1875,0.1875,,,
20.8100090026855,0,0.1875,0.1875,0.1875,0.1875,0.1875,0.1875,,,
20.8120090961456,0,0.1875,0.1875,0.1875,0.1875,0.1875,0.1875,,,
20.8140120506287,0,0.1875,0.1875,0.1875,0.1875,0.1875,0.1875,,,
20.8160119056702,0,0.1875,0.1875,0.1875,0.1875,0.1875,0.1875,,,
20.8180150985718,0,0.1875,0.1875,0.1875,0.1875,0.1875,0.1875,,,
20.8200149536133,0,0.1875,0.1875,0.1875,0.1875,0.1875,0.1875,,,
20.8220179080963,0,0.1875,0.1875,0.1875,0.1875,0.1875,0.1875,,,
20.8240180015564,0,0.1875,0.1875,0.1875,0.1875,0.1875,0.1875,,,
20.8260209560394,0,0.1875,0.1875,0.1875,0.1875,0.1875,0.1875,,,
20.8280220031738,0,0.1875,0.1875,0.1875,0.1875,0.1875,0.1875,,,
20.8300240039825,0,0.1875,0.1875,0.1875,0.1875,0.1875,0.1875,,,
20.8320250511169,0,0.1875,0.1875,0.1875,0.1875,0.1875,0.1875,,,
20.8340280056,0,0.1875,0.1875,0.1875,0.1875,0.1875,0.1875,,,
20.8360280990601,0,0.1875,0.1875,0.1875,0.1875,0.1875,0.1875,,,
20.8380310535431,0,0.1875,0.1875,0.1875,0.1875,0.1875,0.1875,,,
20.8400309085846,0,0.1875,0.1875,0.1875,0.1875,0.1875,0.1875,,,
20.8420341014862,0,0.1875,0.1875,0.1875,0.1875,0.1875,0.1875,,,
20.8440339565277,0,0.1875,0.1875,0.1875,0.1875,0.1875,0.1875,,,
20.8460369110107,0,0.1875,0.1875,0.1875,0.1875,0.1875,0.1875,,,
20.8480398654938,0,0.1875,0.1875,0.1875,0.1875,0.1875,0.1875,,,
20.8500399589539,0,0.1875,0.1875,0.1875,0.1875,0.1875,0.1875,,,
20.8520429134369,0,0.1875,0.1875,0.1875,0.1875,0.1875,0.1875,,,
20.854043006897,0,0.1875,0.1875,0.1875,0.1875,0.1875,0.1875,,,
20.85604596138,0,0.1875,0.1875,0.1875,0.1875,0.1875,0.1875,,,
20.8580460548401,0,0.1875,0.1875,0.1875,0.1875,0.1875,0.1875,,,
20.8600490093231,0,0.1875,0.1875,0.1875,0.1875,0.1875,0.1875,,,
20.8620491027832,0,0.1875,0.1875,0.1875,0.1875,0.1875,0.1875,,,
20.8640520572662,0,0.1875,0.1875,0.1875,0.1875,0.1875,0.1875,,,
20.8660519123077,0,0.1875,0.1875,0.1875,0.1875,0.1875,0.1875,,,
20.8680548667908,0,0.1875,0.1875,0.1875,0.1875,0.1875,0.1875,,,
20.8700559139252,0,0.1875,0.1875,0.1875,0.1875,0.1875,0.1875,,,
20.8720588684082,0,0.1875,0.1875,0.1875,0.1875,0.1875,0.1875,,,
20.8740589618683,0,0.1875,0.1875,0.1875,0.1875,0.1875,0.1875,,,
20.8760619163513,0,0.1875,0.1875,0.1875,0.1875,0.1875,0.1875,,,
20.8780620098114,0,0.1875,0.1875,0.1875,0.1875,0.1875,0.1875,,,
20.8800649642944,0,0.1875,0.1875,0.1875,0.1875,0.1875,0.1875,,,
20.8820650577545,0,0.1875,0.1875,0.1875,0.1875,0.1875,0.1875,,,
20.8840680122375,0,0.1875,0.1875,0.1875,0.1875,0.1875,0.1875,,,
20.8860678672791,0,0.1875,0.1875,0.1875,0.1875,0.1875,0.1875,,,
20.8880710601807,0,0.1875,0.1875,0.1875,0.1875,0.1875,0.1875,,,
20.8900709152222,0,0.1875,0.1875,0.1875,0.1875,0.1875,0.1875,,,
20.8920738697052,0,0.1875,0.1875,0.1875,0.1875,0.1875,0.1875,,,
20.8940739631653,0,0.1875,0.1875,0.1875,0.1875,0.1875,0.1875,,,
20.8960769176483,0,0.1875,0.1875,0.1875,0.1875,0.1875,0.1875,,,
20.8980779647827,0,0.1875,0.1875,0.1875,0.1875,0.1875,0.1875,,,
20.9000799655914,0,0.1875,0.1875,0.1875,0.1875,0.1875,0.1875,,,
20.9020829200745,0,0.1875,0.1875,0.1875,0.1875,0.1875,0.1875,,,
20.9040830135345,0,0.1875,0.1875,0.1875,0.1875,0.1875,0.1875,,,
20.9060859680176,0,0.1875,0.1875,0.1875,0.1875,0.1875,0.1875,,,
20.9080860614777,0,0.1875,0.1875,0.1875,0.1875,0.1875,0.1875,,,
20.9100890159607,0,0.1875,0.1875,0.1875,0.1875,0.1875,0.1875,,,
20.9120888710022,0,0.1875,0.1875,0.1875,0.1875,0.1875,0.1875,,,
20.9140920639038,0,0.1875,0.1875,0.1875,0.1875,0.1875,0.1875,,,
20.9160928726196,0,0.1875,0.1875,0.1875,0.1875,0.1875,0.1875,,,
20.9180948734283,0,0.1875,0.1875,0.1875,0.1875,0.1875,0.1875,,,
20.9200959205627,0,0.1875,0.1875,0.1875,0.1875,0.1875,0.1875,,,
20.9220988750458,0,0.1875,0.1875,0.1875,0.1875,0.1875,0.1875,,,
20.9241008758545,0,0.1875,0.1875,0.1875,0.1875,0.1875,0.1875,,,
20.9261019229889,0,0.1875,0.1875,0.1875,0.1875,0.1875,0.1875,,,
20.9281039237976,0,0.1875,0.1875,0.1875,0.1875,0.1875,0.1875,,,
20.930104970932,0,0.1875,0.1875,0.1875,0.1875,0.1875,0.1875,,,
20.932107925415,0,0.1875,0.1875,0.1875,0.1875,0.1875,0.1875,,,
20.9341080188751,0,0.1875,0.1875,0.1875,0.1875,0.1875,0.1875,,,
20.9361109733582,0,0.1875,0.1875,0.1875,0.1875,0.1875,0.1875,,,
20.9381110668182,0,0.1875,0.1875,0.1875,0.1875,0.1875,0.1875,,,
20.9401140213013,0,0.1875,0.1875,0.1875,0.1875,0.1875,0.1875,,,
20.9421138763428,0,0.1875,0.1875,0.1875,0.1875,0.1875,0.1875,,,
20.9441170692444,0,0.1875,0.1875,0.1875,0.1875,0.1875,0.1875,,,
20.9461169242859,0,0.1875,0.1875,0.1875,0.1875,0.1875,0.1875,,,
20.9481198787689,0,0.1875,0.1875,0.1875,0.1875,0.1875,0.1875,,,
20.9501209259033,0,0.1875,0.1875,0.1875,0.1875,0.1875,0.1875,,,
20.952122926712,0,0.1875,0.1875,0.1875,0.1875,0.1875,0.1875,,,
20.9541258811951,0,0.1875,0.1875,0.1875,0.1875,0.1875,0.1875,,,
20.9561259746552,0,0.1875,0.1875,0.1875,0.1875,0.1875,0.1875,,,
20.9581289291382,0,0.1875,0.1875,0.1875,0.1875,0.1875,0.1875,,,
20.9601299762726,0,0.1875,0.1875,0.1875,0.1875,0.1875,0.1875,,,
20.9621319770813,0,0.1875,0.1875,0.1875,0.1875,0.1875,0.1875,,,
20.9641330242157,0,0.1875,0.1875,0.1875,0.1875,0.1875,0.1875,,,
20.9661359786987,0,0.1875,0.1875,0.1875,0.1875,0.1875,0.1875,,,
20.9681360721588,0,0.1875,0.1875,0.1875,0.1875,0.1875,0.1875,,,
20.9701390266418,0,0.1875,0.1875,0.1875,0.1875,0.1875,0.1875,,,
20.9721388816834,0,0.1875,0.1875,0.1875,0.1875,0.1875,0.1875,,,
20.974142074585,0,0.1875,0.1875,0.1875,0.1875,0.1875,0.1875,,,
20.9761440753937,0,0.1875,0.1875,0.1875,0.1875,0.1875,0.1875,,,
20.9781448841095,0,0.1875,0.1875,0.1875,0.1875,0.1875,0.1875,,,
20.9801480770111,0,0.1875,0.1875,0.1875,0.1875,0.1875,0.1875,,,
20.9821479320526,0,0.1875,0.1875,0.1875,0.1875,0.1875,0.1875,,,
20.9841508865356,0,0.1875,0.1875,0.1875,0.1875,0.1875,0.1875,,,
20.9861509799957,0,0.1875,0.1875,0.1875,0.1875,0.1875,0.1875,,,
20.9881539344788,0,0.1875,0.1875,0.1875,0.1875,0.1875,0.1875,,,
20.9901540279388,0,0.1875,0.1875,0.1875,0.1875,0.1875,0.1875,,,
20.9921569824219,0,0.1875,0.1875,0.1875,0.1875,0.1875,0.1875,,,
20.9941599369049,0,0.1875,0.1875,0.1875,0.1875,0.1875,0.1875,,,
20.996160030365,0,0.1875,0.1875,0.1875,0.1875,0.1875,0.1875,,,
20.998162984848,0,0.1875,0.1875,0.1875,0.1875,0.1875,0.1875,,,
21.0001630783081,0,0.1875,0.1875,0.1875,0.1875,0.1875,0.1875,,,
21.0021660327911,0,0.1875,0.1875,0.1875,0.1875,0.1875,0.1875,,,
21.0041658878326,0,0.1875,0.1875,0.1875,0.1875,0.1875,0.1875,,,
21.0061690807343,0,0.1875,0.1875,0.1875,0.1875,0.1875,0.1875,,,
21.0081698894501,0,0.1875,0.1875,0.1875,0.1875,0.1875,0.1875,,,
21.0101718902588,0,0.1875,0.1875,0.1875,0.1875,0.1875,0.1875,,,
21.0121729373932,0,0.1875,0.1875,0.1875,0.1875,0.1875,0.1875,,,
21.0141749382019,0,0.1875,0.1875,0.1875,0.1875,0.1875,0.1875,,,
21.0161759853363,0,0.1875,0.1875,0.1875,0.1875,0.1875,0.1875,,,
21.018177986145,0,0.1875,0.1875,0.1875,0.1875,0.1875,0.1875,,,
21.0201809406281,0,0.1875,0.1875,0.1875,0.1875,0.1875,0.1875,,,
21.0221810340881,0,0.1875,0.1875,0.1875,0.1875,0.1875,0.1875,,,
21.0241839885712,0,0.1875,0.1875,0.1875,0.1875,0.1875,0.1875,,,
21.0261850357056,0,0.1875,0.1875,0.1875,0.1875,0.1875,0.1875,,,
21.0281870365143,0,0.1875,0.1875,0.1875,0.1875,0.1875,0.1875,,,
21.0301880836487,0,0.1875,0.1875,0.1875,0.1875,0.1875,0.1875,,,
21.0321900844574,0,0.1875,0.1875,0.1875,0.1875,0.1875,0.1875,,,
21.0341930389404,0,0.1875,0.1875,0.1875,0.1875,0.1875,0.1875,,,
21.0361940860748,0,0.1875,0.1875,0.1875,0.1875,0.1875,0.1875,,,
21.0381960868835,0,0.1875,0.1875,0.1875,0.1875,0.1875,0.1875,,,
21.0401968955994,0,0.1875,0.1875,0.1875,0.1875,0.1875,0.1875,,,
21.042200088501,0,0.1875,0.1875,0.1875,0.1875,0.1875,0.1875,,,
21.0441999435425,0,0.1875,0.1875,0.1875,0.1875,0.1875,0.1875,,,
21.0462028980255,0,0.1875,0.1875,0.1875,0.1875,0.1875,0.1875,,,
21.0482029914856,0,0.1875,0.1875,0.1875,0.1875,0.1875,0.1875,,,
21.0502059459686,0,0.1875,0.1875,0.1875,0.1875,0.1875,0.1875,,,
21.0522079467773,0,0.1875,0.1875,0.1875,0.1875,0.1875,0.1875,,,
21.0542089939117,0,0.1875,0.1875,0.1875,0.1875,0.1875,0.1875,,,
21.0562119483948,0,0.1875,0.1875,0.1875,0.1875,0.1875,0.1875,,,
21.0582120418549,0,0.1875,0.1875,0.1875,0.1875,0.1875,0.1875,,,
21.0602149963379,0,0.1875,0.1875,0.1875,0.1875,0.1875,0.1875,,,
21.062215089798,0,0.1875,0.1875,0.1875,0.1875,0.1875,0.1875,,,
21.064218044281,0,0.1875,0.1875,0.1875,0.1875,0.1875,0.1875,,,
21.0662178993225,0,0.1875,0.1875,0.1875,0.1875,0.1875,0.1875,,,
21.0680799484253,0,0.1875,0.1875,0.1875,0.1875,0.1875,0.1875,,,
21.0700800418854,0,0.1875,0.1875,0.1875,0.1875,0.1875,0.1875,,,
21.0720829963684,0,0.1875,0.1875,0.1875,0.1875,0.1875,0.1875,,,
21.0740830898285,0,0.1875,0.1875,0.1875,0.1875,0.1875,0.1875,,,
21.0760860443115,0,0.1875,0.1875,0.1875,0.1875,0.1875,0.1875,,,
21.0780889987946,0,0.1875,0.1875,0.1875,0.1875,0.1875,0.1875,,,
21.0800890922546,0,0.1875,0.1875,0.1875,0.1875,0.1875,0.1875,,,
21.0820920467377,0,0.1875,0.1875,0.1875,0.1875,0.1875,0.1875,,,
21.0840930938721,0,0.1875,0.1875,0.1875,0.1875,0.1875,0.1875,,,
21.0860950946808,0,0.1875,0.1875,0.1875,0.1875,0.1875,0.1875,,,
21.0880959033966,0,0.1875,0.1875,0.1875,0.1875,0.1875,0.1875,,,
21.0900979042053,0,0.1875,0.1875,0.1875,0.1875,0.1875,0.1875,,,
21.0920989513397,0,0.1875,0.1875,0.1875,0.1875,0.1875,0.1875,,,
21.0941019058228,0,0.1875,0.1875,0.1875,0.1875,0.1875,0.1875,,,
21.0961019992828,0,0.1875,0.1875,0.1875,0.1875,0.1875,0.1875,,,
21.0981049537659,0,0.1875,0.1875,0.1875,0.1875,0.1875,0.1875,,,
21.100105047226,0,0.1875,0.1875,0.1875,0.1875,0.1875,0.1875,,,
21.102108001709,0,0.1875,0.1875,0.1875,0.1875,0.1875,0.1875,,,
21.1041080951691,0,0.1875,0.1875,0.1875,0.1875,0.1875,0.1875,,,
21.1061110496521,0,0.1875,0.1875,0.1875,0.1875,0.1875,0.1875,,,
21.1081140041351,0,0.1875,0.1875,0.1875,0.1875,0.1875,0.1875,,,
21.1101140975952,0,0.1875,0.1875,0.1875,0.1875,0.1875,0.1875,,,
21.1121170520782,0,0.1875,0.1875,0.1875,0.1875,0.1875,0.1875,,,
21.1141169071198,0,0.1875,0.1875,0.1875,0.1875,0.1875,0.1875,,,
21.1161201000214,0,0.1875,0.1875,0.1875,0.1875,0.1875,0.1875,,,
21.1181199550629,0,0.1875,0.1875,0.1875,0.1875,0.1875,0.1875,,,
21.1201229095459,0,0.1875,0.1875,0.1875,0.1875,0.1875,0.1875,,,
21.1221261024475,0,0.1875,0.1875,0.1875,0.1875,0.1875,0.1875,,,
21.124125957489,0,0.1875,0.1875,0.1875,0.1875,0.1875,0.1875,,,
21.126128911972,0,0.1875,0.1875,0.1875,0.1875,0.1875,0.1875,,,
21.1281290054321,0,0.1875,0.1875,0.1875,0.1875,0.1875,0.1875,,,
21.1301319599152,0,0.1875,0.1875,0.1875,0.1875,0.1875,0.1875,,,
21.1321320533752,0,0.1875,0.1875,0.1875,0.1875,0.1875,0.1875,,,
21.1341350078583,0,0.1875,0.1875,0.1875,0.1875,0.1875,0.1875,,,
21.1361351013184,0,0.1875,0.1875,0.1875,0.1875,0.1875,0.1875,,,
21.1381380558014,0,0.1875,0.1875,0.1875,0.1875,0.1875,0.1875,,,
21.1401391029358,0,0.1875,0.1875,0.1875,0.1875,0.1875,0.1875,,,
21.1421408653259,0,0.1875,0.1875,0.1875,0.1875,0.1875,0.1875,,,
21.1441419124603,0,0.1875,0.1875,0.1875,0.1875,0.1875,0.1875,,,
21.1461448669434,0,0.1875,0.1875,0.1875,0.1875,0.1875,0.1875,,,
21.1481449604034,0,0.1875,0.1875,0.1875,0.1875,0.1875,0.1875,,,
21.1501479148865,0,0.1875,0.1875,0.1875,0.1875,0.1875,0.1875,,,
21.1521480083466,0,0.1875,0.1875,0.1875,0.1875,0.1875,0.1875,,,
21.1541509628296,0,0.1875,0.1875,0.1875,0.1875,0.1875,0.1875,,,
21.156152009964,0,0.1875,0.1875,0.1875,0.1875,0.1875,0.1875,,,
21.1581540107727,0,0.1875,0.1875,0.1875,0.1875,0.1875,0.1875,,,
21.1601550579071,0,0.1875,0.1875,0.1875,0.1875,0.1875,0.1875,,,
21.1621580123901,0,0.1875,0.1875,0.1875,0.1875,0.1875,0.1875,,,
21.1641578674316,0,0.1875,0.1875,0.1875,0.1875,0.1875,0.1875,,,
21.1661610603333,0,0.1875,0.1875,0.1875,0.1875,0.1875,0.1875,,,
21.1681609153748,0,0.1875,0.1875,0.1875,0.1875,0.1875,0.1875,,,
21.1701638698578,0,0.1875,0.1875,0.1875,0.1875,0.1875,0.1875,,,
21.1721670627594,0,0.1875,0.1875,0.1875,0.1875,0.1875,0.1875,,,
21.1741669178009,0,0.1875,0.1875,0.1875,0.1875,0.1875,0.1875,,,
21.1761698722839,0,0.1875,0.1875,0.1875,0.1875,0.1875,0.1875,,,
21.178169965744,0,0.1875,0.1875,0.1875,0.1875,0.1875,0.1875,,,
21.1801729202271,0,0.1875,0.1875,0.1875,0.1875,0.1875,0.1875,,,
21.1821730136871,0,0.1875,0.1875,0.1875,0.1875,0.1875,0.1875,,,
21.1841759681702,0,0.1875,0.1875,0.1875,0.1875,0.1875,0.1875,,,
21.1861770153046,0,0.1875,0.1875,0.1875,0.1875,0.1875,0.1875,,,
21.1881790161133,0,0.1875,0.1875,0.1875,0.1875,0.1875,0.1875,,,
21.1901800632477,0,0.1875,0.1875,0.1875,0.1875,0.1875,0.1875,,,
21.1921830177307,0,0.1875,0.1875,0.1875,0.1875,0.1875,0.1875,,,
21.1941828727722,0,0.1875,0.1875,0.1875,0.1875,0.1875,0.1875,,,
21.1961860656738,0,0.1875,0.1875,0.1875,0.1875,0.1875,0.1875,,,
21.1981859207153,0,0.1875,0.1875,0.1875,0.1875,0.1875,0.1875,,,
21.2001888751984,0,0.1875,0.1875,0.1875,0.1875,0.1875,0.1875,,,
21.2021889686584,0,0.1875,0.1875,0.1875,0.1875,0.1875,0.1875,,,
21.2041919231415,0,0.1875,0.1875,0.1875,0.1875,0.1875,0.1875,,,
21.2061920166016,0,0.1875,0.1875,0.1875,0.1875,0.1875,0.1875,,,
21.2081949710846,0,0.1875,0.1875,0.1875,0.1875,0.1875,0.1875,,,
21.2101950645447,0,0.1875,0.1875,0.1875,0.1875,0.1875,0.1875,,,
21.2121980190277,0,0.1875,0.1875,0.1875,0.1875,0.1875,0.1875,,,
21.2141990661621,0,0.1875,0.1875,0.1875,0.1875,0.1875,0.1875,,,
21.2162010669708,0,0.1875,0.1875,0.1875,0.1875,0.1875,0.1875,,,
21.2182018756866,0,0.1875,0.1875,0.1875,0.1875,0.1875,0.1875,,,
21.2202038764954,0,0.1875,0.1875,0.1875,0.1875,0.1875,0.1875,,,
21.2222049236298,0,0.1875,0.1875,0.1875,0.1875,0.1875,0.1875,,,
21.2242069244385,0,0.1875,0.1875,0.1875,0.1875,0.1875,0.1875,,,
21.2262098789215,0,0.1875,0.1875,0.1875,0.1875,0.1875,0.1875,,,
21.2282109260559,0,0.1875,0.1875,0.1875,0.1875,0.1875,0.1875,,,
21.2302129268646,0,0.1875,0.1875,0.1875,0.1875,0.1875,0.1875,,,
21.232213973999,0,0.1875,0.1875,0.1875,0.1875,0.1875,0.1875,,,
21.2342169284821,0,0.1875,0.1875,0.1875,0.1875,0.1875,0.1875,,,
21.2362170219421,0,0.1875,0.1875,0.1875,0.1875,0.1875,0.1875,,,
21.2382199764252,0,0.1875,0.1875,0.1875,0.1875,0.1875,0.1875,,,
21.2402200698853,0,0.1875,0.1875,0.1875,0.1875,0.1875,0.1875,,,
21.2422230243683,0,0.1875,0.1875,0.1875,0.1875,0.1875,0.1875,,,
21.2442228794098,0,0.1875,0.1875,0.1875,0.1875,0.1875,0.1875,,,
21.2462260723114,0,0.1875,0.1875,0.1875,0.1875,0.1875,0.1875,,,
21.2482268810272,0,0.1875,0.1875,0.1875,0.1875,0.1875,0.1875,,,
21.2502288818359,0,0.1875,0.1875,0.1875,0.1875,0.1875,0.1875,,,
21.2522299289703,0,0.1875,0.1875,0.1875,0.1875,0.1875,0.1875,,,
21.2542319297791,0,0.1875,0.1875,0.1875,0.1875,0.1875,0.1875,,,
21.2562329769135,0,0.1875,0.1875,0.1875,0.1875,0.1875,0.1875,,,
21.2582349777222,0,0.1875,0.1875,0.1875,0.1875,0.1875,0.1875,,,
21.2602360248566,0,0.1875,0.1875,0.1875,0.1875,0.1875,0.1875,,,
21.2622389793396,0,0.1875,0.1875,0.1875,0.1875,0.1875,0.1875,,,
21.2642409801483,0,0.1875,0.1875,0.1875,0.1875,0.1875,0.1875,,,
21.2662420272827,0,0.1875,0.1875,0.1875,0.1875,0.1875,0.1875,,,
21.2682449817657,0,0.1875,0.1875,0.1875,0.1875,0.1875,0.1875,,,
21.2702450752258,0,0.1875,0.1875,0.1875,0.1875,0.1875,0.1875,,,
21.2722480297089,0,0.1875,0.1875,0.1875,0.1875,0.1875,0.1875,,,
21.2742478847504,0,0.1875,0.1875,0.1875,0.1875,0.1875,0.1875,,,
21.276251077652,0,0.1875,0.1875,0.1875,0.1875,0.1875,0.1875,,,
21.2782509326935,0,0.1875,0.1875,0.1875,0.1875,0.1875,0.1875,,,
21.2802538871765,0,0.1875,0.1875,0.1875,0.1875,0.1875,0.1875,,,
21.2822539806366,0,0.1875,0.1875,0.1875,0.1875,0.1875,0.1875,,,
21.2842569351196,0,0.1875,0.1875,0.1875,0.1875,0.1875,0.1875,,,
21.2862570285797,0,0.1875,0.1875,0.1875,0.1875,0.1875,0.1875,,,
21.2882599830627,0,0.1875,0.1875,0.1875,0.1875,0.1875,0.1875,,,
21.2902600765228,0,0.1875,0.1875,0.1875,0.1875,0.1875,0.1875,,,
21.2922630310059,0,0.1875,0.1875,0.1875,0.1875,0.1875,0.1875,,,
21.2942659854889,0,0.1875,0.1875,0.1875,0.1875,0.1875,0.1875,,,
21.296266078949,0,0.1875,0.1875,0.1875,0.1875,0.1875,0.1875,,,
21.298269033432,0,0.1875,0.1875,0.1875,0.1875,0.1875,0.1875,,,
21.3002688884735,0,0.1875,0.1875,0.1875,0.1875,0.1875,0.1875,,,
21.3022720813751,0,0.1875,0.1875,0.1875,0.1875,0.1875,0.1875,,,
21.3042719364166,0,0.1875,0.1875,0.1875,0.1875,0.1875,0.1875,,,
21.3062748908997,0,0.1875,0.1875,0.1875,0.1875,0.1875,0.1875,,,
21.3082759380341,0,0.1875,0.1875,0.1875,0.1875,0.1875,0.1875,,,
21.3102779388428,0,0.1875,0.1875,0.1875,0.1875,0.1875,0.1875,,,
21.3122789859772,0,0.1875,0.1875,0.1875,0.1875,0.1875,0.1875,,,
21.3142819404602,0,0.1875,0.1875,0.1875,0.1875,0.1875,0.1875,,,
21.3162820339203,0,0.1875,0.1875,0.1875,0.1875,0.1875,0.1875,,,
21.3182849884033,0,0.1875,0.1875,0.1875,0.1875,0.1875,0.1875,,,
21.3202850818634,0,0.1875,0.1875,0.1875,0.1875,0.1875,0.1875,,,
21.3222880363464,0,0.1875,0.1875,0.1875,0.1875,0.1875,0.1875,,,
21.3242878913879,0,0.1875,0.1875,0.1875,0.1875,0.1875,0.1875,,,
21.3262910842896,0,0.1875,0.1875,0.1875,0.1875,0.1875,0.1875,,,
21.3282909393311,0,0.1875,0.1875,0.1875,0.1875,0.1875,0.1875,,,
21.3302938938141,0,0.1875,0.1875,0.1875,0.1875,0.1875,0.1875,,,
21.3322939872742,0,0.1875,0.1875,0.1875,0.1875,0.1875,0.1875,,,
21.3342969417572,0,0.1875,0.1875,0.1875,0.1875,0.1875,0.1875,,,
21.3362998962402,0,0.1875,0.1875,0.1875,0.1875,0.1875,0.1875,,,
21.3382999897003,0,0.1875,0.1875,0.1875,0.1875,0.1875,0.1875,,,
21.3403029441834,0,0.1875,0.1875,0.1875,0.1875,0.1875,0.1875,,,
21.3423039913177,0,0.1875,0.1875,0.1875,0.1875,0.1875,0.1875,,,
21.3443059921265,0,0.1875,0.1875,0.1875,0.1875,0.1875,0.1875,,,
21.3463070392609,0,0.1875,0.1875,0.1875,0.1875,0.1875,0.1875,,,
21.3483090400696,0,0.1875,0.1875,0.1875,0.1875,0.1875,0.1875,,,
21.3503119945526,0,0.1875,0.1875,0.1875,0.1875,0.1875,0.1875,,,
21.352313041687,0,0.1875,0.1875,0.1875,0.1875,0.1875,0.1875,,,
21.3543150424957,0,0.1875,0.1875,0.1875,0.1875,0.1875,0.1875,,,
21.3563160896301,0,0.1875,0.1875,0.1875,0.1875,0.1875,0.1875,,,
21.3583190441132,0,0.1875,0.1875,0.1875,0.1875,0.1875,0.1875,,,
21.3603188991547,0,0.1875,0.1875,0.1875,0.1875,0.1875,0.1875,,,
21.3623220920563,0,0.1875,0.1875,0.1875,0.1875,0.1875,0.1875,,,
21.3643219470978,0,0.1875,0.1875,0.1875,0.1875,0.1875,0.1875,,,
21.3663249015808,0,0.1875,0.1875,0.1875,0.1875,0.1875,0.1875,,,
21.3683249950409,0,0.1875,0.1875,0.1875,0.1875,0.1875,0.1875,,,
21.3703279495239,0,0.1875,0.1875,0.1875,0.1875,0.1875,0.1875,,,
21.372328042984,0,0.1875,0.1875,0.1875,0.1875,0.1875,0.1875,,,
21.374330997467,0,0.1875,0.1875,0.1875,0.1875,0.1875,0.1875,,,
21.3763339519501,0,0.1875,0.1875,0.1875,0.1875,0.1875,0.1875,,,
21.3783340454102,0,0.1875,0.1875,0.1875,0.1875,0.1875,0.1875,,,
21.3803369998932,0,0.1875,0.1875,0.1875,0.1875,0.1875,0.1875,,,
21.3823370933533,0,0.1875,0.1875,0.1875,0.1875,0.1875,0.1875,,,
21.3843400478363,0,0.1875,0.1875,0.1875,0.1875,0.1875,0.1875,,,
21.3863399028778,0,0.1875,0.1875,0.1875,0.1875,0.1875,0.1875,,,
21.3883430957794,0,0.1875,0.1875,0.1875,0.1875,0.1875,0.1875,,,
21.3903439044952,0,0.1875,0.1875,0.1875,0.1875,0.1875,0.1875,,,
21.392345905304,0,0.1875,0.1875,0.1875,0.1875,0.1875,0.1875,,,
21.3943469524384,0,0.1875,0.1875,0.1875,0.1875,0.1875,0.1875,,,
21.3963489532471,0,0.1875,0.1875,0.1875,0.1875,0.1875,0.1875,,,
21.3983519077301,0,0.1875,0.1875,0.1875,0.1875,0.1875,0.1875,,,
21.4003520011902,0,0.1875,0.1875,0.1875,0.1875,0.1875,0.1875,,,
21.4023549556732,0,0.1875,0.1875,0.1875,0.1875,0.1875,0.1875,,,
21.4043560028076,0,0.1875,0.1875,0.1875,0.1875,0.1875,0.1875,,,
21.4063580036163,0,0.1875,0.1875,0.1875,0.1875,0.1875,0.1875,,,
21.4083590507507,0,0.1875,0.1875,0.1875,0.1875,0.1875,0.1875,,,
21.4103620052338,0,0.1875,0.1875,0.1875,0.1875,0.1875,0.1875,,,
21.4123620986938,0,0.1875,0.1875,0.1875,0.1875,0.1875,0.1875,,,
21.4143650531769,0,0.1875,0.1875,0.1875,0.1875,0.1875,0.1875,,,
21.4163649082184,0,0.1875,0.1875,0.1875,0.1875,0.1875,0.1875,,,
21.41836810112,0,0.1875,0.1875,0.1875,0.1875,0.1875,0.1875,,,
21.4203679561615,0,0.1875,0.1875,0.1875,0.1875,0.1875,0.1875,,,
21.4223709106445,0,0.1875,0.1875,0.1875,0.1875,0.1875,0.1875,,,
21.4243710041046,0,0.1875,0.1875,0.1875,0.1875,0.1875,0.1875,,,
21.4263739585876,0,0.1875,0.1875,0.1875,0.1875,0.1875,0.1875,,,
21.4283740520477,0,0.1875,0.1875,0.1875,0.1875,0.1875,0.1875,,,
21.4303770065308,0,0.1875,0.1875,0.1875,0.1875,0.1875,0.1875,,,
21.4323770999908,0,0.1875,0.1875,0.1875,0.1875,0.1875,0.1875,,,
21.4343800544739,0,0.1875,0.1875,0.1875,0.1875,0.1875,0.1875,,,
21.4363830089569,0,0.1875,0.1875,0.1875,0.1875,0.1875,0.1875,,,
21.438383102417,0,0.1875,0.1875,0.1875,0.1875,0.1875,0.1875,,,
21.4403860569,0,0.1875,0.1875,0.1875,0.1875,0.1875,0.1875,,,
21.4423859119415,0,0.1875,0.1875,0.1875,0.1875,0.1875,0.1875,,,
21.4443888664246,0,0.1875,0.1875,0.1875,0.1875,0.1875,0.1875,,,
21.446389913559,0,0.1875,0.1875,0.1875,0.1875,0.1875,0.1875,,,
21.448392868042,0,0.1875,0.1875,0.1875,0.1875,0.1875,0.1875,,,
21.4503929615021,0,0.1875,0.1875,0.1875,0.1875,0.1875,0.1875,,,
21.4523959159851,0,0.1875,0.1875,0.1875,0.1875,0.1875,0.1875,,,
21.4543960094452,0,0.1875,0.1875,0.1875,0.1875,0.1875,0.1875,,,
21.4563989639282,0,0.1875,0.1875,0.1875,0.1875,0.1875,0.1875,,,
21.4583990573883,0,0.1875,0.1875,0.1875,0.1875,0.1875,0.1875,,,
21.4604020118713,0,0.1875,0.1875,0.1875,0.1875,0.1875,0.1875,,,
21.4624018669128,0,0.1875,0.1875,0.1875,0.1875,0.1875,0.1875,,,
21.4644050598145,0,0.1875,0.1875,0.1875,0.1875,0.1875,0.1875,,,
21.4664080142975,0,0.1875,0.1875,0.1875,0.1875,0.1875,0.1875,,,
21.468407869339,0,0.1875,0.1875,0.1875,0.1875,0.1875,0.1875,,,
21.4704110622406,0,0.1875,0.1875,0.1875,0.1875,0.1875,0.1875,,,
21.4724109172821,0,0.1875,0.1875,0.1875,0.1875,0.1875,0.1875,,,
21.4744138717651,0,0.1875,0.1875,0.1875,0.1875,0.1875,0.1875,,,
21.4764170646667,0,0.1875,0.1875,0.1875,0.1875,0.1875,0.1875,,,
21.4784169197083,0,0.1875,0.1875,0.1875,0.1875,0.1875,0.1875,,,
21.4804198741913,0,0.1875,0.1875,0.1875,0.1875,0.1875,0.1875,,,
21.4824199676514,0,0.1875,0.1875,0.1875,0.1875,0.1875,0.1875,,,
21.4844229221344,0,0.1875,0.1875,0.1875,0.1875,0.1875,0.1875,,,
21.4864239692688,0,0.1875,0.1875,0.1875,0.1875,0.1875,0.1875,,,
21.4884259700775,0,0.1875,0.1875,0.1875,0.1875,0.1875,0.1875,,,
21.4904270172119,0,0.1875,0.1875,0.1875,0.1875,0.1875,0.1875,,,
21.4924299716949,0,0.1875,0.1875,0.1875,0.1875,0.1875,0.1875,,,
21.494430065155,0,0.1875,0.1875,0.1875,0.1875,0.1875,0.1875,,,
21.4964330196381,0,0.1875,0.1875,0.1875,0.1875,0.1875,0.1875,,,
21.4984350204468,0,0.1875,0.1875,0.1875,0.1875,0.1875,0.1875,,,
21.5004360675812,0,0.1875,0.1875,0.1875,0.1875,0.1875,0.1875,,,
21.5024390220642,0,0.1875,0.1875,0.1875,0.1875,0.1875,0.1875,,,
21.5044388771057,0,0.1875,0.1875,0.1875,0.1875,0.1875,0.1875,,,
21.5064420700073,0,0.1875,0.1875,0.1875,0.1875,0.1875,0.1875,,,
21.5084419250488,0,0.1875,0.1875,0.1875,0.1875,0.1875,0.1875,,,
21.5104448795319,0,0.1875,0.1875,0.1875,0.1875,0.1875,0.1875,,,
21.5124449729919,0,0.1875,0.1875,0.1875,0.1875,0.1875,0.1875,,,
21.514447927475,0,0.1875,0.1875,0.1875,0.1875,0.1875,0.1875,,,
21.516450881958,0,0.1875,0.1875,0.1875,0.1875,0.1875,0.1875,,,
21.5184509754181,0,0.1875,0.1875,0.1875,0.1875,0.1875,0.1875,,,
21.5204539299011,0,0.1875,0.1875,0.1875,0.1875,0.1875,0.1875,,,
21.5224540233612,0,0.1875,0.1875,0.1875,0.1875,0.1875,0.1875,,,
21.5244569778442,0,0.1875,0.1875,0.1875,0.1875,0.1875,0.1875,,,
21.5264570713043,0,0.1875,0.1875,0.1875,0.1875,0.1875,0.1875,,,
21.5284600257874,0,0.1875,0.1875,0.1875,0.1875,0.1875,0.1875,,,
21.5304598808289,0,0.1875,0.1875,0.1875,0.1875,0.1875,0.1875,,,
21.5324630737305,0,0.1875,0.1875,0.1875,0.1875,0.1875,0.1875,,,
21.5344638824463,0,0.1875,0.1875,0.1875,0.1875,0.1875,0.1875,,,
21.536465883255,0,0.1875,0.1875,0.1875,0.1875,0.1875,0.1875,,,
21.5384690761566,0,0.1875,0.1875,0.1875,0.1875,0.1875,0.1875,,,
21.5404698848724,0,0.1875,0.1875,0.1875,0.1875,0.1875,0.1875,,,
21.5424718856812,0,0.1875,0.1875,0.1875,0.1875,0.1875,0.1875,,,
21.5444729328156,0,0.1875,0.1875,0.1875,0.1875,0.1875,0.1875,,,
21.5464749336243,0,0.1875,0.1875,0.1875,0.1875,0.1875,0.1875,,,
21.5484759807587,0,0.1875,0.1875,0.1875,0.1875,0.1875,0.1875,,,
21.5504779815674,0,0.1875,0.1875,0.1875,0.1875,0.1875,0.1875,,,
21.5524809360504,0,0.1875,0.1875,0.1875,0.1875,0.1875,0.1875,,,
21.5544819831848,0,0.1875,0.1875,0.1875,0.1875,0.1875,0.1875,,,
21.5564839839935,0,0.1875,0.1875,0.1875,0.1875,0.1875,0.1875,,,
21.5584850311279,0,0.1875,0.1875,0.1875,0.1875,0.1875,0.1875,,,
21.560487985611,0,0.1875,0.1875,0.1875,0.1875,0.1875,0.1875,,,
21.562490940094,0,0.1875,0.1875,0.1875,0.1875,0.1875,0.1875,,,
21.5644080638886,0,0.1875,0.1875,0.1875,0.1875,0.1875,0.1875,,,
21.5664110183716,0,0.1875,0.1875,0.1875,0.1875,0.1875,0.1875,,,
21.5684108734131,0,0.1875,0.1875,0.1875,0.1875,0.1875,0.1875,,,
21.5704140663147,0,0.1875,0.1875,0.1875,0.1875,0.1875,0.1875,,,
21.5724170207977,0,0.1875,0.1875,0.1875,0.1875,0.1875,0.1875,,,
21.5744168758392,0,0.1875,0.1875,0.1875,0.1875,0.1875,0.1875,,,
21.5764200687408,0,0.1875,0.1875,0.1875,0.1875,0.1875,0.1875,,,
21.5784199237823,0,0.1875,0.1875,0.1875,0.1875,0.1875,0.1875,,,
21.5804228782654,0,0.1875,0.1875,0.1875,0.1875,0.1875,0.1875,,,
21.5824229717255,0,0.1875,0.1875,0.1875,0.1875,0.1875,0.1875,,,
21.5844259262085,0,0.1875,0.1875,0.1875,0.1875,0.1875,0.1875,,,
21.5864260196686,0,0.1875,0.1875,0.1875,0.1875,0.1875,0.1875,,,
21.5884289741516,0,0.1875,0.1875,0.1875,0.1875,0.1875,0.1875,,,
21.5904290676117,0,0.1875,0.1875,0.1875,0.1875,0.1875,0.1875,,,
21.5924320220947,0,0.1875,0.1875,0.1875,0.1875,0.1875,0.1875,,,
21.5944318771362,0,0.1875,0.1875,0.1875,0.1875,0.1875,0.1875,,,
21.5964350700378,0,0.1875,0.1875,0.1875,0.1875,0.1875,0.1875,,,
21.5984358787537,0,0.1875,0.1875,0.1875,0.1875,0.1875,0.1875,,,
21.6004378795624,0,0.1875,0.1875,0.1875,0.1875,0.1875,0.1875,,,
21.602441072464,0,0.1875,0.1875,0.1875,0.1875,0.1875,0.1875,,,
21.6044409275055,0,0.1875,0.1875,0.1875,0.1875,0.1875,0.1875,,,
21.6064438819885,0,0.1875,0.1875,0.1875,0.1875,0.1875,0.1875,,,
21.6084449291229,0,0.1875,0.1875,0.1875,0.1875,0.1875,0.1875,,,
21.6104469299316,0,0.1875,0.1875,0.1875,0.1875,0.1875,0.1875,,,
21.612447977066,0,0.1875,0.1875,0.1875,0.1875,0.1875,0.1875,,,
21.6144509315491,0,0.1875,0.1875,0.1875,0.1875,0.1875,0.1875,,,
21.6164510250092,0,0.1875,0.1875,0.1875,0.1875,0.1875,0.1875,,,
21.6184539794922,0,0.1875,0.1875,0.1875,0.1875,0.1875,0.1875,,,
21.6204559803009,0,0.1875,0.1875,0.1875,0.1875,0.1875,0.1875,,,
21.6224570274353,0,0.1875,0.1875,0.1875,0.1875,0.1875,0.1875,,,
21.6244599819183,0,0.1875,0.1875,0.1875,0.1875,0.1875,0.1875,,,
21.6264600753784,0,0.1875,0.1875,0.1875,0.1875,0.1875,0.1875,,,
21.6284630298615,0,0.1875,0.1875,0.1875,0.1875,0.1875,0.1875,,,
21.630462884903,0,0.1875,0.1875,0.1875,0.1875,0.1875,0.1875,,,
21.6324660778046,0,0.1875,0.1875,0.1875,0.1875,0.1875,0.1875,,,
21.6344659328461,0,0.1875,0.1875,0.1875,0.1875,0.1875,0.1875,,,
21.6364688873291,0,0.1875,0.1875,0.1875,0.1875,0.1875,0.1875,,,
21.6384689807892,0,0.1875,0.1875,0.1875,0.1875,0.1875,0.1875,,,
21.6404719352722,0,0.1875,0.1875,0.1875,0.1875,0.1875,0.1875,,,
21.6424748897552,0,0.1875,0.1875,0.1875,0.1875,0.1875,0.1875,,,
21.6444749832153,0,0.1875,0.1875,0.1875,0.1875,0.1875,0.1875,,,
21.6464779376984,0,0.1875,0.1875,0.1875,0.1875,0.1875,0.1875,,,
21.6484789848328,0,0.1875,0.1875,0.1875,0.1875,0.1875,0.1875,,,
21.6504809856415,0,0.1875,0.1875,0.1875,0.1875,0.1875,0.1875,,,
21.6524820327759,0,0.1875,0.1875,0.1875,0.1875,0.1875,0.1875,,,
21.6544849872589,0,0.1875,0.1875,0.1875,0.1875,0.1875,0.1875,,,
21.656485080719,0,0.1875,0.1875,0.1875,0.1875,0.1875,0.1875,,,
21.658488035202,0,0.1875,0.1875,0.1875,0.1875,0.1875,0.1875,,,
21.6604878902435,0,0.1875,0.1875,0.1875,0.1875,0.1875,0.1875,,,
21.6624910831451,0,0.1875,0.1875,0.1875,0.1875,0.1875,0.1875,,,
21.664491891861,0,0.1875,0.1875,0.1875,0.1875,0.1875,0.1875,,,
21.6664950847626,0,0.1875,0.1875,0.1875,0.1875,0.1875,0.1875,,,
21.6684949398041,0,0.1875,0.1875,0.1875,0.1875,0.1875,0.1875,,,
21.6704978942871,0,0.1875,0.1875,0.1875,0.1875,0.1875,0.1875,,,
21.6724979877472,0,0.1875,0.1875,0.1875,0.1875,0.1875,0.1875,,,
21.6745009422302,0,0.1875,0.1875,0.1875,0.1875,0.1875,0.1875,,,
21.6765019893646,0,0.1875,0.1875,0.1875,0.1875,0.1875,0.1875,,,
21.6785039901733,0,0.1875,0.1875,0.1875,0.1875,0.1875,0.1875,,,
21.6805050373077,0,0.1875,0.1875,0.1875,0.1875,0.1875,0.1875,,,
21.6825079917908,0,0.1875,0.1875,0.1875,0.1875,0.1875,0.1875,,,
21.6845080852509,0,0.1875,0.1875,0.1875,0.1875,0.1875,0.1875,,,
21.6865110397339,0,0.1875,0.1875,0.1875,0.1875,0.1875,0.1875,,,
21.6885120868683,0,0.1875,0.1875,0.1875,0.1875,0.1875,0.1875,,,
21.6905150413513,0,0.1875,0.1875,0.1875,0.1875,0.1875,0.1875,,,
21.6925148963928,0,0.1875,0.1875,0.1875,0.1875,0.1875,0.1875,,,
21.6945180892944,0,0.1875,0.1875,0.1875,0.1875,0.1875,0.1875,,,
21.6965179443359,0,0.1875,0.1875,0.1875,0.1875,0.1875,0.1875,,,
21.698520898819,0,0.1875,0.1875,0.1875,0.1875,0.1875,0.1875,,,
21.7005209922791,0,0.1875,0.1875,0.1875,0.1875,0.1875,0.1875,,,
21.7025239467621,0,0.1875,0.1875,0.1875,0.1875,0.1875,0.1875,,,
21.7045269012451,0,0.1875,0.1875,0.1875,0.1875,0.1875,0.1875,,,
21.7065279483795,0,0.1875,0.1875,0.1875,0.1875,0.1875,0.1875,,,
21.7085299491882,0,0.1875,0.1875,0.1875,0.1875,0.1875,0.1875,,,
21.7105309963226,0,0.1875,0.1875,0.1875,0.1875,0.1875,0.1875,,,
21.7125339508057,0,0.1875,0.1875,0.1875,0.1875,0.1875,0.1875,,,
21.7145349979401,0,0.1875,0.1875,0.1875,0.1875,0.1875,0.1875,,,
21.7165350914001,0,0.1875,0.1875,0.1875,0.1875,0.1875,0.1875,,,
21.7185380458832,0,0.1875,0.1875,0.1875,0.1875,0.1875,0.1875,,,
21.7205410003662,0,0.1875,0.1875,0.1875,0.1875,0.1875,0.1875,,,
21.7225410938263,0,0.1875,0.1875,0.1875,0.1875,0.1875,0.1875,,,
21.724543094635,0,0.1875,0.1875,0.1875,0.1875,0.1875,0.1875,,,
21.7265439033508,0,0.1875,0.1875,0.1875,0.1875,0.1875,0.1875,,,
21.7285459041595,0,0.1875,0.1875,0.1875,0.1875,0.1875,0.1875,,,
21.7305469512939,0,0.1875,0.1875,0.1875,0.1875,0.1875,0.1875,,,
21.7325489521027,0,0.1875,0.1875,0.1875,0.1875,0.1875,0.1875,,,
21.7345519065857,0,0.1875,0.1875,0.1875,0.1875,0.1875,0.1875,,,
21.7365520000458,0,0.1875,0.1875,0.1875,0.1875,0.1875,0.1875,,,
21.7385549545288,0,0.1875,0.1875,0.1875,0.1875,0.1875,0.1875,,,
21.7405569553375,0,0.1875,0.1875,0.1875,0.1875,0.1875,0.1875,,,
21.7425580024719,0,0.1875,0.1875,0.1875,0.1875,0.1875,0.1875,,,
21.7445600032806,0,0.1875,0.1875,0.1875,0.1875,0.1875,0.1875,,,
21.7465600967407,0,0.1875,0.1875,0.1875,0.1875,0.1875,0.1875,,,
21.7485630512238,0,0.1875,0.1875,0.1875,0.1875,0.1875,0.1875,,,
21.7505650520325,0,0.1875,0.1875,0.1875,0.1875,0.1875,0.1875,,,
21.7525660991669,0,0.1875,0.1875,0.1875,0.1875,0.1875,0.1875,,,
21.7545690536499,0,0.1875,0.1875,0.1875,0.1875,0.1875,0.1875,,,
21.7565689086914,0,0.1875,0.1875,0.1875,0.1875,0.1875,0.1875,,,
21.7585709095001,0,0.1875,0.1875,0.1875,0.1875,0.1875,0.1875,,,
21.7605741024017,0,0.1875,0.1875,0.1875,0.1875,0.1875,0.1875,,,
21.7625739574432,0,0.1875,0.1875,0.1875,0.1875,0.1875,0.1875,,,
21.7645769119263,0,0.1875,0.1875,0.1875,0.1875,0.1875,0.1875,,,
21.7665770053864,0,0.1875,0.1875,0.1875,0.1875,0.1875,0.1875,,,
21.7685799598694,0,0.1875,0.1875,0.1875,0.1875,0.1875,0.1875,,,
21.7705800533295,0,0.1875,0.1875,0.1875,0.1875,0.1875,0.1875,,,
21.7725820541382,0,0.1875,0.1875,0.1875,0.1875,0.1875,0.1875,,,
21.7745850086212,0,0.1875,0.1875,0.1875,0.1875,0.1875,0.1875,,,
21.7765851020813,0,0.1875,0.1875,0.1875,0.1875,0.1875,0.1875,,,
21.7785880565643,0,0.1875,0.1875,0.1875,0.1875,0.1875,0.1875,,,
21.7805879116058,0,0.1875,0.1875,0.1875,0.1875,0.1875,0.1875,,,
21.7825908660889,0,0.1875,0.1875,0.1875,0.1875,0.1875,0.1875,,,
21.784590959549,0,0.1875,0.1875,0.1875,0.1875,0.1875,0.1875,,,
21.786593914032,0,0.1875,0.1875,0.1875,0.1875,0.1875,0.1875,,,
21.7885940074921,0,0.1875,0.1875,0.1875,0.1875,0.1875,0.1875,,,
21.7905960083008,0,0.1875,0.1875,0.1875,0.1875,0.1875,0.1875,,,
21.7925989627838,0,0.1875,0.1875,0.1875,0.1875,0.1875,0.1875,,,
21.7945990562439,0,0.1875,0.1875,0.1875,0.1875,0.1875,0.1875,,,
21.7966020107269,0,0.1875,0.1875,0.1875,0.1875,0.1875,0.1875,,,
21.7986040115356,0,0.1875,0.1875,0.1875,0.1875,0.1875,0.1875,,,
21.80060505867,0,0.1875,0.1875,0.1875,0.1875,0.1875,0.1875,,,
21.8026070594788,0,0.1875,0.1875,0.1875,0.1875,0.1875,0.1875,,,
21.8046078681946,0,0.1875,0.1875,0.1875,0.1875,0.1875,0.1875,,,
21.8066110610962,0,0.1875,0.1875,0.1875,0.1875,0.1875,0.1875,,,
21.8086109161377,0,0.1875,0.1875,0.1875,0.1875,0.1875,0.1875,,,
21.8106188774109,0,0.1875,0.1875,0.1875,0.1875,0.1875,0.1875,,,
21.812618970871,0,0.1875,0.1875,0.1875,0.1875,0.1875,0.1875,,,
21.814621925354,0,0.1875,0.1875,0.1875,0.1875,0.1875,0.1875,,,
21.8166220188141,0,0.1875,0.1875,0.1875,0.1875,0.1875,0.1875,,,
21.8186218738556,0,0.1875,0.1875,0.1875,0.1875,0.1875,0.1875,,,
21.82062292099,0,0.1875,0.1875,0.1875,0.1875,0.1875,0.1875,,,
21.8226230144501,0,0.1875,0.1875,0.1875,0.1875,0.1875,0.1875,,,
21.8246259689331,0,0.1875,0.1875,0.1875,0.1875,0.1875,0.1875,,,
21.8266260623932,0,0.1875,0.1875,0.1875,0.1875,0.1875,0.1875,,,
21.8286290168762,0,0.1875,0.1875,0.1875,0.1875,0.1875,0.1875,,,
21.8306288719177,0,0.1875,0.1875,0.1875,0.1875,0.1875,0.1875,,,
21.8326320648193,0,0.1875,0.1875,0.1875,0.1875,0.1875,0.1875,,,
21.8346328735352,0,0.1875,0.1875,0.1875,0.1875,0.1875,0.1875,,,
21.8366348743439,0,0.1875,0.1875,0.1875,0.1875,0.1875,0.1875,,,
21.8386359214783,0,0.1875,0.1875,0.1875,0.1875,0.1875,0.1875,,,
21.840637922287,0,0.1875,0.1875,0.1875,0.1875,0.1875,0.1875,,,
21.8426389694214,0,0.1875,0.1875,0.1875,0.1875,0.1875,0.1875,,,
21.8446409702301,0,0.1875,0.1875,0.1875,0.1875,0.1875,0.1875,,,
21.8466420173645,0,0.1875,0.1875,0.1875,0.1875,0.1875,0.1875,,,
21.8486440181732,0,0.1875,0.1875,0.1875,0.1875,0.1875,0.1875,,,
21.8506469726563,0,0.1875,0.1875,0.1875,0.1875,0.1875,0.1875,,,
21.8526480197906,0,0.1875,0.1875,0.1875,0.1875,0.1875,0.1875,,,
21.8546500205994,0,0.1875,0.1875,0.1875,0.1875,0.1875,0.1875,,,
21.8566510677338,0,0.1875,0.1875,0.1875,0.1875,0.1875,0.1875,,,
21.8586540222168,0,0.1875,0.1875,0.1875,0.1875,0.1875,0.1875,,,
21.8606538772583,0,0.1875,0.1875,0.1875,0.1875,0.1875,0.1875,,,
21.8626570701599,0,0.1875,0.1875,0.1875,0.1875,0.1875,0.1875,,,
21.8646569252014,0,0.1875,0.1875,0.1875,0.1875,0.1875,0.1875,,,
21.8666598796844,0,0.1875,0.1875,0.1875,0.1875,0.1875,0.1875,,,
21.8686599731445,0,0.1875,0.1875,0.1875,0.1875,0.1875,0.1875,,,
21.8706629276276,0,0.1875,0.1875,0.1875,0.1875,0.1875,0.1875,,,
21.872663974762,0,0.1875,0.1875,0.1875,0.1875,0.1875,0.1875,,,
21.874666929245,0,0.1875,0.1875,0.1875,0.1875,0.1875,0.1875,,,
21.8766670227051,0,0.1875,0.1875,0.1875,0.1875,0.1875,0.1875,,,
21.8786699771881,0,0.1875,0.1875,0.1875,0.1875,0.1875,0.1875,,,
21.8806700706482,0,0.1875,0.1875,0.1875,0.1875,0.1875,0.1875,,,
21.8826730251312,0,0.1875,0.1875,0.1875,0.1875,0.1875,0.1875,,,
21.8846759796143,0,0.1875,0.1875,0.1875,0.1875,0.1875,0.1875,,,
21.8866760730743,0,0.1875,0.1875,0.1875,0.1875,0.1875,0.1875,,,
21.8886790275574,0,0.1875,0.1875,0.1875,0.1875,0.1875,0.1875,,,
21.8906788825989,0,0.1875,0.1875,0.1875,0.1875,0.1875,0.1875,,,
21.8926820755005,0,0.1875,0.1875,0.1875,0.1875,0.1875,0.1875,,,
21.8946828842163,0,0.1875,0.1875,0.1875,0.1875,0.1875,0.1875,,,
21.896684885025,0,0.1875,0.1875,0.1875,0.1875,0.1875,0.1875,,,
21.8986859321594,0,0.1875,0.1875,0.1875,0.1875,0.1875,0.1875,,,
21.9006888866425,0,0.1875,0.1875,0.1875,0.1875,0.1875,0.1875,,,
21.9026889801025,0,0.1875,0.1875,0.1875,0.1875,0.1875,0.1875,,,
21.9046919345856,0,0.1875,0.1875,0.1875,0.1875,0.1875,0.1875,,,
21.9066948890686,0,0.1875,0.1875,0.1875,0.1875,0.1875,0.1875,,,
21.9086949825287,0,0.1875,0.1875,0.1875,0.1875,0.1875,0.1875,,,
21.9106979370117,0,0.1875,0.1875,0.1875,0.1875,0.1875,0.1875,,,
21.9126980304718,0,0.1875,0.1875,0.1875,0.1875,0.1875,0.1875,,,
21.9147009849548,0,0.1875,0.1875,0.1875,0.1875,0.1875,0.1875,,,
21.9167010784149,0,0.1875,0.1875,0.1875,0.1875,0.1875,0.1875,,,
21.9187040328979,0,0.1875,0.1875,0.1875,0.1875,0.1875,0.1875,,,
21.9207050800323,0,0.1875,0.1875,0.1875,0.1875,0.1875,0.1875,,,
21.9227070808411,0,0.1875,0.1875,0.1875,0.1875,0.1875,0.1875,,,
21.9247078895569,0,0.1875,0.1875,0.1875,0.1875,0.1875,0.1875,,,
21.9267110824585,0,0.1875,0.1875,0.1875,0.1875,0.1875,0.1875,,,
21.9287109375,0,0.1875,0.1875,0.1875,0.1875,0.1875,0.1875,,,
21.930713891983,0,0.1875,0.1875,0.1875,0.1875,0.1875,0.1875,,,
21.9327170848846,0,0.1875,0.1875,0.1875,0.1875,0.1875,0.1875,,,
21.9347169399261,0,0.1875,0.1875,0.1875,0.1875,0.1875,0.1875,,,
21.9367198944092,0,0.1875,0.1875,0.1875,0.1875,0.1875,0.1875,,,
21.9387199878693,0,0.1875,0.1875,0.1875,0.1875,0.1875,0.1875,,,
21.9407229423523,0,0.1875,0.1875,0.1875,0.1875,0.1875,0.1875,,,
21.9427230358124,0,0.1875,0.1875,0.1875,0.1875,0.1875,0.1875,,,
21.9447259902954,0,0.1875,0.1875,0.1875,0.1875,0.1875,0.1875,,,
21.9467289447784,0,0.1875,0.1875,0.1875,0.1875,0.1875,0.1875,,,
21.9487290382385,0,0.1875,0.1875,0.1875,0.1875,0.1875,0.1875,,,
21.9507319927216,0,0.1875,0.1875,0.1875,0.1875,0.1875,0.1875,,,
21.9527320861816,0,0.1875,0.1875,0.1875,0.1875,0.1875,0.1875,,,
21.9547350406647,0,0.1875,0.1875,0.1875,0.1875,0.1875,0.1875,,,
21.9567379951477,0,0.1875,0.1875,0.1875,0.1875,0.1875,0.1875,,,
21.9587380886078,0,0.1875,0.1875,0.1875,0.1875,0.1875,0.1875,,,
21.9607410430908,0,0.1875,0.1875,0.1875,0.1875,0.1875,0.1875,,,
21.9627408981323,0,0.1875,0.1875,0.1875,0.1875,0.1875,0.1875,,,
21.9647440910339,0,0.1875,0.1875,0.1875,0.1875,0.1875,0.1875,,,
21.9667439460754,0,0.1875,0.1875,0.1875,0.1875,0.1875,0.1875,,,
21.9687469005585,0,0.1875,0.1875,0.1875,0.1875,0.1875,0.1875,,,
21.9707469940186,0,0.1875,0.1875,0.1875,0.1875,0.1875,0.1875,,,
21.9727499485016,0,0.1875,0.1875,0.1875,0.1875,0.1875,0.1875,,,
21.974750995636,0,0.1875,0.1875,0.1875,0.1875,0.1875,0.1875,,,
21.976753950119,0,0.1875,0.1875,0.1875,0.1875,0.1875,0.1875,,,
21.9787540435791,0,0.1875,0.1875,0.1875,0.1875,0.1875,0.1875,,,
21.9807569980621,0,0.1875,0.1875,0.1875,0.1875,0.1875,0.1875,,,
21.9827599525452,0,0.1875,0.1875,0.1875,0.1875,0.1875,0.1875,,,
21.9847600460052,0,0.1875,0.1875,0.1875,0.1875,0.1875,0.1875,,,
21.9867630004883,0,0.1875,0.1875,0.1875,0.1875,0.1875,0.1875,,,
21.9887630939484,0,0.1875,0.1875,0.1875,0.1875,0.1875,0.1875,,,
21.9907660484314,0,0.1875,0.1875,0.1875,0.1875,0.1875,0.1875,,,
21.9927659034729,0,0.1875,0.1875,0.1875,0.1875,0.1875,0.1875,,,
21.9947690963745,0,0.1875,0.1875,0.1875,0.1875,0.1875,0.1875,,,
21.996768951416,0,0.1875,0.1875,0.1875,0.1875,0.1875,0.1875,,,
21.998771905899,0,0.1875,0.1875,0.1875,0.1875,0.1875,0.1875,,,
22.0007729530334,0,0.1875,0.1875,0.1875,0.1875,0.1875,0.1875,,,
22.0027749538422,0,0.1875,0.1875,0.1875,0.1875,0.1875,0.1875,,,
22.0047779083252,0,0.1875,0.1875,0.1875,0.1875,0.1875,0.1875,,,
22.0067789554596,0,0.1875,0.1875,0.1875,0.1875,0.1875,0.1875,,,
22.0087809562683,0,0.1875,0.1875,0.1875,0.1875,0.1875,0.1875,,,
22.0107820034027,0,0.1875,0.1875,0.1875,0.1875,0.1875,0.1875,,,
22.0127849578857,0,0.1875,0.1875,0.1875,0.1875,0.1875,0.1875,,,
22.0147850513458,0,0.1875,0.1875,0.1875,0.1875,0.1875,0.1875,,,
22.0167880058289,0,0.1875,0.1875,0.1875,0.1875,0.1875,0.1875,,,
22.0187880992889,0,0.1875,0.1875,0.1875,0.1875,0.1875,0.1875,,,
22.020791053772,0,0.1875,0.1875,0.1875,0.1875,0.1875,0.1875,,,
22.0227909088135,0,0.1875,0.1875,0.1875,0.1875,0.1875,0.1875,,,
22.0247941017151,0,0.1875,0.1875,0.1875,0.1875,0.1875,0.1875,,,
22.0267970561981,0,0.1875,0.1875,0.1875,0.1875,0.1875,0.1875,,,
22.0287969112396,0,0.1875,0.1875,0.1875,0.1875,0.1875,0.1875,,,
22.0307998657227,0,0.1875,0.1875,0.1875,0.1875,0.1875,0.1875,,,
22.0327999591827,0,0.1875,0.1875,0.1875,0.1875,0.1875,0.1875,,,
22.0348029136658,0,0.1875,0.1875,0.1875,0.1875,0.1875,0.1875,,,
22.0368030071259,0,0.1875,0.1875,0.1875,0.1875,0.1875,0.1875,,,
22.0388059616089,0,0.1875,0.1875,0.1875,0.1875,0.1875,0.1875,,,
22.0408070087433,0,0.1875,0.1875,0.1875,0.1875,0.1875,0.1875,,,
22.042809009552,0,0.1875,0.1875,0.1875,0.1875,0.1875,0.1875,,,
22.0448100566864,0,0.1875,0.1875,0.1875,0.1875,0.1875,0.1875,,,
22.0468120574951,0,0.1875,0.1875,0.1875,0.1875,0.1875,0.1875,,,
22.0488128662109,0,0.1875,0.1875,0.1875,0.1875,0.1875,0.1875,,,
22.0508160591125,0,0.1875,0.1875,0.1875,0.1875,0.1875,0.1875,,,
22.0528159141541,0,0.1875,0.1875,0.1875,0.1875,0.1875,0.1875,,,
22.0548188686371,0,0.1875,0.1875,0.1875,0.1875,0.1875,0.1875,,,
22.0568208694458,0,0.1875,0.1875,0.1875,0.1875,0.1875,0.1875,,,
22.0588219165802,0,0.1875,0.1875,0.1875,0.1875,0.1875,0.1875,,,
22.0608248710632,0,0.1875,0.1875,0.1875,0.1875,0.1875,0.1875,,,
22.0628249645233,0,0.1875,0.1875,0.1875,0.1875,0.1875,0.1875,,,
22.0648279190063,0,0.1875,0.1875,0.1875,0.1875,0.1875,0.1875,,,
22.0668280124664,0,0.1875,0.1875,0.1875,0.1875,0.1875,0.1875,,,
22.0688309669495,0,0.1875,0.1875,0.1875,0.1875,0.1875,0.1875,,,
22.0708310604095,0,0.1875,0.1875,0.1875,0.1875,0.1875,0.1875,,,
22.0728340148926,0,0.1875,0.1875,0.1875,0.1875,0.1875,0.1875,,,
22.0748338699341,0,0.1875,0.1875,0.1875,0.1875,0.1875,0.1875,,,
22.0768370628357,0,0.1875,0.1875,0.1875,0.1875,0.1875,0.1875,,,
22.0787289142609,0,0.1875,0.1875,0.1875,0.1875,0.1875,0.1875,,,
22.0807309150696,0,0.1875,0.1875,0.1875,0.1875,0.1875,0.1875,,,
22.0827338695526,0,0.1875,0.1875,0.1875,0.1875,0.1875,0.1875,,,
22.084734916687,0,0.1875,0.1875,0.1875,0.1875,0.1875,0.1875,,,
22.0867369174957,0,0.1875,0.1875,0.1875,0.1875,0.1875,0.1875,,,
22.0887379646301,0,0.1875,0.1875,0.1875,0.1875,0.1875,0.1875,,,
22.0907399654388,0,0.1875,0.1875,0.1875,0.1875,0.1875,0.1875,,,
22.0927410125732,0,0.1875,0.1875,0.1875,0.1875,0.1875,0.1875,,,
22.094743013382,0,0.1875,0.1875,0.1875,0.1875,0.1875,0.1875,,,
22.0967440605164,0,0.1875,0.1875,0.1875,0.1875,0.1875,0.1875,,,
22.0987470149994,0,0.1875,0.1875,0.1875,0.1875,0.1875,0.1875,,,
22.1007468700409,0,0.1875,0.1875,0.1875,0.1875,0.1875,0.1875,,,
22.1027500629425,0,0.1875,0.1875,0.1875,0.1875,0.1875,0.1875,,,
22.1047530174255,0,0.1875,0.1875,0.1875,0.1875,0.1875,0.1875,,,
22.106752872467,0,0.1875,0.1875,0.1875,0.1875,0.1875,0.1875,,,
22.1087560653687,0,0.1875,0.1875,0.1875,0.1875,0.1875,0.1875,,,
22.1107559204102,0,0.1875,0.1875,0.1875,0.1875,0.1875,0.1875,,,
22.1127588748932,0,0.1875,0.1875,0.1875,0.1875,0.1875,0.1875,,,
22.1147589683533,0,0.1875,0.1875,0.1875,0.1875,0.1875,0.1875,,,
22.1167619228363,0,0.1875,0.1875,0.1875,0.1875,0.1875,0.1875,,,
22.1187620162964,0,0.1875,0.1875,0.1875,0.1875,0.1875,0.1875,,,
22.1207649707794,0,0.1875,0.1875,0.1875,0.1875,0.1875,0.1875,,,
22.1227679252625,0,0.1875,0.1875,0.1875,0.1875,0.1875,0.1875,,,
22.1247680187225,0,0.1875,0.1875,0.1875,0.1875,0.1875,0.1875,,,
22.1267709732056,0,0.1875,0.1875,0.1875,0.1875,0.1875,0.1875,,,
22.12877202034,0,0.1875,0.1875,0.1875,0.1875,0.1875,0.1875,,,
22.1307740211487,0,0.1875,0.1875,0.1875,0.1875,0.1875,0.1875,,,
22.1327750682831,0,0.1875,0.1875,0.1875,0.1875,0.1875,0.1875,,,
22.1347780227661,0,0.1875,0.1875,0.1875,0.1875,0.1875,0.1875,,,
22.1367778778076,0,0.1875,0.1875,0.1875,0.1875,0.1875,0.1875,,,
22.1387810707092,0,0.1875,0.1875,0.1875,0.1875,0.1875,0.1875,,,
22.1407830715179,0,0.1875,0.1875,0.1875,0.1875,0.1875,0.1875,,,
22.1427838802338,0,0.1875,0.1875,0.1875,0.1875,0.1875,0.1875,,,
22.1447870731354,0,0.1875,0.1875,0.1875,0.1875,0.1875,0.1875,,,
22.1467869281769,0,0.1875,0.1875,0.1875,0.1875,0.1875,0.1875,,,
22.1487898826599,0,0.1875,0.1875,0.1875,0.1875,0.1875,0.1875,,,
22.15078997612,0,0.1875,0.1875,0.1875,0.1875,0.1875,0.1875,,,
22.152792930603,0,0.1875,0.1875,0.1875,0.1875,0.1875,0.1875,,,
22.1547930240631,0,0.1875,0.1875,0.1875,0.1875,0.1875,0.1875,,,
22.1567959785461,0,0.1875,0.1875,0.1875,0.1875,0.1875,0.1875,,,
22.1587989330292,0,0.1875,0.1875,0.1875,0.1875,0.1875,0.1875,,,
22.1607990264893,0,0.1875,0.1875,0.1875,0.1875,0.1875,0.1875,,,
22.1628019809723,0,0.1875,0.1875,0.1875,0.1875,0.1875,0.1875,,,
22.1648030281067,0,0.1875,0.1875,0.1875,0.1875,0.1875,0.1875,,,
22.1668050289154,0,0.1875,0.1875,0.1875,0.1875,0.1875,0.1875,,,
22.1688060760498,0,0.1875,0.1875,0.1875,0.1875,0.1875,0.1875,,,
22.1708080768585,0,0.1875,0.1875,0.1875,0.1875,0.1875,0.1875,,,
22.1728088855743,0,0.1875,0.1875,0.1875,0.1875,0.1875,0.1875,,,
22.174812078476,0,0.1875,0.1875,0.1875,0.1875,0.1875,0.1875,,,
22.1768119335175,0,0.1875,0.1875,0.1875,0.1875,0.1875,0.1875,,,
22.1788148880005,0,0.1875,0.1875,0.1875,0.1875,0.1875,0.1875,,,
22.1808168888092,0,0.1875,0.1875,0.1875,0.1875,0.1875,0.1875,,,
22.1828179359436,0,0.1875,0.1875,0.1875,0.1875,0.1875,0.1875,,,
22.1848199367523,0,0.1875,0.1875,0.1875,0.1875,0.1875,0.1875,,,
22.1868209838867,0,0.1875,0.1875,0.1875,0.1875,0.1875,0.1875,,,
22.1888229846954,0,0.1875,0.1875,0.1875,0.1875,0.1875,0.1875,,,
22.1908240318298,0,0.1875,0.1875,0.1875,0.1875,0.1875,0.1875,,,
22.1928269863129,0,0.1875,0.1875,0.1875,0.1875,0.1875,0.1875,,,
22.1948289871216,0,0.1875,0.1875,0.1875,0.1875,0.1875,0.1875,,,
22.196830034256,0,0.1875,0.1875,0.1875,0.1875,0.1875,0.1875,,,
22.1988320350647,0,0.1875,0.1875,0.1875,0.1875,0.1875,0.1875,,,
22.2008330821991,0,0.1875,0.1875,0.1875,0.1875,0.1875,0.1875,,,
22.2028350830078,0,0.1875,0.1875,0.1875,0.1875,0.1875,0.1875,,,
22.2048380374908,0,0.1875,0.1875,0.1875,0.1875,0.1875,0.1875,,,
22.2068390846252,0,0.1875,0.1875,0.1875,0.1875,0.1875,0.1875,,,
22.208841085434,0,0.1875,0.1875,0.1875,0.1875,0.1875,0.1875,,,
22.2108418941498,0,0.1875,0.1875,0.1875,0.1875,0.1875,0.1875,,,
22.2128450870514,0,0.1875,0.1875,0.1875,0.1875,0.1875,0.1875,,,
22.2148449420929,0,0.1875,0.1875,0.1875,0.1875,0.1875,0.1875,,,
22.2168478965759,0,0.1875,0.1875,0.1875,0.1875,0.1875,0.1875,,,
22.2188510894775,0,0.1875,0.1875,0.1875,0.1875,0.1875,0.1875,,,
22.220850944519,0,0.1875,0.1875,0.1875,0.1875,0.1875,0.1875,,,
22.2228538990021,0,0.1875,0.1875,0.1875,0.1875,0.1875,0.1875,,,
22.2248539924622,0,0.1875,0.1875,0.1875,0.1875,0.1875,0.1875,,,
22.2268569469452,0,0.1875,0.1875,0.1875,0.1875,0.1875,0.1875,,,
22.2288570404053,0,0.1875,0.1875,0.1875,0.1875,0.1875,0.1875,,,
22.2308599948883,0,0.1875,0.1875,0.1875,0.1875,0.1875,0.1875,,,
22.2328629493713,0,0.1875,0.1875,0.1875,0.1875,0.1875,0.1875,,,
22.2348630428314,0,0.1875,0.1875,0.1875,0.1875,0.1875,0.1875,,,
22.2368659973145,0,0.1875,0.1875,0.1875,0.1875,0.1875,0.1875,,,
22.2388660907745,0,0.1875,0.1875,0.1875,0.1875,0.1875,0.1875,,,
22.2408690452576,0,0.1875,0.1875,0.1875,0.1875,0.1875,0.1875,,,
22.2428719997406,0,0.1875,0.1875,0.1875,0.1875,0.1875,0.1875,,,
22.2448720932007,0,0.1875,0.1875,0.1875,0.1875,0.1875,0.1875,,,
22.2468750476837,0,0.1875,0.1875,0.1875,0.1875,0.1875,0.1875,,,
22.2488749027252,0,0.1875,0.1875,0.1875,0.1875,0.1875,0.1875,,,
22.2508780956268,0,0.1875,0.1875,0.1875,0.1875,0.1875,0.1875,,,
22.2528810501099,0,0.1875,0.1875,0.1875,0.1875,0.1875,0.1875,,,
22.2548809051514,0,0.1875,0.1875,0.1875,0.1875,0.1875,0.1875,,,
22.256884098053,0,0.1875,0.1875,0.1875,0.1875,0.1875,0.1875,,,
22.2588839530945,0,0.1875,0.1875,0.1875,0.1875,0.1875,0.1875,,,
22.2608869075775,0,0.1875,0.1875,0.1875,0.1875,0.1875,0.1875,,,
22.2628870010376,0,0.1875,0.1875,0.1875,0.1875,0.1875,0.1875,,,
22.2648899555206,0,0.1875,0.1875,0.1875,0.1875,0.1875,0.1875,,,
22.2668900489807,0,0.1875,0.1875,0.1875,0.1875,0.1875,0.1875,,,
22.2688930034637,0,0.1875,0.1875,0.1875,0.1875,0.1875,0.1875,,,
22.2708959579468,0,0.1875,0.1875,0.1875,0.1875,0.1875,0.1875,,,
22.2728960514069,0,0.1875,0.1875,0.1875,0.1875,0.1875,0.1875,,,
22.2748990058899,0,0.1875,0.1875,0.1875,0.1875,0.1875,0.1875,,,
22.27689909935,0,0.1875,0.1875,0.1875,0.1875,0.1875,0.1875,,,
22.278902053833,0,0.1875,0.1875,0.1875,0.1875,0.1875,0.1875,,,
22.2809019088745,0,0.1875,0.1875,0.1875,0.1875,0.1875,0.1875,,,
22.2829051017761,0,0.1875,0.1875,0.1875,0.1875,0.1875,0.1875,,,
22.2849080562592,0,0.1875,0.1875,0.1875,0.1875,0.1875,0.1875,,,
22.2869079113007,0,0.1875,0.1875,0.1875,0.1875,0.1875,0.1875,,,
22.2889108657837,0,0.1875,0.1875,0.1875,0.1875,0.1875,0.1875,,,
22.2909109592438,0,0.1875,0.1875,0.1875,0.1875,0.1875,0.1875,,,
22.2929139137268,0,0.1875,0.1875,0.1875,0.1875,0.1875,0.1875,,,
22.2949140071869,0,0.1875,0.1875,0.1875,0.1875,0.1875,0.1875,,,
22.2969169616699,0,0.1875,0.1875,0.1875,0.1875,0.1875,0.1875,,,
22.29891705513,0,0.1875,0.1875,0.1875,0.1875,0.1875,0.1875,,,
22.300920009613,0,0.1875,0.1875,0.1875,0.1875,0.1875,0.1875,,,
22.3029229640961,0,0.1875,0.1875,0.1875,0.1875,0.1875,0.1875,,,
22.3049230575562,0,0.1875,0.1875,0.1875,0.1875,0.1875,0.1875,,,
22.3069260120392,0,0.1875,0.1875,0.1875,0.1875,0.1875,0.1875,,,
22.3089258670807,0,0.1875,0.1875,0.1875,0.1875,0.1875,0.1875,,,
22.3109290599823,0,0.1875,0.1875,0.1875,0.1875,0.1875,0.1875,,,
22.3129298686981,0,0.1875,0.1875,0.1875,0.1875,0.1875,0.1875,,,
22.3149318695068,0,0.1875,0.1875,0.1875,0.1875,0.1875,0.1875,,,
22.3169329166412,0,0.1875,0.1875,0.1875,0.1875,0.1875,0.1875,,,
22.31893491745,0,0.1875,0.1875,0.1875,0.1875,0.1875,0.1875,,,
22.320937871933,0,0.1875,0.1875,0.1875,0.1875,0.1875,0.1875,,,
22.3229379653931,0,0.1875,0.1875,0.1875,0.1875,0.1875,0.1875,,,
22.3249409198761,0,0.1875,0.1875,0.1875,0.1875,0.1875,0.1875,,,
22.3269419670105,0,0.1875,0.1875,0.1875,0.1875,0.1875,0.1875,,,
22.3289439678192,0,0.1875,0.1875,0.1875,0.1875,0.1875,0.1875,,,
22.3309450149536,0,0.1875,0.1875,0.1875,0.1875,0.1875,0.1875,,,
22.3329479694366,0,0.1875,0.1875,0.1875,0.1875,0.1875,0.1875,,,
22.3349480628967,0,0.1875,0.1875,0.1875,0.1875,0.1875,0.1875,,,
22.3369510173798,0,0.1875,0.1875,0.1875,0.1875,0.1875,0.1875,,,
22.3389530181885,0,0.1875,0.1875,0.1875,0.1875,0.1875,0.1875,,,
22.3409540653229,0,0.1875,0.1875,0.1875,0.1875,0.1875,0.1875,,,
22.3429570198059,0,0.1875,0.1875,0.1875,0.1875,0.1875,0.1875,,,
22.3449568748474,0,0.1875,0.1875,0.1875,0.1875,0.1875,0.1875,,,
22.346960067749,0,0.1875,0.1875,0.1875,0.1875,0.1875,0.1875,,,
22.3489599227905,0,0.1875,0.1875,0.1875,0.1875,0.1875,0.1875,,,
22.3509628772736,0,0.1875,0.1875,0.1875,0.1875,0.1875,0.1875,,,
22.3529629707336,0,0.1875,0.1875,0.1875,0.1875,0.1875,0.1875,,,
22.3549659252167,0,0.1875,0.1875,0.1875,0.1875,0.1875,0.1875,,,
22.3569660186768,0,0.1875,0.1875,0.1875,0.1875,0.1875,0.1875,,,
22.3589689731598,0,0.1875,0.1875,0.1875,0.1875,0.1875,0.1875,,,
22.3609719276428,0,0.1875,0.1875,0.1875,0.1875,0.1875,0.1875,,,
22.3629720211029,0,0.1875,0.1875,0.1875,0.1875,0.1875,0.1875,,,
22.3649749755859,0,0.1875,0.1875,0.1875,0.1875,0.1875,0.1875,,,
22.366975069046,0,0.1875,0.1875,0.1875,0.1875,0.1875,0.1875,,,
22.3689780235291,0,0.1875,0.1875,0.1875,0.1875,0.1875,0.1875,,,
22.3709778785706,0,0.1875,0.1875,0.1875,0.1875,0.1875,0.1875,,,
22.3729810714722,0,0.1875,0.1875,0.1875,0.1875,0.1875,0.1875,,,
22.374981880188,0,0.1875,0.1875,0.1875,0.1875,0.1875,0.1875,,,
22.3769838809967,0,0.1875,0.1875,0.1875,0.1875,0.1875,0.1875,,,
22.3789849281311,0,0.1875,0.1875,0.1875,0.1875,0.1875,0.1875,,,
22.3809878826141,0,0.1875,0.1875,0.1875,0.1875,0.1875,0.1875,,,
22.3829879760742,0,0.1875,0.1875,0.1875,0.1875,0.1875,0.1875,,,
22.3849909305573,0,0.1875,0.1875,0.1875,0.1875,0.1875,0.1875,,,
22.3869938850403,0,0.1875,0.1875,0.1875,0.1875,0.1875,0.1875,,,
22.3889939785004,0,0.1875,0.1875,0.1875,0.1875,0.1875,0.1875,,,
22.3909969329834,0,0.1875,0.1875,0.1875,0.1875,0.1875,0.1875,,,
22.3929970264435,0,0.1875,0.1875,0.1875,0.1875,0.1875,0.1875,,,
22.3949999809265,0,0.1875,0.1875,0.1875,0.1875,0.1875,0.1875,,,
22.3970000743866,0,0.1875,0.1875,0.1875,0.1875,0.1875,0.1875,,,
22.3990030288696,0,0.1875,0.1875,0.1875,0.1875,0.1875,0.1875,,,
22.4010028839111,0,0.1875,0.1875,0.1875,0.1875,0.1875,0.1875,,,
22.4030060768127,0,0.1875,0.1875,0.1875,0.1875,0.1875,0.1875,,,
22.4050059318542,0,0.1875,0.1875,0.1875,0.1875,0.1875,0.1875,,,
22.4070088863373,0,0.1875,0.1875,0.1875,0.1875,0.1875,0.1875,,,
22.4090089797974,0,0.1875,0.1875,0.1875,0.1875,0.1875,0.1875,,,
22.4110119342804,0,0.1875,0.1875,0.1875,0.1875,0.1875,0.1875,,,
22.4130129814148,0,0.1875,0.1875,0.1875,0.1875,0.1875,0.1875,,,
22.4150159358978,0,0.1875,0.1875,0.1875,0.1875,0.1875,0.1875,,,
22.4170160293579,0,0.1875,0.1875,0.1875,0.1875,0.1875,0.1875,,,
22.4190189838409,0,0.1875,0.1875,0.1875,0.1875,0.1875,0.1875,,,
22.421021938324,0,0.1875,0.1875,0.1875,0.1875,0.1875,0.1875,,,
22.4230220317841,0,0.1875,0.1875,0.1875,0.1875,0.1875,0.1875,,,
22.4250249862671,0,0.1875,0.1875,0.1875,0.1875,0.1875,0.1875,,,
22.4270250797272,0,0.1875,0.1875,0.1875,0.1875,0.1875,0.1875,,,
22.4290280342102,0,0.1875,0.1875,0.1875,0.1875,0.1875,0.1875,,,
22.4310278892517,0,0.1875,0.1875,0.1875,0.1875,0.1875,0.1875,,,
22.4330310821533,0,0.1875,0.1875,0.1875,0.1875,0.1875,0.1875,,,
22.4350309371948,0,0.1875,0.1875,0.1875,0.1875,0.1875,0.1875,,,
22.4370338916779,0,0.1875,0.1875,0.1875,0.1875,0.1875,0.1875,,,
22.4390339851379,0,0.1875,0.1875,0.1875,0.1875,0.1875,0.1875,,,
22.441036939621,0,0.1875,0.1875,0.1875,0.1875,0.1875,0.1875,,,
22.443039894104,0,0.1875,0.1875,0.1875,0.1875,0.1875,0.1875,,,
22.4450399875641,0,0.1875,0.1875,0.1875,0.1875,0.1875,0.1875,,,
22.4470429420471,0,0.1875,0.1875,0.1875,0.1875,0.1875,0.1875,,,
22.4490430355072,0,0.1875,0.1875,0.1875,0.1875,0.1875,0.1875,,,
22.4510459899902,0,0.1875,0.1875,0.1875,0.1875,0.1875,0.1875,,,
22.4530470371246,0,0.1875,0.1875,0.1875,0.1875,0.1875,0.1875,,,
22.4550490379334,0,0.1875,0.1875,0.1875,0.1875,0.1875,0.1875,,,
22.4570500850677,0,0.1875,0.1875,0.1875,0.1875,0.1875,0.1875,,,
22.4590530395508,0,0.1875,0.1875,0.1875,0.1875,0.1875,0.1875,,,
22.4610528945923,0,0.1875,0.1875,0.1875,0.1875,0.1875,0.1875,,,
22.4630560874939,0,0.1875,0.1875,0.1875,0.1875,0.1875,0.1875,,,
22.4650590419769,0,0.1875,0.1875,0.1875,0.1875,0.1875,0.1875,,,
22.4670588970184,0,0.1875,0.1875,0.1875,0.1875,0.1875,0.1875,,,
22.46906208992,0,0.1875,0.1875,0.1875,0.1875,0.1875,0.1875,,,
22.4710619449615,0,0.1875,0.1875,0.1875,0.1875,0.1875,0.1875,,,
22.4730648994446,0,0.1875,0.1875,0.1875,0.1875,0.1875,0.1875,,,
22.4750649929047,0,0.1875,0.1875,0.1875,0.1875,0.1875,0.1875,,,
22.4770679473877,0,0.1875,0.1875,0.1875,0.1875,0.1875,0.1875,,,
22.4790680408478,0,0.1875,0.1875,0.1875,0.1875,0.1875,0.1875,,,
22.4810709953308,0,0.1875,0.1875,0.1875,0.1875,0.1875,0.1875,,,
22.4830720424652,0,0.1875,0.1875,0.1875,0.1875,0.1875,0.1875,,,
22.4850740432739,0,0.1875,0.1875,0.1875,0.1875,0.1875,0.1875,,,
22.4870750904083,0,0.1875,0.1875,0.1875,0.1875,0.1875,0.1875,,,
22.489077091217,0,0.1875,0.1875,0.1875,0.1875,0.1875,0.1875,,,
22.4910778999329,0,0.1875,0.1875,0.1875,0.1875,0.1875,0.1875,,,
22.4930810928345,0,0.1875,0.1875,0.1875,0.1875,0.1875,0.1875,,,
22.495080947876,0,0.1875,0.1875,0.1875,0.1875,0.1875,0.1875,,,
22.497083902359,0,0.1875,0.1875,0.1875,0.1875,0.1875,0.1875,,,
22.4990870952606,0,0.1875,0.1875,0.1875,0.1875,0.1875,0.1875,,,
22.5010869503021,0,0.1875,0.1875,0.1875,0.1875,0.1875,0.1875,,,
22.5030899047852,0,0.1875,0.1875,0.1875,0.1875,0.1875,0.1875,,,
22.5050899982452,0,0.1875,0.1875,0.1875,0.1875,0.1875,0.1875,,,
22.5070929527283,0,0.1875,0.1875,0.1875,0.1875,0.1875,0.1875,,,
22.5090930461884,0,0.1875,0.1875,0.1875,0.1875,0.1875,0.1875,,,
22.5110960006714,0,0.1875,0.1875,0.1875,0.1875,0.1875,0.1875,,,
22.5130960941315,0,0.1875,0.1875,0.1875,0.1875,0.1875,0.1875,,,
22.5150990486145,0,0.1875,0.1875,0.1875,0.1875,0.1875,0.1875,,,
22.517098903656,0,0.1875,0.1875,0.1875,0.1875,0.1875,0.1875,,,
22.5191020965576,0,0.1875,0.1875,0.1875,0.1875,0.1875,0.1875,,,
22.5211050510406,0,0.1875,0.1875,0.1875,0.1875,0.1875,0.1875,,,
22.5231049060822,0,0.1875,0.1875,0.1875,0.1875,0.1875,0.1875,,,
22.5251080989838,0,0.1875,0.1875,0.1875,0.1875,0.1875,0.1875,,,
22.5271089076996,0,0.1875,0.1875,0.1875,0.1875,0.1875,0.1875,,,
22.5291109085083,0,0.1875,0.1875,0.1875,0.1875,0.1875,0.1875,,,
22.5311119556427,0,0.1875,0.1875,0.1875,0.1875,0.1875,0.1875,,,
22.5331149101257,0,0.1875,0.1875,0.1875,0.1875,0.1875,0.1875,,,
22.5351169109344,0,0.1875,0.1875,0.1875,0.1875,0.1875,0.1875,,,
22.5371179580688,0,0.1875,0.1875,0.1875,0.1875,0.1875,0.1875,,,
22.5391199588776,0,0.1875,0.1875,0.1875,0.1875,0.1875,0.1875,,,
22.541121006012,0,0.1875,0.1875,0.1875,0.1875,0.1875,0.1875,,,
22.5431230068207,0,0.1875,0.1875,0.1875,0.1875,0.1875,0.1875,,,
22.5451240539551,0,0.1875,0.1875,0.1875,0.1875,0.1875,0.1875,,,
22.5471270084381,0,0.1875,0.1875,0.1875,0.1875,0.1875,0.1875,,,
22.5491271018982,0,0.1875,0.1875,0.1875,0.1875,0.1875,0.1875,,,
22.5511300563812,0,0.1875,0.1875,0.1875,0.1875,0.1875,0.1875,,,
22.5531320571899,0,0.1875,0.1875,0.1875,0.1875,0.1875,0.1875,,,
22.5551328659058,0,0.1875,0.1875,0.1875,0.1875,0.1875,0.1875,,,
22.5571348667145,0,0.1875,0.1875,0.1875,0.1875,0.1875,0.1875,,,
22.5591359138489,0,0.1875,0.1875,0.1875,0.1875,0.1875,0.1875,,,
22.5611388683319,0,0.1875,0.1875,0.1875,0.1875,0.1875,0.1875,,,
22.563138961792,0,0.1875,0.1875,0.1875,0.1875,0.1875,0.1875,,,
22.565141916275,0,0.1875,0.1875,0.1875,0.1875,0.1875,0.1875,,,
22.5671448707581,0,0.1875,0.1875,0.1875,0.1875,0.1875,0.1875,,,
22.5691449642181,0,0.1875,0.1875,0.1875,0.1875,0.1875,0.1875,,,
22.5711479187012,0,0.1875,0.1875,0.1875,0.1875,0.1875,0.1875,,,
22.5731480121613,0,0.1875,0.1875,0.1875,0.1875,0.1875,0.1875,,,
22.5751888751984,0,0.1875,0.1875,0.1875,0.1875,0.1875,0.1875,,,
22.5771889686584,0,0.1875,0.1875,0.1875,0.1875,0.1875,0.1875,,,
22.5791919231415,0,0.1875,0.1875,0.1875,0.1875,0.1875,0.1875,,,
22.5811920166016,0,0.1875,0.1875,0.1875,0.1875,0.1875,0.1875,,,
22.5831949710846,0,0.1875,0.1875,0.1875,0.1875,0.1875,0.1875,,,
22.5851950645447,0,0.1875,0.1875,0.1875,0.1875,0.1875,0.1875,,,
22.5871980190277,0,0.1875,0.1875,0.1875,0.1875,0.1875,0.1875,,,
22.5892009735107,0,0.1875,0.1875,0.1875,0.1875,0.1875,0.1875,,,
22.5912010669708,0,0.1875,0.1875,0.1875,0.1875,0.1875,0.1875,,,
22.5932040214539,0,0.1875,0.1875,0.1875,0.1875,0.1875,0.1875,,,
22.5952050685883,0,0.1875,0.1875,0.1875,0.1875,0.1875,0.1875,,,
22.597207069397,0,0.1875,0.1875,0.1875,0.1875,0.1875,0.1875,,,
22.59921002388,0,0.1875,0.1875,0.1875,0.1875,0.1875,0.1875,,,
22.6012098789215,0,0.1875,0.1875,0.1875,0.1875,0.1875,0.1875,,,
22.6032130718231,0,0.1875,0.1875,0.1875,0.1875,0.1875,0.1875,,,
22.6052138805389,0,0.1875,0.1875,0.1875,0.1875,0.1875,0.1875,,,
22.6072158813477,0,0.1875,0.1875,0.1875,0.1875,0.1875,0.1875,,,
22.6092169284821,0,0.1875,0.1875,0.1875,0.1875,0.1875,0.1875,,,
22.6112198829651,0,0.1875,0.1875,0.1875,0.1875,0.1875,0.1875,,,
22.6132218837738,0,0.1875,0.1875,0.1875,0.1875,0.1875,0.1875,,,
22.6152229309082,0,0.1875,0.1875,0.1875,0.1875,0.1875,0.1875,,,
22.6172249317169,0,0.1875,0.1875,0.1875,0.1875,0.1875,0.1875,,,
22.6192259788513,0,0.1875,0.1875,0.1875,0.1875,0.1875,0.1875,,,
22.6212289333344,0,0.1875,0.1875,0.1875,0.1875,0.1875,0.1875,,,
22.6232309341431,0,0.1875,0.1875,0.1875,0.1875,0.1875,0.1875,,,
22.6252319812775,0,0.1875,0.1875,0.1875,0.1875,0.1875,0.1875,,,
22.6272349357605,0,0.1875,0.1875,0.1875,0.1875,0.1875,0.1875,,,
22.6292350292206,0,0.1875,0.1875,0.1875,0.1875,0.1875,0.1875,,,
22.6312379837036,0,0.1875,0.1875,0.1875,0.1875,0.1875,0.1875,,,
22.6332380771637,0,0.1875,0.1875,0.1875,0.1875,0.1875,0.1875,,,
22.6352410316467,0,0.1875,0.1875,0.1875,0.1875,0.1875,0.1875,,,
22.6372408866882,0,0.1875,0.1875,0.1875,0.1875,0.1875,0.1875,,,
22.6392440795898,0,0.1875,0.1875,0.1875,0.1875,0.1875,0.1875,,,
22.6412470340729,0,0.1875,0.1875,0.1875,0.1875,0.1875,0.1875,,,
22.6432468891144,0,0.1875,0.1875,0.1875,0.1875,0.1875,0.1875,,,
22.645250082016,0,0.1875,0.1875,0.1875,0.1875,0.1875,0.1875,,,
22.6472499370575,0,0.1875,0.1875,0.1875,0.1875,0.1875,0.1875,,,
22.6492528915405,0,0.1875,0.1875,0.1875,0.1875,0.1875,0.1875,,,
22.6512539386749,0,0.1875,0.1875,0.1875,0.1875,0.1875,0.1875,,,
22.6532559394836,0,0.1875,0.1875,0.1875,0.1875,0.1875,0.1875,,,
22.6552588939667,0,0.1875,0.1875,0.1875,0.1875,0.1875,0.1875,,,
22.6572599411011,0,0.1875,0.1875,0.1875,0.1875,0.1875,0.1875,,,
22.6592619419098,0,0.1875,0.1875,0.1875,0.1875,0.1875,0.1875,,,
22.6612629890442,0,0.1875,0.1875,0.1875,0.1875,0.1875,0.1875,,,
22.6632649898529,0,0.1875,0.1875,0.1875,0.1875,0.1875,0.1875,,,
22.6652660369873,0,0.1875,0.1875,0.1875,0.1875,0.1875,0.1875,,,
22.6672689914703,0,0.1875,0.1875,0.1875,0.1875,0.1875,0.1875,,,
22.6692690849304,0,0.1875,0.1875,0.1875,0.1875,0.1875,0.1875,,,
22.6712720394135,0,0.1875,0.1875,0.1875,0.1875,0.1875,0.1875,,,
22.673271894455,0,0.1875,0.1875,0.1875,0.1875,0.1875,0.1875,,,
22.6752750873566,0,0.1875,0.1875,0.1875,0.1875,0.1875,0.1875,,,
22.6772780418396,0,0.1875,0.1875,0.1875,0.1875,0.1875,0.1875,,,
22.6792778968811,0,0.1875,0.1875,0.1875,0.1875,0.1875,0.1875,,,
22.6812810897827,0,0.1875,0.1875,0.1875,0.1875,0.1875,0.1875,,,
22.6832809448242,0,0.1875,0.1875,0.1875,0.1875,0.1875,0.1875,,,
22.6852838993073,0,0.1875,0.1875,0.1875,0.1875,0.1875,0.1875,,,
22.6872839927673,0,0.1875,0.1875,0.1875,0.1875,0.1875,0.1875,,,
22.6892869472504,0,0.1875,0.1875,0.1875,0.1875,0.1875,0.1875,,,
22.6912899017334,0,0.1875,0.1875,0.1875,0.1875,0.1875,0.1875,,,
22.6932899951935,0,0.1875,0.1875,0.1875,0.1875,0.1875,0.1875,,,
22.6952929496765,0,0.1875,0.1875,0.1875,0.1875,0.1875,0.1875,,,
22.6972930431366,0,0.1875,0.1875,0.1875,0.1875,0.1875,0.1875,,,
22.6992959976196,0,0.1875,0.1875,0.1875,0.1875,0.1875,0.1875,,,
22.7012989521027,0,0.1875,0.1875,0.1875,0.1875,0.1875,0.1875,,,
22.7032990455627,0,0.1875,0.1875,0.1875,0.1875,0.1875,0.1875,,,
22.7053020000458,0,0.1875,0.1875,0.1875,0.1875,0.1875,0.1875,,,
22.7073020935059,0,0.1875,0.1875,0.1875,0.1875,0.1875,0.1875,,,
22.7093050479889,0,0.1875,0.1875,0.1875,0.1875,0.1875,0.1875,,,
22.7113049030304,0,0.1875,0.1875,0.1875,0.1875,0.1875,0.1875,,,
22.713308095932,0,0.1875,0.1875,0.1875,0.1875,0.1875,0.1875,,,
22.715311050415,0,0.1875,0.1875,0.1875,0.1875,0.1875,0.1875,,,
22.7173109054565,0,0.1875,0.1875,0.1875,0.1875,0.1875,0.1875,,,
22.7193140983582,0,0.1875,0.1875,0.1875,0.1875,0.1875,0.1875,,,
22.7213139533997,0,0.1875,0.1875,0.1875,0.1875,0.1875,0.1875,,,
22.7233169078827,0,0.1875,0.1875,0.1875,0.1875,0.1875,0.1875,,,
22.7253189086914,0,0.1875,0.1875,0.1875,0.1875,0.1875,0.1875,,,
22.7273199558258,0,0.1875,0.1875,0.1875,0.1875,0.1875,0.1875,,,
22.7293219566345,0,0.1875,0.1875,0.1875,0.1875,0.1875,0.1875,,,
22.7313230037689,0,0.1875,0.1875,0.1875,0.1875,0.1875,0.1875,,,
22.7333250045776,0,0.1875,0.1875,0.1875,0.1875,0.1875,0.1875,,,
22.735326051712,0,0.1875,0.1875,0.1875,0.1875,0.1875,0.1875,,,
22.7373290061951,0,0.1875,0.1875,0.1875,0.1875,0.1875,0.1875,,,
22.7393290996552,0,0.1875,0.1875,0.1875,0.1875,0.1875,0.1875,,,
22.7413320541382,0,0.1875,0.1875,0.1875,0.1875,0.1875,0.1875,,,
22.7433319091797,0,0.1875,0.1875,0.1875,0.1875,0.1875,0.1875,,,
22.7453351020813,0,0.1875,0.1875,0.1875,0.1875,0.1875,0.1875,,,
22.7473349571228,0,0.1875,0.1875,0.1875,0.1875,0.1875,0.1875,,,
22.7493379116058,0,0.1875,0.1875,0.1875,0.1875,0.1875,0.1875,,,
22.7513408660889,0,0.1875,0.1875,0.1875,0.1875,0.1875,0.1875,,,
22.753340959549,0,0.1875,0.1875,0.1875,0.1875,0.1875,0.1875,,,
22.755343914032,0,0.1875,0.1875,0.1875,0.1875,0.1875,0.1875,,,
22.7573440074921,0,0.1875,0.1875,0.1875,0.1875,0.1875,0.1875,,,
22.7593469619751,0,0.1875,0.1875,0.1875,0.1875,0.1875,0.1875,,,
22.7613470554352,0,0.1875,0.1875,0.1875,0.1875,0.1875,0.1875,,,
22.7633500099182,0,0.1875,0.1875,0.1875,0.1875,0.1875,0.1875,,,
22.7653498649597,0,0.1875,0.1875,0.1875,0.1875,0.1875,0.1875,,,
22.7673530578613,0,0.1875,0.1875,0.1875,0.1875,0.1875,0.1875,,,
22.7693538665771,0,0.1875,0.1875,0.1875,0.1875,0.1875,0.1875,,,
22.7713558673859,0,0.1875,0.1875,0.1875,0.1875,0.1875,0.1875,,,
22.7733590602875,0,0.1875,0.1875,0.1875,0.1875,0.1875,0.1875,,,
22.7753598690033,0,0.1875,0.1875,0.1875,0.1875,0.1875,0.1875,,,
22.777361869812,0,0.1875,0.1875,0.1875,0.1875,0.1875,0.1875,,,
22.7793629169464,0,0.1875,0.1875,0.1875,0.1875,0.1875,0.1875,,,
22.7813649177551,0,0.1875,0.1875,0.1875,0.1875,0.1875,0.1875,,,
22.7833659648895,0,0.1875,0.1875,0.1875,0.1875,0.1875,0.1875,,,
22.7853689193726,0,0.1875,0.1875,0.1875,0.1875,0.1875,0.1875,,,
22.7873690128326,0,0.1875,0.1875,0.1875,0.1875,0.1875,0.1875,,,
22.7893719673157,0,0.1875,0.1875,0.1875,0.1875,0.1875,0.1875,,,
22.7913720607758,0,0.1875,0.1875,0.1875,0.1875,0.1875,0.1875,,,
22.7933750152588,0,0.1875,0.1875,0.1875,0.1875,0.1875,0.1875,,,
22.7953748703003,0,0.1875,0.1875,0.1875,0.1875,0.1875,0.1875,,,
22.7973780632019,0,0.1875,0.1875,0.1875,0.1875,0.1875,0.1875,,,
22.7993810176849,0,0.1875,0.1875,0.1875,0.1875,0.1875,0.1875,,,
22.8013808727264,0,0.1875,0.1875,0.1875,0.1875,0.1875,0.1875,,,
22.8033840656281,0,0.1875,0.1875,0.1875,0.1875,0.1875,0.1875,,,
22.8053839206696,0,0.1875,0.1875,0.1875,0.1875,0.1875,0.1875,,,
22.8073868751526,0,0.1875,0.1875,0.1875,0.1875,0.1875,0.1875,,,
22.8093869686127,0,0.1875,0.1875,0.1875,0.1875,0.1875,0.1875,,,
22.8113899230957,0,0.1875,0.1875,0.1875,0.1875,0.1875,0.1875,,,
22.8133909702301,0,0.1875,0.1875,0.1875,0.1875,0.1875,0.1875,,,
22.8153929710388,0,0.1875,0.1875,0.1875,0.1875,0.1875,0.1875,,,
22.8173940181732,0,0.1875,0.1875,0.1875,0.1875,0.1875,0.1875,,,
22.8193969726563,0,0.1875,0.1875,0.1875,0.1875,0.1875,0.1875,,,
22.8213970661163,0,0.1875,0.1875,0.1875,0.1875,0.1875,0.1875,,,
22.8234000205994,0,0.1875,0.1875,0.1875,0.1875,0.1875,0.1875,,,
22.8254020214081,0,0.1875,0.1875,0.1875,0.1875,0.1875,0.1875,,,
22.8274030685425,0,0.1875,0.1875,0.1875,0.1875,0.1875,0.1875,,,
22.8294050693512,0,0.1875,0.1875,0.1875,0.1875,0.1875,0.1875,,,
22.8314070701599,0,0.1875,0.1875,0.1875,0.1875,0.1875,0.1875,,,
22.8334069252014,0,0.1875,0.1875,0.1875,0.1875,0.1875,0.1875,,,
22.8354089260101,0,0.1875,0.1875,0.1875,0.1875,0.1875,0.1875,,,
22.8374118804932,0,0.1875,0.1875,0.1875,0.1875,0.1875,0.1875,,,
22.8394129276276,0,0.1875,0.1875,0.1875,0.1875,0.1875,0.1875,,,
22.8414158821106,0,0.1875,0.1875,0.1875,0.1875,0.1875,0.1875,,,
22.8434159755707,0,0.1875,0.1875,0.1875,0.1875,0.1875,0.1875,,,
22.8454189300537,0,0.1875,0.1875,0.1875,0.1875,0.1875,0.1875,,,
22.8474190235138,0,0.1875,0.1875,0.1875,0.1875,0.1875,0.1875,,,
22.8494219779968,0,0.1875,0.1875,0.1875,0.1875,0.1875,0.1875,,,
22.8514230251312,0,0.1875,0.1875,0.1875,0.1875,0.1875,0.1875,,,
22.8534250259399,0,0.1875,0.1875,0.1875,0.1875,0.1875,0.1875,,,
22.8554260730743,0,0.1875,0.1875,0.1875,0.1875,0.1875,0.1875,,,
22.8574290275574,0,0.1875,0.1875,0.1875,0.1875,0.1875,0.1875,,,
22.8594288825989,0,0.1875,0.1875,0.1875,0.1875,0.1875,0.1875,,,
22.8614320755005,0,0.1875,0.1875,0.1875,0.1875,0.1875,0.1875,,,
22.8634328842163,0,0.1875,0.1875,0.1875,0.1875,0.1875,0.1875,,,
22.8654360771179,0,0.1875,0.1875,0.1875,0.1875,0.1875,0.1875,,,
22.8674359321594,0,0.1875,0.1875,0.1875,0.1875,0.1875,0.1875,,,
22.8694388866425,0,0.1875,0.1875,0.1875,0.1875,0.1875,0.1875,,,
22.8714389801025,0,0.1875,0.1875,0.1875,0.1875,0.1875,0.1875,,,
22.8734419345856,0,0.1875,0.1875,0.1875,0.1875,0.1875,0.1875,,,
22.8754448890686,0,0.1875,0.1875,0.1875,0.1875,0.1875,0.1875,,,
22.8774440288544,0,0.1875,0.1875,0.1875,0.1875,0.1875,0.1875,,,
22.8794460296631,0,0.1875,0.1875,0.1875,0.1875,0.1875,0.1875,,,
22.8814489841461,0,0.1875,0.1875,0.1875,0.1875,0.1875,0.1875,,,
22.8834490776062,0,0.1875,0.1875,0.1875,0.1875,0.1875,0.1875,,,
22.8854520320892,0,0.1875,0.1875,0.1875,0.1875,0.1875,0.1875,,,
22.8874530792236,0,0.1875,0.1875,0.1875,0.1875,0.1875,0.1875,,,
22.8894560337067,0,0.1875,0.1875,0.1875,0.1875,0.1875,0.1875,,,
22.8914558887482,0,0.1875,0.1875,0.1875,0.1875,0.1875,0.1875,,,
22.8934590816498,0,0.1875,0.1875,0.1875,0.1875,0.1875,0.1875,,,
22.8954589366913,0,0.1875,0.1875,0.1875,0.1875,0.1875,0.1875,,,
22.8974618911743,0,0.1875,0.1875,0.1875,0.1875,0.1875,0.1875,,,
22.8994629383087,0,0.1875,0.1875,0.1875,0.1875,0.1875,0.1875,,,
22.9014658927917,0,0.1875,0.1875,0.1875,0.1875,0.1875,0.1875,,,
22.9034659862518,0,0.1875,0.1875,0.1875,0.1875,0.1875,0.1875,,,
22.9054689407349,0,0.1875,0.1875,0.1875,0.1875,0.1875,0.1875,,,
22.9074709415436,0,0.1875,0.1875,0.1875,0.1875,0.1875,0.1875,,,
22.9094710350037,0,0.1875,0.1875,0.1875,0.1875,0.1875,0.1875,,,
22.9114739894867,0,0.1875,0.1875,0.1875,0.1875,0.1875,0.1875,,,
22.9134750366211,0,0.1875,0.1875,0.1875,0.1875,0.1875,0.1875,,,
22.9154770374298,0,0.1875,0.1875,0.1875,0.1875,0.1875,0.1875,,,
22.9174799919128,0,0.1875,0.1875,0.1875,0.1875,0.1875,0.1875,,,
22.9194800853729,0,0.1875,0.1875,0.1875,0.1875,0.1875,0.1875,,,
22.921483039856,0,0.1875,0.1875,0.1875,0.1875,0.1875,0.1875,,,
22.9234828948975,0,0.1875,0.1875,0.1875,0.1875,0.1875,0.1875,,,
22.9254848957062,0,0.1875,0.1875,0.1875,0.1875,0.1875,0.1875,,,
22.9274880886078,0,0.1875,0.1875,0.1875,0.1875,0.1875,0.1875,,,
22.9294879436493,0,0.1875,0.1875,0.1875,0.1875,0.1875,0.1875,,,
22.9314908981323,0,0.1875,0.1875,0.1875,0.1875,0.1875,0.1875,,,
22.9334919452667,0,0.1875,0.1875,0.1875,0.1875,0.1875,0.1875,,,
22.9354939460754,0,0.1875,0.1875,0.1875,0.1875,0.1875,0.1875,,,
22.9374969005585,0,0.1875,0.1875,0.1875,0.1875,0.1875,0.1875,,,
22.9394969940186,0,0.1875,0.1875,0.1875,0.1875,0.1875,0.1875,,,
22.9414989948273,0,0.1875,0.1875,0.1875,0.1875,0.1875,0.1875,,,
22.9435000419617,0,0.1875,0.1875,0.1875,0.1875,0.1875,0.1875,,,
22.9455020427704,0,0.1875,0.1875,0.1875,0.1875,0.1875,0.1875,,,
22.9475049972534,0,0.1875,0.1875,0.1875,0.1875,0.1875,0.1875,,,
22.9495050907135,0,0.1875,0.1875,0.1875,0.1875,0.1875,0.1875,,,
22.9515080451965,0,0.1875,0.1875,0.1875,0.1875,0.1875,0.1875,,,
22.953507900238,0,0.1875,0.1875,0.1875,0.1875,0.1875,0.1875,,,
22.9555099010468,0,0.1875,0.1875,0.1875,0.1875,0.1875,0.1875,,,
22.9575130939484,0,0.1875,0.1875,0.1875,0.1875,0.1875,0.1875,,,
22.9595129489899,0,0.1875,0.1875,0.1875,0.1875,0.1875,0.1875,,,
22.9615159034729,0,0.1875,0.1875,0.1875,0.1875,0.1875,0.1875,,,
22.963515996933,0,0.1875,0.1875,0.1875,0.1875,0.1875,0.1875,,,
22.965518951416,0,0.1875,0.1875,0.1875,0.1875,0.1875,0.1875,,,
22.9675190448761,0,0.1875,0.1875,0.1875,0.1875,0.1875,0.1875,,,
22.9695219993591,0,0.1875,0.1875,0.1875,0.1875,0.1875,0.1875,,,
22.9715240001678,0,0.1875,0.1875,0.1875,0.1875,0.1875,0.1875,,,
22.9735250473022,0,0.1875,0.1875,0.1875,0.1875,0.1875,0.1875,,,
22.975527048111,0,0.1875,0.1875,0.1875,0.1875,0.1875,0.1875,,,
22.977530002594,0,0.1875,0.1875,0.1875,0.1875,0.1875,0.1875,,,
22.9795300960541,0,0.1875,0.1875,0.1875,0.1875,0.1875,0.1875,,,
22.9815320968628,0,0.1875,0.1875,0.1875,0.1875,0.1875,0.1875,,,
22.9835350513458,0,0.1875,0.1875,0.1875,0.1875,0.1875,0.1875,,,
22.9855360984802,0,0.1875,0.1875,0.1875,0.1875,0.1875,0.1875,,,
22.9875359535217,0,0.1875,0.1875,0.1875,0.1875,0.1875,0.1875,,,
22.9895389080048,0,0.1875,0.1875,0.1875,0.1875,0.1875,0.1875,,,
22.9915459156036,0,0.1875,0.1875,0.1875,0.1875,0.1875,0.1875,,,
22.993546962738,0,0.1875,0.1875,0.1875,0.1875,0.1875,0.1875,,,
22.9955489635468,0,0.1875,0.1875,0.1875,0.1875,0.1875,0.1875,,,
22.9975500106812,0,0.1875,0.1875,0.1875,0.1875,0.1875,0.1875,,,
22.9995498657227,0,0.1875,0.1875,0.1875,0.1875,0.1875,0.1875,,,
23.0015499591827,0,0.1875,0.1875,0.1875,0.1875,0.1875,0.1875,,,
23.0035510063171,0,0.1875,0.1875,0.1875,0.1875,0.1875,0.1875,,,
23.0055510997772,0,0.1875,0.1875,0.1875,0.1875,0.1875,0.1875,,,
23.0075540542603,0,0.1875,0.1875,0.1875,0.1875,0.1875,0.1875,,,
23.009556055069,0,0.1875,0.1875,0.1875,0.1875,0.1875,0.1875,,,
23.0115571022034,0,0.1875,0.1875,0.1875,0.1875,0.1875,0.1875,,,
23.0135591030121,0,0.1875,0.1875,0.1875,0.1875,0.1875,0.1875,,,
23.0155599117279,0,0.1875,0.1875,0.1875,0.1875,0.1875,0.1875,,,
23.0175628662109,0,0.1875,0.1875,0.1875,0.1875,0.1875,0.1875,,,
23.019562959671,0,0.1875,0.1875,0.1875,0.1875,0.1875,0.1875,,,
23.0215659141541,0,0.1875,0.1875,0.1875,0.1875,0.1875,0.1875,,,
23.0235660076141,0,0.1875,0.1875,0.1875,0.1875,0.1875,0.1875,,,
23.0255689620972,0,0.1875,0.1875,0.1875,0.1875,0.1875,0.1875,,,
23.0275719165802,0,0.1875,0.1875,0.1875,0.1875,0.1875,0.1875,,,
23.0295720100403,0,0.1875,0.1875,0.1875,0.1875,0.1875,0.1875,,,
23.0315749645233,0,0.1875,0.1875,0.1875,0.1875,0.1875,0.1875,,,
23.0335750579834,0,0.1875,0.1875,0.1875,0.1875,0.1875,0.1875,,,
23.0355780124664,0,0.1875,0.1875,0.1875,0.1875,0.1875,0.1875,,,
23.0375778675079,0,0.1875,0.1875,0.1875,0.1875,0.1875,0.1875,,,
23.0395810604095,0,0.1875,0.1875,0.1875,0.1875,0.1875,0.1875,,,
23.0415840148926,0,0.1875,0.1875,0.1875,0.1875,0.1875,0.1875,,,
23.0435838699341,0,0.1875,0.1875,0.1875,0.1875,0.1875,0.1875,,,
23.0455870628357,0,0.1875,0.1875,0.1875,0.1875,0.1875,0.1875,,,
23.0475869178772,0,0.1875,0.1875,0.1875,0.1875,0.1875,0.1875,,,
23.0495898723602,0,0.1875,0.1875,0.1875,0.1875,0.1875,0.1875,,,
23.0515899658203,0,0.1875,0.1875,0.1875,0.1875,0.1875,0.1875,,,
23.0535929203033,0,0.1875,0.1875,0.1875,0.1875,0.1875,0.1875,,,
23.0555958747864,0,0.1875,0.1875,0.1875,0.1875,0.1875,0.1875,,,
23.0575959682465,0,0.1875,0.1875,0.1875,0.1875,0.1875,0.1875,,,
23.0595989227295,0,0.1875,0.1875,0.1875,0.1875,0.1875,0.1875,,,
23.0615990161896,0,0.1875,0.1875,0.1875,0.1875,0.1875,0.1875,,,
23.0636019706726,0,0.1875,0.1875,0.1875,0.1875,0.1875,0.1875,,,
23.0656020641327,0,0.1875,0.1875,0.1875,0.1875,0.1875,0.1875,,,
23.0676050186157,0,0.1875,0.1875,0.1875,0.1875,0.1875,0.1875,,,
23.0696048736572,0,0.1875,0.1875,0.1875,0.1875,0.1875,0.1875,,,
23.0716080665588,0,0.1875,0.1875,0.1875,0.1875,0.1875,0.1875,,,
23.0736110210419,0,0.1875,0.1875,0.1875,0.1875,0.1875,0.1875,,,
23.0756120681763,0,0.1875,0.1875,0.1875,0.1875,0.1875,0.1875,,,
23.0775270462036,0,0.1875,0.1875,0.1875,0.1875,0.1875,0.1875,,,
23.0795269012451,0,0.1875,0.1875,0.1875,0.1875,0.1875,0.1875,,,
23.0815300941467,0,0.1875,0.1875,0.1875,0.1875,0.1875,0.1875,,,
23.0835309028625,0,0.1875,0.1875,0.1875,0.1875,0.1875,0.1875,,,
23.0855329036713,0,0.1875,0.1875,0.1875,0.1875,0.1875,0.1875,,,
23.0875339508057,0,0.1875,0.1875,0.1875,0.1875,0.1875,0.1875,,,
23.0895369052887,0,0.1875,0.1875,0.1875,0.1875,0.1875,0.1875,,,
23.0915369987488,0,0.1875,0.1875,0.1875,0.1875,0.1875,0.1875,,,
23.0935399532318,0,0.1875,0.1875,0.1875,0.1875,0.1875,0.1875,,,
23.0955429077148,0,0.1875,0.1875,0.1875,0.1875,0.1875,0.1875,,,
23.0975430011749,0,0.1875,0.1875,0.1875,0.1875,0.1875,0.1875,,,
23.099545955658,0,0.1875,0.1875,0.1875,0.1875,0.1875,0.1875,,,
23.101546049118,0,0.1875,0.1875,0.1875,0.1875,0.1875,0.1875,,,
23.1035490036011,0,0.1875,0.1875,0.1875,0.1875,0.1875,0.1875,,,
23.1055490970612,0,0.1875,0.1875,0.1875,0.1875,0.1875,0.1875,,,
23.1075520515442,0,0.1875,0.1875,0.1875,0.1875,0.1875,0.1875,,,
23.1095550060272,0,0.1875,0.1875,0.1875,0.1875,0.1875,0.1875,,,
23.1115550994873,0,0.1875,0.1875,0.1875,0.1875,0.1875,0.1875,,,
23.1135580539703,0,0.1875,0.1875,0.1875,0.1875,0.1875,0.1875,,,
23.1155579090118,0,0.1875,0.1875,0.1875,0.1875,0.1875,0.1875,,,
23.1175611019135,0,0.1875,0.1875,0.1875,0.1875,0.1875,0.1875,,,
23.1195640563965,0,0.1875,0.1875,0.1875,0.1875,0.1875,0.1875,,,
23.121563911438,0,0.1875,0.1875,0.1875,0.1875,0.1875,0.1875,,,
23.123566865921,0,0.1875,0.1875,0.1875,0.1875,0.1875,0.1875,,,
23.1255669593811,0,0.1875,0.1875,0.1875,0.1875,0.1875,0.1875,,,
23.1275699138641,0,0.1875,0.1875,0.1875,0.1875,0.1875,0.1875,,,
23.1295700073242,0,0.1875,0.1875,0.1875,0.1875,0.1875,0.1875,,,
23.1315729618073,0,0.1875,0.1875,0.1875,0.1875,0.1875,0.1875,,,
23.1335759162903,0,0.1875,0.1875,0.1875,0.1875,0.1875,0.1875,,,
23.1355760097504,0,0.1875,0.1875,0.1875,0.1875,0.1875,0.1875,,,
23.1375789642334,0,0.1875,0.1875,0.1875,0.1875,0.1875,0.1875,,,
23.1395790576935,0,0.1875,0.1875,0.1875,0.1875,0.1875,0.1875,,,
23.1415820121765,0,0.1875,0.1875,0.1875,0.1875,0.1875,0.1875,,,
23.143581867218,0,0.1875,0.1875,0.1875,0.1875,0.1875,0.1875,,,
23.1455850601196,0,0.1875,0.1875,0.1875,0.1875,0.1875,0.1875,,,
23.1475880146027,0,0.1875,0.1875,0.1875,0.1875,0.1875,0.1875,,,
23.1495878696442,0,0.1875,0.1875,0.1875,0.1875,0.1875,0.1875,,,
23.1515910625458,0,0.1875,0.1875,0.1875,0.1875,0.1875,0.1875,,,
23.1535918712616,0,0.1875,0.1875,0.1875,0.1875,0.1875,0.1875,,,
23.1555950641632,0,0.1875,0.1875,0.1875,0.1875,0.1875,0.1875,,,
23.1575949192047,0,0.1875,0.1875,0.1875,0.1875,0.1875,0.1875,,,
23.1595978736877,0,0.1875,0.1875,0.1875,0.1875,0.1875,0.1875,,,
23.1615979671478,0,0.1875,0.1875,0.1875,0.1875,0.1875,0.1875,,,
23.1636009216309,0,0.1875,0.1875,0.1875,0.1875,0.1875,0.1875,,,
23.1656038761139,0,0.1875,0.1875,0.1875,0.1875,0.1875,0.1875,,,
23.167603969574,0,0.1875,0.1875,0.1875,0.1875,0.1875,0.1875,,,
23.169606924057,0,0.1875,0.1875,0.1875,0.1875,0.1875,0.1875,,,
23.1716070175171,0,0.1875,0.1875,0.1875,0.1875,0.1875,0.1875,,,
23.1736099720001,0,0.1875,0.1875,0.1875,0.1875,0.1875,0.1875,,,
23.1756100654602,0,0.1875,0.1875,0.1875,0.1875,0.1875,0.1875,,,
23.1776130199432,0,0.1875,0.1875,0.1875,0.1875,0.1875,0.1875,,,
23.1796159744263,0,0.1875,0.1875,0.1875,0.1875,0.1875,0.1875,,,
23.1816160678864,0,0.1875,0.1875,0.1875,0.1875,0.1875,0.1875,,,
23.1836190223694,0,0.1875,0.1875,0.1875,0.1875,0.1875,0.1875,,,
23.1856188774109,0,0.1875,0.1875,0.1875,0.1875,0.1875,0.1875,,,
23.1876220703125,0,0.1875,0.1875,0.1875,0.1875,0.1875,0.1875,,,
23.1896228790283,0,0.1875,0.1875,0.1875,0.1875,0.1875,0.1875,,,
23.191624879837,0,0.1875,0.1875,0.1875,0.1875,0.1875,0.1875,,,
23.1936259269714,0,0.1875,0.1875,0.1875,0.1875,0.1875,0.1875,,,
23.1956288814545,0,0.1875,0.1875,0.1875,0.1875,0.1875,0.1875,,,
23.1976320743561,0,0.1875,0.1875,0.1875,0.1875,0.1875,0.1875,,,
23.1996319293976,0,0.1875,0.1875,0.1875,0.1875,0.1875,0.1875,,,
23.2016348838806,0,0.1875,0.1875,0.1875,0.1875,0.1875,0.1875,,,
23.2036349773407,0,0.1875,0.1875,0.1875,0.1875,0.1875,0.1875,,,
23.2056379318237,0,0.1875,0.1875,0.1875,0.1875,0.1875,0.1875,,,
23.2076380252838,0,0.1875,0.1875,0.1875,0.1875,0.1875,0.1875,,,
23.2096409797668,0,0.1875,0.1875,0.1875,0.1875,0.1875,0.1875,,,
23.2116410732269,0,0.1875,0.1875,0.1875,0.1875,0.1875,0.1875,,,
23.21364402771,0,0.1875,0.1875,0.1875,0.1875,0.1875,0.1875,,,
23.215646982193,0,0.1875,0.1875,0.1875,0.1875,0.1875,0.1875,,,
23.2176470756531,0,0.1875,0.1875,0.1875,0.1875,0.1875,0.1875,,,
23.2196500301361,0,0.1875,0.1875,0.1875,0.1875,0.1875,0.1875,,,
23.2216498851776,0,0.1875,0.1875,0.1875,0.1875,0.1875,0.1875,,,
23.2236530780792,0,0.1875,0.1875,0.1875,0.1875,0.1875,0.1875,,,
23.2256529331207,0,0.1875,0.1875,0.1875,0.1875,0.1875,0.1875,,,
23.2276558876038,0,0.1875,0.1875,0.1875,0.1875,0.1875,0.1875,,,
23.2296590805054,0,0.1875,0.1875,0.1875,0.1875,0.1875,0.1875,,,
23.2316598892212,0,0.1875,0.1875,0.1875,0.1875,0.1875,0.1875,,,
23.2336618900299,0,0.1875,0.1875,0.1875,0.1875,0.1875,0.1875,,,
23.2356629371643,0,0.1875,0.1875,0.1875,0.1875,0.1875,0.1875,,,
23.237664937973,0,0.1875,0.1875,0.1875,0.1875,0.1875,0.1875,,,
23.2396659851074,0,0.1875,0.1875,0.1875,0.1875,0.1875,0.1875,,,
23.2416679859161,0,0.1875,0.1875,0.1875,0.1875,0.1875,0.1875,,,
23.2436690330505,0,0.1875,0.1875,0.1875,0.1875,0.1875,0.1875,,,
23.2456719875336,0,0.1875,0.1875,0.1875,0.1875,0.1875,0.1875,,,
23.2476739883423,0,0.1875,0.1875,0.1875,0.1875,0.1875,0.1875,,,
23.2496750354767,0,0.1875,0.1875,0.1875,0.1875,0.1875,0.1875,,,
23.2516770362854,0,0.1875,0.1875,0.1875,0.1875,0.1875,0.1875,,,
23.2536780834198,0,0.1875,0.1875,0.1875,0.1875,0.1875,0.1875,,,
23.2556810379028,0,0.1875,0.1875,0.1875,0.1875,0.1875,0.1875,,,
23.2576808929443,0,0.1875,0.1875,0.1875,0.1875,0.1875,0.1875,,,
23.2596840858459,0,0.1875,0.1875,0.1875,0.1875,0.1875,0.1875,,,
23.261687040329,0,0.1875,0.1875,0.1875,0.1875,0.1875,0.1875,,,
23.2636868953705,0,0.1875,0.1875,0.1875,0.1875,0.1875,0.1875,,,
23.2656900882721,0,0.1875,0.1875,0.1875,0.1875,0.1875,0.1875,,,
23.2676899433136,0,0.1875,0.1875,0.1875,0.1875,0.1875,0.1875,,,
23.2696928977966,0,0.1875,0.1875,0.1875,0.1875,0.1875,0.1875,,,
23.2716929912567,0,0.1875,0.1875,0.1875,0.1875,0.1875,0.1875,,,
23.2736959457397,0,0.1875,0.1875,0.1875,0.1875,0.1875,0.1875,,,
23.2756960391998,0,0.1875,0.1875,0.1875,0.1875,0.1875,0.1875,,,
23.2776989936829,0,0.1875,0.1875,0.1875,0.1875,0.1875,0.1875,,,
23.2797000408173,0,0.1875,0.1875,0.1875,0.1875,0.1875,0.1875,,,
23.281702041626,0,0.1875,0.1875,0.1875,0.1875,0.1875,0.1875,,,
23.283704996109,0,0.1875,0.1875,0.1875,0.1875,0.1875,0.1875,,,
23.2857050895691,0,0.1875,0.1875,0.1875,0.1875,0.1875,0.1875,,,
23.2877080440521,0,0.1875,0.1875,0.1875,0.1875,0.1875,0.1875,,,
23.2897078990936,0,0.1875,0.1875,0.1875,0.1875,0.1875,0.1875,,,
23.2917110919952,0,0.1875,0.1875,0.1875,0.1875,0.1875,0.1875,,,
23.2937119007111,0,0.1875,0.1875,0.1875,0.1875,0.1875,0.1875,,,
23.2957139015198,0,0.1875,0.1875,0.1875,0.1875,0.1875,0.1875,,,
23.2977170944214,0,0.1875,0.1875,0.1875,0.1875,0.1875,0.1875,,,
23.2997179031372,0,0.1875,0.1875,0.1875,0.1875,0.1875,0.1875,,,
23.3017210960388,0,0.1875,0.1875,0.1875,0.1875,0.1875,0.1875,,,
23.3037209510803,0,0.1875,0.1875,0.1875,0.1875,0.1875,0.1875,,,
23.3057239055634,0,0.1875,0.1875,0.1875,0.1875,0.1875,0.1875,,,
23.3077239990234,0,0.1875,0.1875,0.1875,0.1875,0.1875,0.1875,,,
23.3097269535065,0,0.1875,0.1875,0.1875,0.1875,0.1875,0.1875,,,
23.3117270469666,0,0.1875,0.1875,0.1875,0.1875,0.1875,0.1875,,,
23.3137300014496,0,0.1875,0.1875,0.1875,0.1875,0.1875,0.1875,,,
23.3157329559326,0,0.1875,0.1875,0.1875,0.1875,0.1875,0.1875,,,
23.3177330493927,0,0.1875,0.1875,0.1875,0.1875,0.1875,0.1875,,,
23.3197360038757,0,0.1875,0.1875,0.1875,0.1875,0.1875,0.1875,,,
23.3217360973358,0,0.1875,0.1875,0.1875,0.1875,0.1875,0.1875,,,
23.3237390518188,0,0.1875,0.1875,0.1875,0.1875,0.1875,0.1875,,,
23.3257420063019,0,0.1875,0.1875,0.1875,0.1875,0.1875,0.1875,,,
23.327742099762,0,0.1875,0.1875,0.1875,0.1875,0.1875,0.1875,,,
23.329745054245,0,0.1875,0.1875,0.1875,0.1875,0.1875,0.1875,,,
23.3317449092865,0,0.1875,0.1875,0.1875,0.1875,0.1875,0.1875,,,
23.3337481021881,0,0.1875,0.1875,0.1875,0.1875,0.1875,0.1875,,,
23.3357479572296,0,0.1875,0.1875,0.1875,0.1875,0.1875,0.1875,,,
23.3377509117126,0,0.1875,0.1875,0.1875,0.1875,0.1875,0.1875,,,
23.3397538661957,0,0.1875,0.1875,0.1875,0.1875,0.1875,0.1875,,,
23.3417539596558,0,0.1875,0.1875,0.1875,0.1875,0.1875,0.1875,,,
23.3437569141388,0,0.1875,0.1875,0.1875,0.1875,0.1875,0.1875,,,
23.3457570075989,0,0.1875,0.1875,0.1875,0.1875,0.1875,0.1875,,,
23.3477599620819,0,0.1875,0.1875,0.1875,0.1875,0.1875,0.1875,,,
23.349760055542,0,0.1875,0.1875,0.1875,0.1875,0.1875,0.1875,,,
23.351763010025,0,0.1875,0.1875,0.1875,0.1875,0.1875,0.1875,,,
23.3537659645081,0,0.1875,0.1875,0.1875,0.1875,0.1875,0.1875,,,
23.3557660579681,0,0.1875,0.1875,0.1875,0.1875,0.1875,0.1875,,,
23.3577690124512,0,0.1875,0.1875,0.1875,0.1875,0.1875,0.1875,,,
23.3597688674927,0,0.1875,0.1875,0.1875,0.1875,0.1875,0.1875,,,
23.3617720603943,0,0.1875,0.1875,0.1875,0.1875,0.1875,0.1875,,,
23.3637719154358,0,0.1875,0.1875,0.1875,0.1875,0.1875,0.1875,,,
23.3657748699188,0,0.1875,0.1875,0.1875,0.1875,0.1875,0.1875,,,
23.3677780628204,0,0.1875,0.1875,0.1875,0.1875,0.1875,0.1875,,,
23.3697779178619,0,0.1875,0.1875,0.1875,0.1875,0.1875,0.1875,,,
23.371780872345,0,0.1875,0.1875,0.1875,0.1875,0.1875,0.1875,,,
23.3737809658051,0,0.1875,0.1875,0.1875,0.1875,0.1875,0.1875,,,
23.3757839202881,0,0.1875,0.1875,0.1875,0.1875,0.1875,0.1875,,,
23.3777840137482,0,0.1875,0.1875,0.1875,0.1875,0.1875,0.1875,,,
23.3797869682312,0,0.1875,0.1875,0.1875,0.1875,0.1875,0.1875,,,
23.3817899227142,0,0.1875,0.1875,0.1875,0.1875,0.1875,0.1875,,,
23.3837900161743,0,0.1875,0.1875,0.1875,0.1875,0.1875,0.1875,,,
23.3857929706573,0,0.1875,0.1875,0.1875,0.1875,0.1875,0.1875,,,
23.3877940177917,0,0.1875,0.1875,0.1875,0.1875,0.1875,0.1875,,,
23.3897960186005,0,0.1875,0.1875,0.1875,0.1875,0.1875,0.1875,,,
23.3917970657349,0,0.1875,0.1875,0.1875,0.1875,0.1875,0.1875,,,
23.3938000202179,0,0.1875,0.1875,0.1875,0.1875,0.1875,0.1875,,,
23.3957998752594,0,0.1875,0.1875,0.1875,0.1875,0.1875,0.1875,,,
23.397803068161,0,0.1875,0.1875,0.1875,0.1875,0.1875,0.1875,,,
23.3998050689697,0,0.1875,0.1875,0.1875,0.1875,0.1875,0.1875,,,
23.4018058776855,0,0.1875,0.1875,0.1875,0.1875,0.1875,0.1875,,,
23.4038090705872,0,0.1875,0.1875,0.1875,0.1875,0.1875,0.1875,,,
23.4058089256287,0,0.1875,0.1875,0.1875,0.1875,0.1875,0.1875,,,
23.4078118801117,0,0.1875,0.1875,0.1875,0.1875,0.1875,0.1875,,,
23.4098119735718,0,0.1875,0.1875,0.1875,0.1875,0.1875,0.1875,,,
23.4118149280548,0,0.1875,0.1875,0.1875,0.1875,0.1875,0.1875,,,
23.4138150215149,0,0.1875,0.1875,0.1875,0.1875,0.1875,0.1875,,,
23.4158179759979,0,0.1875,0.1875,0.1875,0.1875,0.1875,0.1875,,,
23.417820930481,0,0.1875,0.1875,0.1875,0.1875,0.1875,0.1875,,,
23.419821023941,0,0.1875,0.1875,0.1875,0.1875,0.1875,0.1875,,,
23.4218239784241,0,0.1875,0.1875,0.1875,0.1875,0.1875,0.1875,,,
23.4238240718842,0,0.1875,0.1875,0.1875,0.1875,0.1875,0.1875,,,
23.4258270263672,0,0.1875,0.1875,0.1875,0.1875,0.1875,0.1875,,,
23.4278268814087,0,0.1875,0.1875,0.1875,0.1875,0.1875,0.1875,,,
23.4298300743103,0,0.1875,0.1875,0.1875,0.1875,0.1875,0.1875,,,
23.4318308830261,0,0.1875,0.1875,0.1875,0.1875,0.1875,0.1875,,,
23.4338328838348,0,0.1875,0.1875,0.1875,0.1875,0.1875,0.1875,,,
23.4358339309692,0,0.1875,0.1875,0.1875,0.1875,0.1875,0.1875,,,
23.4378368854523,0,0.1875,0.1875,0.1875,0.1875,0.1875,0.1875,,,
23.439838886261,0,0.1875,0.1875,0.1875,0.1875,0.1875,0.1875,,,
23.4418399333954,0,0.1875,0.1875,0.1875,0.1875,0.1875,0.1875,,,
23.4438419342041,0,0.1875,0.1875,0.1875,0.1875,0.1875,0.1875,,,
23.4458429813385,0,0.1875,0.1875,0.1875,0.1875,0.1875,0.1875,,,
23.4478459358215,0,0.1875,0.1875,0.1875,0.1875,0.1875,0.1875,,,
23.4498460292816,0,0.1875,0.1875,0.1875,0.1875,0.1875,0.1875,,,
23.4518489837646,0,0.1875,0.1875,0.1875,0.1875,0.1875,0.1875,,,
23.4538519382477,0,0.1875,0.1875,0.1875,0.1875,0.1875,0.1875,,,
23.4558520317078,0,0.1875,0.1875,0.1875,0.1875,0.1875,0.1875,,,
23.4578549861908,0,0.1875,0.1875,0.1875,0.1875,0.1875,0.1875,,,
23.4598550796509,0,0.1875,0.1875,0.1875,0.1875,0.1875,0.1875,,,
23.4618580341339,0,0.1875,0.1875,0.1875,0.1875,0.1875,0.1875,,,
23.4638578891754,0,0.1875,0.1875,0.1875,0.1875,0.1875,0.1875,,,
23.465861082077,0,0.1875,0.1875,0.1875,0.1875,0.1875,0.1875,,,
23.4678640365601,0,0.1875,0.1875,0.1875,0.1875,0.1875,0.1875,,,
23.4698638916016,0,0.1875,0.1875,0.1875,0.1875,0.1875,0.1875,,,
23.4718670845032,0,0.1875,0.1875,0.1875,0.1875,0.1875,0.1875,,,
23.4738669395447,0,0.1875,0.1875,0.1875,0.1875,0.1875,0.1875,,,
23.4758698940277,0,0.1875,0.1875,0.1875,0.1875,0.1875,0.1875,,,
23.4778709411621,0,0.1875,0.1875,0.1875,0.1875,0.1875,0.1875,,,
23.4798729419708,0,0.1875,0.1875,0.1875,0.1875,0.1875,0.1875,,,
23.4818758964539,0,0.1875,0.1875,0.1875,0.1875,0.1875,0.1875,,,
23.4838769435883,0,0.1875,0.1875,0.1875,0.1875,0.1875,0.1875,,,
23.4858798980713,0,0.1875,0.1875,0.1875,0.1875,0.1875,0.1875,,,
23.4878799915314,0,0.1875,0.1875,0.1875,0.1875,0.1875,0.1875,,,
23.4898829460144,0,0.1875,0.1875,0.1875,0.1875,0.1875,0.1875,,,
23.4918830394745,0,0.1875,0.1875,0.1875,0.1875,0.1875,0.1875,,,
23.4938859939575,0,0.1875,0.1875,0.1875,0.1875,0.1875,0.1875,,,
23.4958889484406,0,0.1875,0.1875,0.1875,0.1875,0.1875,0.1875,,,
23.4978890419006,0,0.1875,0.1875,0.1875,0.1875,0.1875,0.1875,,,
23.4998919963837,0,0.1875,0.1875,0.1875,0.1875,0.1875,0.1875,,,
23.5018920898438,0,0.1875,0.1875,0.1875,0.1875,0.1875,0.1875,,,
23.5038950443268,0,0.1875,0.1875,0.1875,0.1875,0.1875,0.1875,,,
23.5058960914612,0,0.1875,0.1875,0.1875,0.1875,0.1875,0.1875,,,
23.5078990459442,0,0.1875,0.1875,0.1875,0.1875,0.1875,0.1875,,,
23.5098989009857,0,0.1875,0.1875,0.1875,0.1875,0.1875,0.1875,,,
23.5119020938873,0,0.1875,0.1875,0.1875,0.1875,0.1875,0.1875,,,
23.5139050483704,0,0.1875,0.1875,0.1875,0.1875,0.1875,0.1875,,,
23.5159049034119,0,0.1875,0.1875,0.1875,0.1875,0.1875,0.1875,,,
23.5179080963135,0,0.1875,0.1875,0.1875,0.1875,0.1875,0.1875,,,
23.519907951355,0,0.1875,0.1875,0.1875,0.1875,0.1875,0.1875,,,
23.521910905838,0,0.1875,0.1875,0.1875,0.1875,0.1875,0.1875,,,
23.5239119529724,0,0.1875,0.1875,0.1875,0.1875,0.1875,0.1875,,,
23.5259139537811,0,0.1875,0.1875,0.1875,0.1875,0.1875,0.1875,,,
23.5279150009155,0,0.1875,0.1875,0.1875,0.1875,0.1875,0.1875,,,
23.5299179553986,0,0.1875,0.1875,0.1875,0.1875,0.1875,0.1875,,,
23.5319199562073,0,0.1875,0.1875,0.1875,0.1875,0.1875,0.1875,,,
23.5339210033417,0,0.1875,0.1875,0.1875,0.1875,0.1875,0.1875,,,
23.5359239578247,0,0.1875,0.1875,0.1875,0.1875,0.1875,0.1875,,,
23.5379240512848,0,0.1875,0.1875,0.1875,0.1875,0.1875,0.1875,,,
23.5399270057678,0,0.1875,0.1875,0.1875,0.1875,0.1875,0.1875,,,
23.5419299602509,0,0.1875,0.1875,0.1875,0.1875,0.1875,0.1875,,,
23.5439300537109,0,0.1875,0.1875,0.1875,0.1875,0.1875,0.1875,,,
23.545933008194,0,0.1875,0.1875,0.1875,0.1875,0.1875,0.1875,,,
23.5479331016541,0,0.1875,0.1875,0.1875,0.1875,0.1875,0.1875,,,
23.5499360561371,0,0.1875,0.1875,0.1875,0.1875,0.1875,0.1875,,,
23.5519359111786,0,0.1875,0.1875,0.1875,0.1875,0.1875,0.1875,,,
23.5539388656616,0,0.1875,0.1875,0.1875,0.1875,0.1875,0.1875,,,
23.5559420585632,0,0.1875,0.1875,0.1875,0.1875,0.1875,0.1875,,,
23.5579419136047,0,0.1875,0.1875,0.1875,0.1875,0.1875,0.1875,,,
23.5599448680878,0,0.1875,0.1875,0.1875,0.1875,0.1875,0.1875,,,
23.5619449615479,0,0.1875,0.1875,0.1875,0.1875,0.1875,0.1875,,,
23.5639479160309,0,0.1875,0.1875,0.1875,0.1875,0.1875,0.1875,,,
23.565948009491,0,0.1875,0.1875,0.1875,0.1875,0.1875,0.1875,,,
23.567950963974,0,0.1875,0.1875,0.1875,0.1875,0.1875,0.1875,,,
23.5699510574341,0,0.1875,0.1875,0.1875,0.1875,0.1875,0.1875,,,
23.5719540119171,0,0.1875,0.1875,0.1875,0.1875,0.1875,0.1875,,,
23.5739569664001,0,0.1875,0.1875,0.1875,0.1875,0.1875,0.1875,,,
23.5759570598602,0,0.1875,0.1875,0.1875,0.1875,0.1875,0.1875,,,
23.5780260562897,0,0.1875,0.1875,0.1875,0.1875,0.1875,0.1875,,,
23.5800290107727,0,0.1875,0.1875,0.1875,0.1875,0.1875,0.1875,,,
23.5820319652557,0,0.1875,0.1875,0.1875,0.1875,0.1875,0.1875,,,
23.5840320587158,0,0.1875,0.1875,0.1875,0.1875,0.1875,0.1875,,,
23.5860350131989,0,0.1875,0.1875,0.1875,0.1875,0.1875,0.1875,,,
23.5880360603333,0,0.1875,0.1875,0.1875,0.1875,0.1875,0.1875,,,
23.590038061142,0,0.1875,0.1875,0.1875,0.1875,0.1875,0.1875,,,
23.5920388698578,0,0.1875,0.1875,0.1875,0.1875,0.1875,0.1875,,,
23.5940420627594,0,0.1875,0.1875,0.1875,0.1875,0.1875,0.1875,,,
23.5960419178009,0,0.1875,0.1875,0.1875,0.1875,0.1875,0.1875,,,
23.5980448722839,0,0.1875,0.1875,0.1875,0.1875,0.1875,0.1875,,,
23.6000480651855,0,0.1875,0.1875,0.1875,0.1875,0.1875,0.1875,,,
23.6020479202271,0,0.1875,0.1875,0.1875,0.1875,0.1875,0.1875,,,
23.6040508747101,0,0.1875,0.1875,0.1875,0.1875,0.1875,0.1875,,,
23.6060509681702,0,0.1875,0.1875,0.1875,0.1875,0.1875,0.1875,,,
23.6080539226532,0,0.1875,0.1875,0.1875,0.1875,0.1875,0.1875,,,
23.6100540161133,0,0.1875,0.1875,0.1875,0.1875,0.1875,0.1875,,,
23.6120569705963,0,0.1875,0.1875,0.1875,0.1875,0.1875,0.1875,,,
23.6140599250793,0,0.1875,0.1875,0.1875,0.1875,0.1875,0.1875,,,
23.6160600185394,0,0.1875,0.1875,0.1875,0.1875,0.1875,0.1875,,,
23.6180629730225,0,0.1875,0.1875,0.1875,0.1875,0.1875,0.1875,,,
23.6200630664825,0,0.1875,0.1875,0.1875,0.1875,0.1875,0.1875,,,
23.6220660209656,0,0.1875,0.1875,0.1875,0.1875,0.1875,0.1875,,,
23.6240689754486,0,0.1875,0.1875,0.1875,0.1875,0.1875,0.1875,,,
23.6260690689087,0,0.1875,0.1875,0.1875,0.1875,0.1875,0.1875,,,
23.6280720233917,0,0.1875,0.1875,0.1875,0.1875,0.1875,0.1875,,,
23.6300718784332,0,0.1875,0.1875,0.1875,0.1875,0.1875,0.1875,,,
23.6320750713348,0,0.1875,0.1875,0.1875,0.1875,0.1875,0.1875,,,
23.6340780258179,0,0.1875,0.1875,0.1875,0.1875,0.1875,0.1875,,,
23.6360778808594,0,0.1875,0.1875,0.1875,0.1875,0.1875,0.1875,,,
23.638081073761,0,0.1875,0.1875,0.1875,0.1875,0.1875,0.1875,,,
23.6400809288025,0,0.1875,0.1875,0.1875,0.1875,0.1875,0.1875,,,
23.6420838832855,0,0.1875,0.1875,0.1875,0.1875,0.1875,0.1875,,,
23.6440839767456,0,0.1875,0.1875,0.1875,0.1875,0.1875,0.1875,,,
23.6460869312286,0,0.1875,0.1875,0.1875,0.1875,0.1875,0.1875,,,
23.6480898857117,0,0.1875,0.1875,0.1875,0.1875,0.1875,0.1875,,,
23.6500899791718,0,0.1875,0.1875,0.1875,0.1875,0.1875,0.1875,,,
23.6520929336548,0,0.1875,0.1875,0.1875,0.1875,0.1875,0.1875,,,
23.6540930271149,0,0.1875,0.1875,0.1875,0.1875,0.1875,0.1875,,,
23.6560959815979,0,0.1875,0.1875,0.1875,0.1875,0.1875,0.1875,,,
23.6580970287323,0,0.1875,0.1875,0.1875,0.1875,0.1875,0.1875,,,
23.660099029541,0,0.1875,0.1875,0.1875,0.1875,0.1875,0.1875,,,
23.662101984024,0,0.1875,0.1875,0.1875,0.1875,0.1875,0.1875,,,
23.6641020774841,0,0.1875,0.1875,0.1875,0.1875,0.1875,0.1875,,,
23.6661050319672,0,0.1875,0.1875,0.1875,0.1875,0.1875,0.1875,,,
23.6681048870087,0,0.1875,0.1875,0.1875,0.1875,0.1875,0.1875,,,
23.6701080799103,0,0.1875,0.1875,0.1875,0.1875,0.1875,0.1875,,,
23.6721110343933,0,0.1875,0.1875,0.1875,0.1875,0.1875,0.1875,,,
23.6741108894348,0,0.1875,0.1875,0.1875,0.1875,0.1875,0.1875,,,
23.6761140823364,0,0.1875,0.1875,0.1875,0.1875,0.1875,0.1875,,,
23.6781139373779,0,0.1875,0.1875,0.1875,0.1875,0.1875,0.1875,,,
23.680116891861,0,0.1875,0.1875,0.1875,0.1875,0.1875,0.1875,,,
23.6821200847626,0,0.1875,0.1875,0.1875,0.1875,0.1875,0.1875,,,
23.6841199398041,0,0.1875,0.1875,0.1875,0.1875,0.1875,0.1875,,,
23.6861228942871,0,0.1875,0.1875,0.1875,0.1875,0.1875,0.1875,,,
23.6881229877472,0,0.1875,0.1875,0.1875,0.1875,0.1875,0.1875,,,
23.6901259422302,0,0.1875,0.1875,0.1875,0.1875,0.1875,0.1875,,,
23.6921269893646,0,0.1875,0.1875,0.1875,0.1875,0.1875,0.1875,,,
23.6941299438477,0,0.1875,0.1875,0.1875,0.1875,0.1875,0.1875,,,
23.6961300373077,0,0.1875,0.1875,0.1875,0.1875,0.1875,0.1875,,,
23.6981329917908,0,0.1875,0.1875,0.1875,0.1875,0.1875,0.1875,,,
23.7001330852509,0,0.1875,0.1875,0.1875,0.1875,0.1875,0.1875,,,
23.7021360397339,0,0.1875,0.1875,0.1875,0.1875,0.1875,0.1875,,,
23.7041389942169,0,0.1875,0.1875,0.1875,0.1875,0.1875,0.1875,,,
23.706139087677,0,0.1875,0.1875,0.1875,0.1875,0.1875,0.1875,,,
23.70814204216,0,0.1875,0.1875,0.1875,0.1875,0.1875,0.1875,,,
23.7101418972015,0,0.1875,0.1875,0.1875,0.1875,0.1875,0.1875,,,
23.7121450901031,0,0.1875,0.1875,0.1875,0.1875,0.1875,0.1875,,,
23.7141449451447,0,0.1875,0.1875,0.1875,0.1875,0.1875,0.1875,,,
23.7161478996277,0,0.1875,0.1875,0.1875,0.1875,0.1875,0.1875,,,
23.7181479930878,0,0.1875,0.1875,0.1875,0.1875,0.1875,0.1875,,,
23.7201509475708,0,0.1875,0.1875,0.1875,0.1875,0.1875,0.1875,,,
23.7221519947052,0,0.1875,0.1875,0.1875,0.1875,0.1875,0.1875,,,
23.7241539955139,0,0.1875,0.1875,0.1875,0.1875,0.1875,0.1875,,,
23.7261569499969,0,0.1875,0.1875,0.1875,0.1875,0.1875,0.1875,,,
23.7281579971313,0,0.1875,0.1875,0.1875,0.1875,0.1875,0.1875,,,
23.7301599979401,0,0.1875,0.1875,0.1875,0.1875,0.1875,0.1875,,,
23.7321610450745,0,0.1875,0.1875,0.1875,0.1875,0.1875,0.1875,,,
23.7341630458832,0,0.1875,0.1875,0.1875,0.1875,0.1875,0.1875,,,
23.7361640930176,0,0.1875,0.1875,0.1875,0.1875,0.1875,0.1875,,,
23.7381670475006,0,0.1875,0.1875,0.1875,0.1875,0.1875,0.1875,,,
23.7401669025421,0,0.1875,0.1875,0.1875,0.1875,0.1875,0.1875,,,
23.7421700954437,0,0.1875,0.1875,0.1875,0.1875,0.1875,0.1875,,,
23.7441720962524,0,0.1875,0.1875,0.1875,0.1875,0.1875,0.1875,,,
23.7461729049683,0,0.1875,0.1875,0.1875,0.1875,0.1875,0.1875,,,
23.7481760978699,0,0.1875,0.1875,0.1875,0.1875,0.1875,0.1875,,,
23.7501759529114,0,0.1875,0.1875,0.1875,0.1875,0.1875,0.1875,,,
23.7521789073944,0,0.1875,0.1875,0.1875,0.1875,0.1875,0.1875,,,
23.7541790008545,0,0.1875,0.1875,0.1875,0.1875,0.1875,0.1875,,,
23.7561819553375,0,0.1875,0.1875,0.1875,0.1875,0.1875,0.1875,,,
23.7581820487976,0,0.1875,0.1875,0.1875,0.1875,0.1875,0.1875,,,
23.7601850032806,0,0.1875,0.1875,0.1875,0.1875,0.1875,0.1875,,,
23.7621879577637,0,0.1875,0.1875,0.1875,0.1875,0.1875,0.1875,,,
23.7641880512238,0,0.1875,0.1875,0.1875,0.1875,0.1875,0.1875,,,
23.7661910057068,0,0.1875,0.1875,0.1875,0.1875,0.1875,0.1875,,,
23.7681910991669,0,0.1875,0.1875,0.1875,0.1875,0.1875,0.1875,,,
23.7701940536499,0,0.1875,0.1875,0.1875,0.1875,0.1875,0.1875,,,
23.7721939086914,0,0.1875,0.1875,0.1875,0.1875,0.1875,0.1875,,,
23.774197101593,0,0.1875,0.1875,0.1875,0.1875,0.1875,0.1875,,,
23.7762000560761,0,0.1875,0.1875,0.1875,0.1875,0.1875,0.1875,,,
23.7781999111176,0,0.1875,0.1875,0.1875,0.1875,0.1875,0.1875,,,
23.7802028656006,0,0.1875,0.1875,0.1875,0.1875,0.1875,0.1875,,,
23.7822029590607,0,0.1875,0.1875,0.1875,0.1875,0.1875,0.1875,,,
23.7842059135437,0,0.1875,0.1875,0.1875,0.1875,0.1875,0.1875,,,
23.7862088680267,0,0.1875,0.1875,0.1875,0.1875,0.1875,0.1875,,,
23.7882089614868,0,0.1875,0.1875,0.1875,0.1875,0.1875,0.1875,,,
23.7902119159698,0,0.1875,0.1875,0.1875,0.1875,0.1875,0.1875,,,
23.7922120094299,0,0.1875,0.1875,0.1875,0.1875,0.1875,0.1875,,,
23.794214963913,0,0.1875,0.1875,0.1875,0.1875,0.1875,0.1875,,,
23.796217918396,0,0.1875,0.1875,0.1875,0.1875,0.1875,0.1875,,,
23.7982180118561,0,0.1875,0.1875,0.1875,0.1875,0.1875,0.1875,,,
23.8002209663391,0,0.1875,0.1875,0.1875,0.1875,0.1875,0.1875,,,
23.8022220134735,0,0.1875,0.1875,0.1875,0.1875,0.1875,0.1875,,,
23.8042249679565,0,0.1875,0.1875,0.1875,0.1875,0.1875,0.1875,,,
23.8062250614166,0,0.1875,0.1875,0.1875,0.1875,0.1875,0.1875,,,
23.8082280158997,0,0.1875,0.1875,0.1875,0.1875,0.1875,0.1875,,,
23.8102278709412,0,0.1875,0.1875,0.1875,0.1875,0.1875,0.1875,,,
23.8122310638428,0,0.1875,0.1875,0.1875,0.1875,0.1875,0.1875,,,
23.8142340183258,0,0.1875,0.1875,0.1875,0.1875,0.1875,0.1875,,,
23.8162338733673,0,0.1875,0.1875,0.1875,0.1875,0.1875,0.1875,,,
23.8182370662689,0,0.1875,0.1875,0.1875,0.1875,0.1875,0.1875,,,
23.8202369213104,0,0.1875,0.1875,0.1875,0.1875,0.1875,0.1875,,,
23.8222398757935,0,0.1875,0.1875,0.1875,0.1875,0.1875,0.1875,,,
23.8242399692535,0,0.1875,0.1875,0.1875,0.1875,0.1875,0.1875,,,
23.8262429237366,0,0.1875,0.1875,0.1875,0.1875,0.1875,0.1875,,,
23.8282430171967,0,0.1875,0.1875,0.1875,0.1875,0.1875,0.1875,,,
23.8302459716797,0,0.1875,0.1875,0.1875,0.1875,0.1875,0.1875,,,
23.8322489261627,0,0.1875,0.1875,0.1875,0.1875,0.1875,0.1875,,,
23.8342490196228,0,0.1875,0.1875,0.1875,0.1875,0.1875,0.1875,,,
23.8362519741058,0,0.1875,0.1875,0.1875,0.1875,0.1875,0.1875,,,
23.8382530212402,0,0.1875,0.1875,0.1875,0.1875,0.1875,0.1875,,,
23.840255022049,0,0.1875,0.1875,0.1875,0.1875,0.1875,0.1875,,,
23.8422560691834,0,0.1875,0.1875,0.1875,0.1875,0.1875,0.1875,,,
23.8442580699921,0,0.1875,0.1875,0.1875,0.1875,0.1875,0.1875,,,
23.8462588787079,0,0.1875,0.1875,0.1875,0.1875,0.1875,0.1875,,,
23.8482620716095,0,0.1875,0.1875,0.1875,0.1875,0.1875,0.1875,,,
23.8502640724182,0,0.1875,0.1875,0.1875,0.1875,0.1875,0.1875,,,
23.852264881134,0,0.1875,0.1875,0.1875,0.1875,0.1875,0.1875,,,
23.8542668819427,0,0.1875,0.1875,0.1875,0.1875,0.1875,0.1875,,,
23.8562679290771,0,0.1875,0.1875,0.1875,0.1875,0.1875,0.1875,,,
23.8582708835602,0,0.1875,0.1875,0.1875,0.1875,0.1875,0.1875,,,
23.8602709770203,0,0.1875,0.1875,0.1875,0.1875,0.1875,0.1875,,,
23.8622739315033,0,0.1875,0.1875,0.1875,0.1875,0.1875,0.1875,,,
23.8642768859863,0,0.1875,0.1875,0.1875,0.1875,0.1875,0.1875,,,
23.8662769794464,0,0.1875,0.1875,0.1875,0.1875,0.1875,0.1875,,,
23.8682799339294,0,0.1875,0.1875,0.1875,0.1875,0.1875,0.1875,,,
23.8702800273895,0,0.1875,0.1875,0.1875,0.1875,0.1875,0.1875,,,
23.8722829818726,0,0.1875,0.1875,0.1875,0.1875,0.1875,0.1875,,,
23.8742830753326,0,0.1875,0.1875,0.1875,0.1875,0.1875,0.1875,,,
23.8762860298157,0,0.1875,0.1875,0.1875,0.1875,0.1875,0.1875,,,
23.8782889842987,0,0.1875,0.1875,0.1875,0.1875,0.1875,0.1875,,,
23.8802890777588,0,0.1875,0.1875,0.1875,0.1875,0.1875,0.1875,,,
23.8822920322418,0,0.1875,0.1875,0.1875,0.1875,0.1875,0.1875,,,
23.8842930793762,0,0.1875,0.1875,0.1875,0.1875,0.1875,0.1875,,,
23.8862950801849,0,0.1875,0.1875,0.1875,0.1875,0.1875,0.1875,,,
23.8882958889008,0,0.1875,0.1875,0.1875,0.1875,0.1875,0.1875,,,
23.8902978897095,0,0.1875,0.1875,0.1875,0.1875,0.1875,0.1875,,,
23.8922989368439,0,0.1875,0.1875,0.1875,0.1875,0.1875,0.1875,,,
23.8943009376526,0,0.1875,0.1875,0.1875,0.1875,0.1875,0.1875,,,
23.896301984787,0,0.1875,0.1875,0.1875,0.1875,0.1875,0.1875,,,
23.89830493927,0,0.1875,0.1875,0.1875,0.1875,0.1875,0.1875,,,
23.9003078937531,0,0.1875,0.1875,0.1875,0.1875,0.1875,0.1875,,,
23.9023079872131,0,0.1875,0.1875,0.1875,0.1875,0.1875,0.1875,,,
23.9043109416962,0,0.1875,0.1875,0.1875,0.1875,0.1875,0.1875,,,
23.9063110351563,0,0.1875,0.1875,0.1875,0.1875,0.1875,0.1875,,,
23.9083139896393,0,0.1875,0.1875,0.1875,0.1875,0.1875,0.1875,,,
23.910315990448,0,0.1875,0.1875,0.1875,0.1875,0.1875,0.1875,,,
23.9123170375824,0,0.1875,0.1875,0.1875,0.1875,0.1875,0.1875,,,
23.9143199920654,0,0.1875,0.1875,0.1875,0.1875,0.1875,0.1875,,,
23.9163200855255,0,0.1875,0.1875,0.1875,0.1875,0.1875,0.1875,,,
23.9183230400085,0,0.1875,0.1875,0.1875,0.1875,0.1875,0.1875,,,
23.92032289505,0,0.1875,0.1875,0.1875,0.1875,0.1875,0.1875,,,
23.9223260879517,0,0.1875,0.1875,0.1875,0.1875,0.1875,0.1875,,,
23.9243290424347,0,0.1875,0.1875,0.1875,0.1875,0.1875,0.1875,,,
23.9263288974762,0,0.1875,0.1875,0.1875,0.1875,0.1875,0.1875,,,
23.9283320903778,0,0.1875,0.1875,0.1875,0.1875,0.1875,0.1875,,,
23.9303319454193,0,0.1875,0.1875,0.1875,0.1875,0.1875,0.1875,,,
23.9323348999023,0,0.1875,0.1875,0.1875,0.1875,0.1875,0.1875,,,
23.9343349933624,0,0.1875,0.1875,0.1875,0.1875,0.1875,0.1875,,,
23.9363379478455,0,0.1875,0.1875,0.1875,0.1875,0.1875,0.1875,,,
23.9383380413055,0,0.1875,0.1875,0.1875,0.1875,0.1875,0.1875,,,
23.9403409957886,0,0.1875,0.1875,0.1875,0.1875,0.1875,0.1875,,,
23.9423439502716,0,0.1875,0.1875,0.1875,0.1875,0.1875,0.1875,,,
23.9443440437317,0,0.1875,0.1875,0.1875,0.1875,0.1875,0.1875,,,
23.9463469982147,0,0.1875,0.1875,0.1875,0.1875,0.1875,0.1875,,,
23.9483470916748,0,0.1875,0.1875,0.1875,0.1875,0.1875,0.1875,,,
23.9503500461578,0,0.1875,0.1875,0.1875,0.1875,0.1875,0.1875,,,
23.9523530006409,0,0.1875,0.1875,0.1875,0.1875,0.1875,0.1875,,,
23.954353094101,0,0.1875,0.1875,0.1875,0.1875,0.1875,0.1875,,,
23.956356048584,0,0.1875,0.1875,0.1875,0.1875,0.1875,0.1875,,,
23.9583559036255,0,0.1875,0.1875,0.1875,0.1875,0.1875,0.1875,,,
23.9603590965271,0,0.1875,0.1875,0.1875,0.1875,0.1875,0.1875,,,
23.9623620510101,0,0.1875,0.1875,0.1875,0.1875,0.1875,0.1875,,,
23.9643619060516,0,0.1875,0.1875,0.1875,0.1875,0.1875,0.1875,,,
23.9663650989532,0,0.1875,0.1875,0.1875,0.1875,0.1875,0.1875,,,
23.9683649539948,0,0.1875,0.1875,0.1875,0.1875,0.1875,0.1875,,,
23.9703679084778,0,0.1875,0.1875,0.1875,0.1875,0.1875,0.1875,,,
23.9723711013794,0,0.1875,0.1875,0.1875,0.1875,0.1875,0.1875,,,
23.9743709564209,0,0.1875,0.1875,0.1875,0.1875,0.1875,0.1875,,,
23.9763739109039,0,0.1875,0.1875,0.1875,0.1875,0.1875,0.1875,,,
23.978374004364,0,0.1875,0.1875,0.1875,0.1875,0.1875,0.1875,,,
23.980376958847,0,0.1875,0.1875,0.1875,0.1875,0.1875,0.1875,,,
23.9823780059814,0,0.1875,0.1875,0.1875,0.1875,0.1875,0.1875,,,
23.9843800067902,0,0.1875,0.1875,0.1875,0.1875,0.1875,0.1875,,,
23.9863829612732,0,0.1875,0.1875,0.1875,0.1875,0.1875,0.1875,,,
23.9883830547333,0,0.1875,0.1875,0.1875,0.1875,0.1875,0.1875,,,
23.9903860092163,0,0.1875,0.1875,0.1875,0.1875,0.1875,0.1875,,,
23.992388010025,0,0.1875,0.1875,0.1875,0.1875,0.1875,0.1875,,,
23.9943878650665,0,0.1875,0.1875,0.1875,0.1875,0.1875,0.1875,,,
23.9963898658752,0,0.1875,0.1875,0.1875,0.1875,0.1875,0.1875,,,
23.9983930587769,0,0.1875,0.1875,0.1875,0.1875,0.1875,0.1875,,,
24.0003938674927,0,0.1875,0.1875,0.1875,0.1875,0.1875,0.1875,,,
24.0023970603943,0,0.1875,0.1875,0.1875,0.1875,0.1875,0.1875,,,
24.0043969154358,0,0.1875,0.1875,0.1875,0.1875,0.1875,0.1875,,,
24.0063998699188,0,0.1875,0.1875,0.1875,0.1875,0.1875,0.1875,,,
24.0084009170532,0,0.1875,0.1875,0.1875,0.1875,0.1875,0.1875,,,
24.0104029178619,0,0.1875,0.1875,0.1875,0.1875,0.1875,0.1875,,,
24.0124039649963,0,0.1875,0.1875,0.1875,0.1875,0.1875,0.1875,,,
24.0144069194794,0,0.1875,0.1875,0.1875,0.1875,0.1875,0.1875,,,
24.0164070129395,0,0.1875,0.1875,0.1875,0.1875,0.1875,0.1875,,,
24.0184099674225,0,0.1875,0.1875,0.1875,0.1875,0.1875,0.1875,,,
24.0204100608826,0,0.1875,0.1875,0.1875,0.1875,0.1875,0.1875,,,
24.0224130153656,0,0.1875,0.1875,0.1875,0.1875,0.1875,0.1875,,,
24.0244140625,0,0.1875,0.1875,0.1875,0.1875,0.1875,0.1875,,,
24.026417016983,0,0.1875,0.1875,0.1875,0.1875,0.1875,0.1875,,,
24.0284168720245,0,0.1875,0.1875,0.1875,0.1875,0.1875,0.1875,,,
24.0304200649261,0,0.1875,0.1875,0.1875,0.1875,0.1875,0.1875,,,
24.0324199199677,0,0.1875,0.1875,0.1875,0.1875,0.1875,0.1875,,,
24.0344228744507,0,0.1875,0.1875,0.1875,0.1875,0.1875,0.1875,,,
24.0364229679108,0,0.1875,0.1875,0.1875,0.1875,0.1875,0.1875,,,
24.0384259223938,0,0.1875,0.1875,0.1875,0.1875,0.1875,0.1875,,,
24.0404269695282,0,0.1875,0.1875,0.1875,0.1875,0.1875,0.1875,,,
24.0424299240112,0,0.1875,0.1875,0.1875,0.1875,0.1875,0.1875,,,
24.0444300174713,0,0.1875,0.1875,0.1875,0.1875,0.1875,0.1875,,,
24.0464329719543,0,0.1875,0.1875,0.1875,0.1875,0.1875,0.1875,,,
24.0484340190887,0,0.1875,0.1875,0.1875,0.1875,0.1875,0.1875,,,
24.0504360198975,0,0.1875,0.1875,0.1875,0.1875,0.1875,0.1875,,,
24.0524370670319,0,0.1875,0.1875,0.1875,0.1875,0.1875,0.1875,,,
24.0544390678406,0,0.1875,0.1875,0.1875,0.1875,0.1875,0.1875,,,
24.0564420223236,0,0.1875,0.1875,0.1875,0.1875,0.1875,0.1875,,,
24.0584418773651,0,0.1875,0.1875,0.1875,0.1875,0.1875,0.1875,,,
24.0604438781738,0,0.1875,0.1875,0.1875,0.1875,0.1875,0.1875,,,
24.0624470710754,0,0.1875,0.1875,0.1875,0.1875,0.1875,0.1875,,,
24.0644469261169,0,0.1875,0.1875,0.1875,0.1875,0.1875,0.1875,,,
24.0664498806,0,0.1875,0.1875,0.1875,0.1875,0.1875,0.1875,,,
24.0684518814087,0,0.1875,0.1875,0.1875,0.1875,0.1875,0.1875,,,
24.0704519748688,0,0.1875,0.1875,0.1875,0.1875,0.1875,0.1875,,,
24.0724549293518,0,0.1875,0.1875,0.1875,0.1875,0.1875,0.1875,,,
24.0744559764862,0,0.1875,0.1875,0.1875,0.1875,0.1875,0.1875,,,
24.0764579772949,0,0.1875,0.1875,0.1875,0.1875,0.1875,0.1875,,,
24.0785329341888,0,0.1875,0.1875,0.1875,0.1875,0.1875,0.1875,,,
24.0805349349976,0,0.1875,0.1875,0.1875,0.1875,0.1875,0.1875,,,
24.0825378894806,0,0.1875,0.1875,0.1875,0.1875,0.1875,0.1875,,,
24.0845379829407,0,0.1875,0.1875,0.1875,0.1875,0.1875,0.1875,,,
24.0865399837494,0,0.1875,0.1875,0.1875,0.1875,0.1875,0.1875,,,
24.0885429382324,0,0.1875,0.1875,0.1875,0.1875,0.1875,0.1875,,,
24.0905439853668,0,0.1875,0.1875,0.1875,0.1875,0.1875,0.1875,,,
24.0925459861755,0,0.1875,0.1875,0.1875,0.1875,0.1875,0.1875,,,
24.0945460796356,0,0.1875,0.1875,0.1875,0.1875,0.1875,0.1875,,,
24.0965490341187,0,0.1875,0.1875,0.1875,0.1875,0.1875,0.1875,,,
24.0985488891602,0,0.1875,0.1875,0.1875,0.1875,0.1875,0.1875,,,
24.1005520820618,0,0.1875,0.1875,0.1875,0.1875,0.1875,0.1875,,,
24.1025540828705,0,0.1875,0.1875,0.1875,0.1875,0.1875,0.1875,,,
24.104553937912,0,0.1875,0.1875,0.1875,0.1875,0.1875,0.1875,,,
24.106556892395,0,0.1875,0.1875,0.1875,0.1875,0.1875,0.1875,,,
24.1085600852966,0,0.1875,0.1875,0.1875,0.1875,0.1875,0.1875,,,
24.1105599403381,0,0.1875,0.1875,0.1875,0.1875,0.1875,0.1875,,,
24.1125619411469,0,0.1875,0.1875,0.1875,0.1875,0.1875,0.1875,,,
24.1145629882813,0,0.1875,0.1875,0.1875,0.1875,0.1875,0.1875,,,
24.11656498909,0,0.1875,0.1875,0.1875,0.1875,0.1875,0.1875,,,
24.118567943573,0,0.1875,0.1875,0.1875,0.1875,0.1875,0.1875,,,
24.1205680370331,0,0.1875,0.1875,0.1875,0.1875,0.1875,0.1875,,,
24.1225709915161,0,0.1875,0.1875,0.1875,0.1875,0.1875,0.1875,,,
24.1245739459991,0,0.1875,0.1875,0.1875,0.1875,0.1875,0.1875,,,
24.1265740394592,0,0.1875,0.1875,0.1875,0.1875,0.1875,0.1875,,,
24.1285769939423,0,0.1875,0.1875,0.1875,0.1875,0.1875,0.1875,,,
24.1305770874023,0,0.1875,0.1875,0.1875,0.1875,0.1875,0.1875,,,
24.1325790882111,0,0.1875,0.1875,0.1875,0.1875,0.1875,0.1875,,,
24.1345820426941,0,0.1875,0.1875,0.1875,0.1875,0.1875,0.1875,,,
24.1365818977356,0,0.1875,0.1875,0.1875,0.1875,0.1875,0.1875,,,
24.1385850906372,0,0.1875,0.1875,0.1875,0.1875,0.1875,0.1875,,,
24.1405849456787,0,0.1875,0.1875,0.1875,0.1875,0.1875,0.1875,,,
24.1425869464874,0,0.1875,0.1875,0.1875,0.1875,0.1875,0.1875,,,
24.1445899009705,0,0.1875,0.1875,0.1875,0.1875,0.1875,0.1875,,,
24.1465909481049,0,0.1875,0.1875,0.1875,0.1875,0.1875,0.1875,,,
24.1485939025879,0,0.1875,0.1875,0.1875,0.1875,0.1875,0.1875,,,
24.150593996048,0,0.1875,0.1875,0.1875,0.1875,0.1875,0.1875,,,
24.1526019573212,0,0.1875,0.1875,0.1875,0.1875,0.1875,0.1875,,,
24.1546020507813,0,0.1875,0.1875,0.1875,0.1875,0.1875,0.1875,,,
24.1566050052643,0,0.1875,0.1875,0.1875,0.1875,0.1875,0.1875,,,
24.1586050987244,0,0.1875,0.1875,0.1875,0.1875,0.1875,0.1875,,,
24.1606049537659,0,0.1875,0.1875,0.1875,0.1875,0.1875,0.1875,,,
24.162605047226,0,0.1875,0.1875,0.1875,0.1875,0.1875,0.1875,,,
24.1646060943604,0,0.1875,0.1875,0.1875,0.1875,0.1875,0.1875,,,
24.1666080951691,0,0.1875,0.1875,0.1875,0.1875,0.1875,0.1875,,,
24.1686089038849,0,0.1875,0.1875,0.1875,0.1875,0.1875,0.1875,,,
24.1706120967865,0,0.1875,0.1875,0.1875,0.1875,0.1875,0.1875,,,
24.1726140975952,0,0.1875,0.1875,0.1875,0.1875,0.1875,0.1875,,,
24.174614906311,0,0.1875,0.1875,0.1875,0.1875,0.1875,0.1875,,,
24.1766169071198,0,0.1875,0.1875,0.1875,0.1875,0.1875,0.1875,,,
24.1786179542542,0,0.1875,0.1875,0.1875,0.1875,0.1875,0.1875,,,
24.1806199550629,0,0.1875,0.1875,0.1875,0.1875,0.1875,0.1875,,,
24.1826210021973,0,0.1875,0.1875,0.1875,0.1875,0.1875,0.1875,,,
24.1846239566803,0,0.1875,0.1875,0.1875,0.1875,0.1875,0.1875,,,
24.186625957489,0,0.1875,0.1875,0.1875,0.1875,0.1875,0.1875,,,
24.1886270046234,0,0.1875,0.1875,0.1875,0.1875,0.1875,0.1875,,,
24.1906290054321,0,0.1875,0.1875,0.1875,0.1875,0.1875,0.1875,,,
24.1926300525665,0,0.1875,0.1875,0.1875,0.1875,0.1875,0.1875,,,
24.1946320533752,0,0.1875,0.1875,0.1875,0.1875,0.1875,0.1875,,,
24.1966331005096,0,0.1875,0.1875,0.1875,0.1875,0.1875,0.1875,,,
24.1986360549927,0,0.1875,0.1875,0.1875,0.1875,0.1875,0.1875,,,
24.2006380558014,0,0.1875,0.1875,0.1875,0.1875,0.1875,0.1875,,,
24.2026391029358,0,0.1875,0.1875,0.1875,0.1875,0.1875,0.1875,,,
24.2046420574188,0,0.1875,0.1875,0.1875,0.1875,0.1875,0.1875,,,
24.2066419124603,0,0.1875,0.1875,0.1875,0.1875,0.1875,0.1875,,,
24.2086448669434,0,0.1875,0.1875,0.1875,0.1875,0.1875,0.1875,,,
24.2106449604034,0,0.1875,0.1875,0.1875,0.1875,0.1875,0.1875,,,
24.2126479148865,0,0.1875,0.1875,0.1875,0.1875,0.1875,0.1875,,,
24.2146489620209,0,0.1875,0.1875,0.1875,0.1875,0.1875,0.1875,,,
24.2166509628296,0,0.1875,0.1875,0.1875,0.1875,0.1875,0.1875,,,
24.218652009964,0,0.1875,0.1875,0.1875,0.1875,0.1875,0.1875,,,
24.220654964447,0,0.1875,0.1875,0.1875,0.1875,0.1875,0.1875,,,
24.2226569652557,0,0.1875,0.1875,0.1875,0.1875,0.1875,0.1875,,,
24.2246580123901,0,0.1875,0.1875,0.1875,0.1875,0.1875,0.1875,,,
24.2266600131989,0,0.1875,0.1875,0.1875,0.1875,0.1875,0.1875,,,
24.2286610603333,0,0.1875,0.1875,0.1875,0.1875,0.1875,0.1875,,,
24.2306640148163,0,0.1875,0.1875,0.1875,0.1875,0.1875,0.1875,,,
24.2326638698578,0,0.1875,0.1875,0.1875,0.1875,0.1875,0.1875,,,
24.2346670627594,0,0.1875,0.1875,0.1875,0.1875,0.1875,0.1875,,,
24.2366690635681,0,0.1875,0.1875,0.1875,0.1875,0.1875,0.1875,,,
24.2386698722839,0,0.1875,0.1875,0.1875,0.1875,0.1875,0.1875,,,
24.2406718730927,0,0.1875,0.1875,0.1875,0.1875,0.1875,0.1875,,,
24.2426729202271,0,0.1875,0.1875,0.1875,0.1875,0.1875,0.1875,,,
24.2446749210358,0,0.1875,0.1875,0.1875,0.1875,0.1875,0.1875,,,
24.2466778755188,0,0.1875,0.1875,0.1875,0.1875,0.1875,0.1875,,,
24.2486789226532,0,0.1875,0.1875,0.1875,0.1875,0.1875,0.1875,,,
24.2506818771362,0,0.1875,0.1875,0.1875,0.1875,0.1875,0.1875,,,
24.2526819705963,0,0.1875,0.1875,0.1875,0.1875,0.1875,0.1875,,,
24.2546849250793,0,0.1875,0.1875,0.1875,0.1875,0.1875,0.1875,,,
24.2566850185394,0,0.1875,0.1875,0.1875,0.1875,0.1875,0.1875,,,
24.2586879730225,0,0.1875,0.1875,0.1875,0.1875,0.1875,0.1875,,,
24.2606880664825,0,0.1875,0.1875,0.1875,0.1875,0.1875,0.1875,,,
24.2626910209656,0,0.1875,0.1875,0.1875,0.1875,0.1875,0.1875,,,
24.2646939754486,0,0.1875,0.1875,0.1875,0.1875,0.1875,0.1875,,,
24.2666940689087,0,0.1875,0.1875,0.1875,0.1875,0.1875,0.1875,,,
24.2686970233917,0,0.1875,0.1875,0.1875,0.1875,0.1875,0.1875,,,
24.2706968784332,0,0.1875,0.1875,0.1875,0.1875,0.1875,0.1875,,,
24.2727000713348,0,0.1875,0.1875,0.1875,0.1875,0.1875,0.1875,,,
24.2746999263763,0,0.1875,0.1875,0.1875,0.1875,0.1875,0.1875,,,
24.2767028808594,0,0.1875,0.1875,0.1875,0.1875,0.1875,0.1875,,,
24.278706073761,0,0.1875,0.1875,0.1875,0.1875,0.1875,0.1875,,,
24.2807059288025,0,0.1875,0.1875,0.1875,0.1875,0.1875,0.1875,,,
24.2827088832855,0,0.1875,0.1875,0.1875,0.1875,0.1875,0.1875,,,
24.2847089767456,0,0.1875,0.1875,0.1875,0.1875,0.1875,0.1875,,,
24.2867119312286,0,0.1875,0.1875,0.1875,0.1875,0.1875,0.1875,,,
24.2887148857117,0,0.1875,0.1875,0.1875,0.1875,0.1875,0.1875,,,
24.2907149791718,0,0.1875,0.1875,0.1875,0.1875,0.1875,0.1875,,,
24.2927179336548,0,0.1875,0.1875,0.1875,0.1875,0.1875,0.1875,,,
24.2947180271149,0,0.1875,0.1875,0.1875,0.1875,0.1875,0.1875,,,
24.2967209815979,0,0.1875,0.1875,0.1875,0.1875,0.1875,0.1875,,,
24.2987239360809,0,0.1875,0.1875,0.1875,0.1875,0.1875,0.1875,,,
24.300724029541,0,0.1875,0.1875,0.1875,0.1875,0.1875,0.1875,,,
24.302726984024,0,0.1875,0.1875,0.1875,0.1875,0.1875,0.1875,,,
24.3047270774841,0,0.1875,0.1875,0.1875,0.1875,0.1875,0.1875,,,
24.3067300319672,0,0.1875,0.1875,0.1875,0.1875,0.1875,0.1875,,,
24.3087329864502,0,0.1875,0.1875,0.1875,0.1875,0.1875,0.1875,,,
24.3107330799103,0,0.1875,0.1875,0.1875,0.1875,0.1875,0.1875,,,
24.3127360343933,0,0.1875,0.1875,0.1875,0.1875,0.1875,0.1875,,,
24.3147358894348,0,0.1875,0.1875,0.1875,0.1875,0.1875,0.1875,,,
24.3167390823364,0,0.1875,0.1875,0.1875,0.1875,0.1875,0.1875,,,
24.3187420368195,0,0.1875,0.1875,0.1875,0.1875,0.1875,0.1875,,,
24.320741891861,0,0.1875,0.1875,0.1875,0.1875,0.1875,0.1875,,,
24.3227450847626,0,0.1875,0.1875,0.1875,0.1875,0.1875,0.1875,,,
24.3247449398041,0,0.1875,0.1875,0.1875,0.1875,0.1875,0.1875,,,
24.3267478942871,0,0.1875,0.1875,0.1875,0.1875,0.1875,0.1875,,,
24.3287489414215,0,0.1875,0.1875,0.1875,0.1875,0.1875,0.1875,,,
24.3307509422302,0,0.1875,0.1875,0.1875,0.1875,0.1875,0.1875,,,
24.3327538967133,0,0.1875,0.1875,0.1875,0.1875,0.1875,0.1875,,,
24.3347539901733,0,0.1875,0.1875,0.1875,0.1875,0.1875,0.1875,,,
24.3367569446564,0,0.1875,0.1875,0.1875,0.1875,0.1875,0.1875,,,
24.3387579917908,0,0.1875,0.1875,0.1875,0.1875,0.1875,0.1875,,,
24.3407599925995,0,0.1875,0.1875,0.1875,0.1875,0.1875,0.1875,,,
24.3427610397339,0,0.1875,0.1875,0.1875,0.1875,0.1875,0.1875,,,
24.3447639942169,0,0.1875,0.1875,0.1875,0.1875,0.1875,0.1875,,,
24.346764087677,0,0.1875,0.1875,0.1875,0.1875,0.1875,0.1875,,,
24.34876704216,0,0.1875,0.1875,0.1875,0.1875,0.1875,0.1875,,,
24.3507699966431,0,0.1875,0.1875,0.1875,0.1875,0.1875,0.1875,,,
24.3527700901031,0,0.1875,0.1875,0.1875,0.1875,0.1875,0.1875,,,
24.3547730445862,0,0.1875,0.1875,0.1875,0.1875,0.1875,0.1875,,,
24.3567728996277,0,0.1875,0.1875,0.1875,0.1875,0.1875,0.1875,,,
24.3587760925293,0,0.1875,0.1875,0.1875,0.1875,0.1875,0.1875,,,
24.3607769012451,0,0.1875,0.1875,0.1875,0.1875,0.1875,0.1875,,,
24.3627789020538,0,0.1875,0.1875,0.1875,0.1875,0.1875,0.1875,,,
24.3647799491882,0,0.1875,0.1875,0.1875,0.1875,0.1875,0.1875,,,
24.3667829036713,0,0.1875,0.1875,0.1875,0.1875,0.1875,0.1875,,,
24.3687829971313,0,0.1875,0.1875,0.1875,0.1875,0.1875,0.1875,,,
24.3707859516144,0,0.1875,0.1875,0.1875,0.1875,0.1875,0.1875,,,
24.3727889060974,0,0.1875,0.1875,0.1875,0.1875,0.1875,0.1875,,,
24.3747889995575,0,0.1875,0.1875,0.1875,0.1875,0.1875,0.1875,,,
24.3767919540405,0,0.1875,0.1875,0.1875,0.1875,0.1875,0.1875,,,
24.3787920475006,0,0.1875,0.1875,0.1875,0.1875,0.1875,0.1875,,,
24.3807950019836,0,0.1875,0.1875,0.1875,0.1875,0.1875,0.1875,,,
24.3827979564667,0,0.1875,0.1875,0.1875,0.1875,0.1875,0.1875,,,
24.3847980499268,0,0.1875,0.1875,0.1875,0.1875,0.1875,0.1875,,,
24.3868010044098,0,0.1875,0.1875,0.1875,0.1875,0.1875,0.1875,,,
24.3888010978699,0,0.1875,0.1875,0.1875,0.1875,0.1875,0.1875,,,
24.3908040523529,0,0.1875,0.1875,0.1875,0.1875,0.1875,0.1875,,,
24.3928070068359,0,0.1875,0.1875,0.1875,0.1875,0.1875,0.1875,,,
24.394807100296,0,0.1875,0.1875,0.1875,0.1875,0.1875,0.1875,,,
24.3968100547791,0,0.1875,0.1875,0.1875,0.1875,0.1875,0.1875,,,
24.3988099098206,0,0.1875,0.1875,0.1875,0.1875,0.1875,0.1875,,,
24.4008131027222,0,0.1875,0.1875,0.1875,0.1875,0.1875,0.1875,,,
24.4028129577637,0,0.1875,0.1875,0.1875,0.1875,0.1875,0.1875,,,
24.4048159122467,0,0.1875,0.1875,0.1875,0.1875,0.1875,0.1875,,,
24.4068188667297,0,0.1875,0.1875,0.1875,0.1875,0.1875,0.1875,,,
24.4088189601898,0,0.1875,0.1875,0.1875,0.1875,0.1875,0.1875,,,
24.4108219146729,0,0.1875,0.1875,0.1875,0.1875,0.1875,0.1875,,,
24.4128220081329,0,0.1875,0.1875,0.1875,0.1875,0.1875,0.1875,,,
24.414824962616,0,0.1875,0.1875,0.1875,0.1875,0.1875,0.1875,,,
24.4168250560761,0,0.1875,0.1875,0.1875,0.1875,0.1875,0.1875,,,
24.4188280105591,0,0.1875,0.1875,0.1875,0.1875,0.1875,0.1875,,,
24.4208290576935,0,0.1875,0.1875,0.1875,0.1875,0.1875,0.1875,,,
24.4228310585022,0,0.1875,0.1875,0.1875,0.1875,0.1875,0.1875,,,
24.4248340129852,0,0.1875,0.1875,0.1875,0.1875,0.1875,0.1875,,,
24.4268338680267,0,0.1875,0.1875,0.1875,0.1875,0.1875,0.1875,,,
24.4288370609283,0,0.1875,0.1875,0.1875,0.1875,0.1875,0.1875,,,
24.4308369159698,0,0.1875,0.1875,0.1875,0.1875,0.1875,0.1875,,,
24.4328398704529,0,0.1875,0.1875,0.1875,0.1875,0.1875,0.1875,,,
24.4348430633545,0,0.1875,0.1875,0.1875,0.1875,0.1875,0.1875,,,
24.436842918396,0,0.1875,0.1875,0.1875,0.1875,0.1875,0.1875,,,
24.438845872879,0,0.1875,0.1875,0.1875,0.1875,0.1875,0.1875,,,
24.4408459663391,0,0.1875,0.1875,0.1875,0.1875,0.1875,0.1875,,,
24.4428489208221,0,0.1875,0.1875,0.1875,0.1875,0.1875,0.1875,,,
24.4448518753052,0,0.1875,0.1875,0.1875,0.1875,0.1875,0.1875,,,
24.4468519687653,0,0.1875,0.1875,0.1875,0.1875,0.1875,0.1875,,,
24.4488549232483,0,0.1875,0.1875,0.1875,0.1875,0.1875,0.1875,,,
24.4508550167084,0,0.1875,0.1875,0.1875,0.1875,0.1875,0.1875,,,
24.4528579711914,0,0.1875,0.1875,0.1875,0.1875,0.1875,0.1875,,,
24.4548590183258,0,0.1875,0.1875,0.1875,0.1875,0.1875,0.1875,,,
24.4568610191345,0,0.1875,0.1875,0.1875,0.1875,0.1875,0.1875,,,
24.4588620662689,0,0.1875,0.1875,0.1875,0.1875,0.1875,0.1875,,,
24.4608640670776,0,0.1875,0.1875,0.1875,0.1875,0.1875,0.1875,,,
24.4628670215607,0,0.1875,0.1875,0.1875,0.1875,0.1875,0.1875,,,
24.4648668766022,0,0.1875,0.1875,0.1875,0.1875,0.1875,0.1875,,,
24.4668700695038,0,0.1875,0.1875,0.1875,0.1875,0.1875,0.1875,,,
24.4688699245453,0,0.1875,0.1875,0.1875,0.1875,0.1875,0.1875,,,
24.4708728790283,0,0.1875,0.1875,0.1875,0.1875,0.1875,0.1875,,,
24.4728739261627,0,0.1875,0.1875,0.1875,0.1875,0.1875,0.1875,,,
24.4748759269714,0,0.1875,0.1875,0.1875,0.1875,0.1875,0.1875,,,
24.4768788814545,0,0.1875,0.1875,0.1875,0.1875,0.1875,0.1875,,,
24.4788799285889,0,0.1875,0.1875,0.1875,0.1875,0.1875,0.1875,,,
24.4808819293976,0,0.1875,0.1875,0.1875,0.1875,0.1875,0.1875,,,
24.482882976532,0,0.1875,0.1875,0.1875,0.1875,0.1875,0.1875,,,
24.4848849773407,0,0.1875,0.1875,0.1875,0.1875,0.1875,0.1875,,,
24.4868860244751,0,0.1875,0.1875,0.1875,0.1875,0.1875,0.1875,,,
24.4888889789581,0,0.1875,0.1875,0.1875,0.1875,0.1875,0.1875,,,
24.4908890724182,0,0.1875,0.1875,0.1875,0.1875,0.1875,0.1875,,,
24.4928920269012,0,0.1875,0.1875,0.1875,0.1875,0.1875,0.1875,,,
24.49489402771,0,0.1875,0.1875,0.1875,0.1875,0.1875,0.1875,,,
24.4968950748444,0,0.1875,0.1875,0.1875,0.1875,0.1875,0.1875,,,
24.4988970756531,0,0.1875,0.1875,0.1875,0.1875,0.1875,0.1875,,,
24.5008978843689,0,0.1875,0.1875,0.1875,0.1875,0.1875,0.1875,,,
24.5028998851776,0,0.1875,0.1875,0.1875,0.1875,0.1875,0.1875,,,
24.504900932312,0,0.1875,0.1875,0.1875,0.1875,0.1875,0.1875,,,
24.506903886795,0,0.1875,0.1875,0.1875,0.1875,0.1875,0.1875,,,
24.5089070796967,0,0.1875,0.1875,0.1875,0.1875,0.1875,0.1875,,,
24.5109069347382,0,0.1875,0.1875,0.1875,0.1875,0.1875,0.1875,,,
24.5129098892212,0,0.1875,0.1875,0.1875,0.1875,0.1875,0.1875,,,
24.5149099826813,0,0.1875,0.1875,0.1875,0.1875,0.1875,0.1875,,,
24.5169129371643,0,0.1875,0.1875,0.1875,0.1875,0.1875,0.1875,,,
24.5189130306244,0,0.1875,0.1875,0.1875,0.1875,0.1875,0.1875,,,
24.5209159851074,0,0.1875,0.1875,0.1875,0.1875,0.1875,0.1875,,,
24.5229160785675,0,0.1875,0.1875,0.1875,0.1875,0.1875,0.1875,,,
24.5249190330505,0,0.1875,0.1875,0.1875,0.1875,0.1875,0.1875,,,
24.5269219875336,0,0.1875,0.1875,0.1875,0.1875,0.1875,0.1875,,,
24.5289220809937,0,0.1875,0.1875,0.1875,0.1875,0.1875,0.1875,,,
24.5309250354767,0,0.1875,0.1875,0.1875,0.1875,0.1875,0.1875,,,
24.5329260826111,0,0.1875,0.1875,0.1875,0.1875,0.1875,0.1875,,,
24.5349280834198,0,0.1875,0.1875,0.1875,0.1875,0.1875,0.1875,,,
24.5369288921356,0,0.1875,0.1875,0.1875,0.1875,0.1875,0.1875,,,
24.5389320850372,0,0.1875,0.1875,0.1875,0.1875,0.1875,0.1875,,,
24.5409319400787,0,0.1875,0.1875,0.1875,0.1875,0.1875,0.1875,,,
24.5429348945618,0,0.1875,0.1875,0.1875,0.1875,0.1875,0.1875,,,
24.5449368953705,0,0.1875,0.1875,0.1875,0.1875,0.1875,0.1875,,,
24.5469379425049,0,0.1875,0.1875,0.1875,0.1875,0.1875,0.1875,,,
24.5489408969879,0,0.1875,0.1875,0.1875,0.1875,0.1875,0.1875,,,
24.550940990448,0,0.1875,0.1875,0.1875,0.1875,0.1875,0.1875,,,
24.552943944931,0,0.1875,0.1875,0.1875,0.1875,0.1875,0.1875,,,
24.5549440383911,0,0.1875,0.1875,0.1875,0.1875,0.1875,0.1875,,,
24.5569469928741,0,0.1875,0.1875,0.1875,0.1875,0.1875,0.1875,,,
24.5589499473572,0,0.1875,0.1875,0.1875,0.1875,0.1875,0.1875,,,
24.5609500408173,0,0.1875,0.1875,0.1875,0.1875,0.1875,0.1875,,,
24.5629529953003,0,0.1875,0.1875,0.1875,0.1875,0.1875,0.1875,,,
24.5649530887604,0,0.1875,0.1875,0.1875,0.1875,0.1875,0.1875,,,
24.5669560432434,0,0.1875,0.1875,0.1875,0.1875,0.1875,0.1875,,,
24.5689558982849,0,0.1875,0.1875,0.1875,0.1875,0.1875,0.1875,,,
24.5709590911865,0,0.1875,0.1875,0.1875,0.1875,0.1875,0.1875,,,
24.572958946228,0,0.1875,0.1875,0.1875,0.1875,0.1875,0.1875,,,
24.5749619007111,0,0.1875,0.1875,0.1875,0.1875,0.1875,0.1875,,,
24.5770668983459,0,0.1875,0.1875,0.1875,0.1875,0.1875,0.1875,,,
24.5790700912476,0,0.1875,0.1875,0.1875,0.1875,0.1875,0.1875,,,
24.5810699462891,0,0.1875,0.1875,0.1875,0.1875,0.1875,0.1875,,,
24.5830729007721,0,0.1875,0.1875,0.1875,0.1875,0.1875,0.1875,,,
24.5850739479065,0,0.1875,0.1875,0.1875,0.1875,0.1875,0.1875,,,
24.5870759487152,0,0.1875,0.1875,0.1875,0.1875,0.1875,0.1875,,,
24.5890769958496,0,0.1875,0.1875,0.1875,0.1875,0.1875,0.1875,,,
24.5910799503326,0,0.1875,0.1875,0.1875,0.1875,0.1875,0.1875,,,
24.5930829048157,0,0.1875,0.1875,0.1875,0.1875,0.1875,0.1875,,,
24.5950829982758,0,0.1875,0.1875,0.1875,0.1875,0.1875,0.1875,,,
24.5970859527588,0,0.1875,0.1875,0.1875,0.1875,0.1875,0.1875,,,
24.5990860462189,0,0.1875,0.1875,0.1875,0.1875,0.1875,0.1875,,,
24.6010890007019,0,0.1875,0.1875,0.1875,0.1875,0.1875,0.1875,,,
24.603089094162,0,0.1875,0.1875,0.1875,0.1875,0.1875,0.1875,,,
24.605092048645,0,0.1875,0.1875,0.1875,0.1875,0.1875,0.1875,,,
24.6070950031281,0,0.1875,0.1875,0.1875,0.1875,0.1875,0.1875,,,
24.6090950965881,0,0.1875,0.1875,0.1875,0.1875,0.1875,0.1875,,,
24.6110980510712,0,0.1875,0.1875,0.1875,0.1875,0.1875,0.1875,,,
24.6130979061127,0,0.1875,0.1875,0.1875,0.1875,0.1875,0.1875,,,
24.6151010990143,0,0.1875,0.1875,0.1875,0.1875,0.1875,0.1875,,,
24.6171009540558,0,0.1875,0.1875,0.1875,0.1875,0.1875,0.1875,,,
24.6191039085388,0,0.1875,0.1875,0.1875,0.1875,0.1875,0.1875,,,
24.6211040019989,0,0.1875,0.1875,0.1875,0.1875,0.1875,0.1875,,,
24.6231069564819,0,0.1875,0.1875,0.1875,0.1875,0.1875,0.1875,,,
24.625109910965,0,0.1875,0.1875,0.1875,0.1875,0.1875,0.1875,,,
24.627110004425,0,0.1875,0.1875,0.1875,0.1875,0.1875,0.1875,,,
24.6291129589081,0,0.1875,0.1875,0.1875,0.1875,0.1875,0.1875,,,
24.6311130523682,0,0.1875,0.1875,0.1875,0.1875,0.1875,0.1875,,,
24.6331160068512,0,0.1875,0.1875,0.1875,0.1875,0.1875,0.1875,,,
24.6351189613342,0,0.1875,0.1875,0.1875,0.1875,0.1875,0.1875,,,
24.6371190547943,0,0.1875,0.1875,0.1875,0.1875,0.1875,0.1875,,,
24.6391220092773,0,0.1875,0.1875,0.1875,0.1875,0.1875,0.1875,,,
24.6411221027374,0,0.1875,0.1875,0.1875,0.1875,0.1875,0.1875,,,
24.6431250572205,0,0.1875,0.1875,0.1875,0.1875,0.1875,0.1875,,,
24.6451258659363,0,0.1875,0.1875,0.1875,0.1875,0.1875,0.1875,,,
24.647127866745,0,0.1875,0.1875,0.1875,0.1875,0.1875,0.1875,,,
24.6491289138794,0,0.1875,0.1875,0.1875,0.1875,0.1875,0.1875,,,
24.6511318683624,0,0.1875,0.1875,0.1875,0.1875,0.1875,0.1875,,,
24.6531338691711,0,0.1875,0.1875,0.1875,0.1875,0.1875,0.1875,,,
24.6551349163055,0,0.1875,0.1875,0.1875,0.1875,0.1875,0.1875,,,
24.6571378707886,0,0.1875,0.1875,0.1875,0.1875,0.1875,0.1875,,,
24.6591379642487,0,0.1875,0.1875,0.1875,0.1875,0.1875,0.1875,,,
24.6611409187317,0,0.1875,0.1875,0.1875,0.1875,0.1875,0.1875,,,
24.6631410121918,0,0.1875,0.1875,0.1875,0.1875,0.1875,0.1875,,,
24.6651439666748,0,0.1875,0.1875,0.1875,0.1875,0.1875,0.1875,,,
24.6671440601349,0,0.1875,0.1875,0.1875,0.1875,0.1875,0.1875,,,
24.6691470146179,0,0.1875,0.1875,0.1875,0.1875,0.1875,0.1875,,,
24.671149969101,0,0.1875,0.1875,0.1875,0.1875,0.1875,0.1875,,,
24.673150062561,0,0.1875,0.1875,0.1875,0.1875,0.1875,0.1875,,,
24.6751530170441,0,0.1875,0.1875,0.1875,0.1875,0.1875,0.1875,,,
24.6771528720856,0,0.1875,0.1875,0.1875,0.1875,0.1875,0.1875,,,
24.6791560649872,0,0.1875,0.1875,0.1875,0.1875,0.1875,0.1875,,,
24.6811559200287,0,0.1875,0.1875,0.1875,0.1875,0.1875,0.1875,,,
24.6831588745117,0,0.1875,0.1875,0.1875,0.1875,0.1875,0.1875,,,
24.6851620674133,0,0.1875,0.1875,0.1875,0.1875,0.1875,0.1875,,,
24.6871619224548,0,0.1875,0.1875,0.1875,0.1875,0.1875,0.1875,,,
24.6891648769379,0,0.1875,0.1875,0.1875,0.1875,0.1875,0.1875,,,
24.6911649703979,0,0.1875,0.1875,0.1875,0.1875,0.1875,0.1875,,,
24.693167924881,0,0.1875,0.1875,0.1875,0.1875,0.1875,0.1875,,,
24.6951680183411,0,0.1875,0.1875,0.1875,0.1875,0.1875,0.1875,,,
24.6971709728241,0,0.1875,0.1875,0.1875,0.1875,0.1875,0.1875,,,
24.6991720199585,0,0.1875,0.1875,0.1875,0.1875,0.1875,0.1875,,,
24.7011740207672,0,0.1875,0.1875,0.1875,0.1875,0.1875,0.1875,,,
24.7031750679016,0,0.1875,0.1875,0.1875,0.1875,0.1875,0.1875,,,
24.7051780223846,0,0.1875,0.1875,0.1875,0.1875,0.1875,0.1875,,,
24.7071800231934,0,0.1875,0.1875,0.1875,0.1875,0.1875,0.1875,,,
24.7091810703278,0,0.1875,0.1875,0.1875,0.1875,0.1875,0.1875,,,
24.7111830711365,0,0.1875,0.1875,0.1875,0.1875,0.1875,0.1875,,,
24.7131838798523,0,0.1875,0.1875,0.1875,0.1875,0.1875,0.1875,,,
24.7151870727539,0,0.1875,0.1875,0.1875,0.1875,0.1875,0.1875,,,
24.7171869277954,0,0.1875,0.1875,0.1875,0.1875,0.1875,0.1875,,,
24.7191898822784,0,0.1875,0.1875,0.1875,0.1875,0.1875,0.1875,,,
24.7211930751801,0,0.1875,0.1875,0.1875,0.1875,0.1875,0.1875,,,
24.7231929302216,0,0.1875,0.1875,0.1875,0.1875,0.1875,0.1875,,,
24.7251958847046,0,0.1875,0.1875,0.1875,0.1875,0.1875,0.1875,,,
24.7271959781647,0,0.1875,0.1875,0.1875,0.1875,0.1875,0.1875,,,
24.7291989326477,0,0.1875,0.1875,0.1875,0.1875,0.1875,0.1875,,,
24.7312009334564,0,0.1875,0.1875,0.1875,0.1875,0.1875,0.1875,,,
24.7332019805908,0,0.1875,0.1875,0.1875,0.1875,0.1875,0.1875,,,
24.7352039813995,0,0.1875,0.1875,0.1875,0.1875,0.1875,0.1875,,,
24.7372050285339,0,0.1875,0.1875,0.1875,0.1875,0.1875,0.1875,,,
24.739207983017,0,0.1875,0.1875,0.1875,0.1875,0.1875,0.1875,,,
24.7412080764771,0,0.1875,0.1875,0.1875,0.1875,0.1875,0.1875,,,
24.7432110309601,0,0.1875,0.1875,0.1875,0.1875,0.1875,0.1875,,,
24.7452139854431,0,0.1875,0.1875,0.1875,0.1875,0.1875,0.1875,,,
24.7472140789032,0,0.1875,0.1875,0.1875,0.1875,0.1875,0.1875,,,
24.7492170333862,0,0.1875,0.1875,0.1875,0.1875,0.1875,0.1875,,,
24.7512168884277,0,0.1875,0.1875,0.1875,0.1875,0.1875,0.1875,,,
24.7532200813293,0,0.1875,0.1875,0.1875,0.1875,0.1875,0.1875,,,
24.7552199363709,0,0.1875,0.1875,0.1875,0.1875,0.1875,0.1875,,,
24.7572228908539,0,0.1875,0.1875,0.1875,0.1875,0.1875,0.1875,,,
24.7592260837555,0,0.1875,0.1875,0.1875,0.1875,0.1875,0.1875,,,
24.761225938797,0,0.1875,0.1875,0.1875,0.1875,0.1875,0.1875,,,
24.76322889328,0,0.1875,0.1875,0.1875,0.1875,0.1875,0.1875,,,
24.7652289867401,0,0.1875,0.1875,0.1875,0.1875,0.1875,0.1875,,,
24.7672319412231,0,0.1875,0.1875,0.1875,0.1875,0.1875,0.1875,,,
24.7692320346832,0,0.1875,0.1875,0.1875,0.1875,0.1875,0.1875,,,
24.7712349891663,0,0.1875,0.1875,0.1875,0.1875,0.1875,0.1875,,,
24.7732379436493,0,0.1875,0.1875,0.1875,0.1875,0.1875,0.1875,,,
24.7752380371094,0,0.1875,0.1875,0.1875,0.1875,0.1875,0.1875,,,
24.7772409915924,0,0.1875,0.1875,0.1875,0.1875,0.1875,0.1875,,,
24.7792439460754,0,0.1875,0.1875,0.1875,0.1875,0.1875,0.1875,,,
24.7812440395355,0,0.1875,0.1875,0.1875,0.1875,0.1875,0.1875,,,
24.7832469940186,0,0.1875,0.1875,0.1875,0.1875,0.1875,0.1875,,,
24.7852470874786,0,0.1875,0.1875,0.1875,0.1875,0.1875,0.1875,,,
24.7872500419617,0,0.1875,0.1875,0.1875,0.1875,0.1875,0.1875,,,
24.7892529964447,0,0.1875,0.1875,0.1875,0.1875,0.1875,0.1875,,,
24.7912540435791,0,0.1875,0.1875,0.1875,0.1875,0.1875,0.1875,,,
24.7932560443878,0,0.1875,0.1875,0.1875,0.1875,0.1875,0.1875,,,
24.7952570915222,0,0.1875,0.1875,0.1875,0.1875,0.1875,0.1875,,,
24.7972590923309,0,0.1875,0.1875,0.1875,0.1875,0.1875,0.1875,,,
24.7992599010468,0,0.1875,0.1875,0.1875,0.1875,0.1875,0.1875,,,
24.8012630939484,0,0.1875,0.1875,0.1875,0.1875,0.1875,0.1875,,,
24.8032629489899,0,0.1875,0.1875,0.1875,0.1875,0.1875,0.1875,,,
24.8052659034729,0,0.1875,0.1875,0.1875,0.1875,0.1875,0.1875,,,
24.8072679042816,0,0.1875,0.1875,0.1875,0.1875,0.1875,0.1875,,,
24.809268951416,0,0.1875,0.1875,0.1875,0.1875,0.1875,0.1875,,,
24.811271905899,0,0.1875,0.1875,0.1875,0.1875,0.1875,0.1875,,,
24.8132719993591,0,0.1875,0.1875,0.1875,0.1875,0.1875,0.1875,,,
24.8152749538422,0,0.1875,0.1875,0.1875,0.1875,0.1875,0.1875,,,
24.8172750473022,0,0.1875,0.1875,0.1875,0.1875,0.1875,0.1875,,,
24.8192780017853,0,0.1875,0.1875,0.1875,0.1875,0.1875,0.1875,,,
24.8212780952454,0,0.1875,0.1875,0.1875,0.1875,0.1875,0.1875,,,
24.8232810497284,0,0.1875,0.1875,0.1875,0.1875,0.1875,0.1875,,,
24.8252809047699,0,0.1875,0.1875,0.1875,0.1875,0.1875,0.1875,,,
24.8272840976715,0,0.1875,0.1875,0.1875,0.1875,0.1875,0.1875,,,
24.8292849063873,0,0.1875,0.1875,0.1875,0.1875,0.1875,0.1875,,,
24.831286907196,0,0.1875,0.1875,0.1875,0.1875,0.1875,0.1875,,,
24.8332879543304,0,0.1875,0.1875,0.1875,0.1875,0.1875,0.1875,,,
24.8352909088135,0,0.1875,0.1875,0.1875,0.1875,0.1875,0.1875,,,
24.8372929096222,0,0.1875,0.1875,0.1875,0.1875,0.1875,0.1875,,,
24.8392939567566,0,0.1875,0.1875,0.1875,0.1875,0.1875,0.1875,,,
24.8412959575653,0,0.1875,0.1875,0.1875,0.1875,0.1875,0.1875,,,
24.8432970046997,0,0.1875,0.1875,0.1875,0.1875,0.1875,0.1875,,,
24.8452990055084,0,0.1875,0.1875,0.1875,0.1875,0.1875,0.1875,,,
24.8473000526428,0,0.1875,0.1875,0.1875,0.1875,0.1875,0.1875,,,
24.8493030071259,0,0.1875,0.1875,0.1875,0.1875,0.1875,0.1875,,,
24.8513031005859,0,0.1875,0.1875,0.1875,0.1875,0.1875,0.1875,,,
24.853306055069,0,0.1875,0.1875,0.1875,0.1875,0.1875,0.1875,,,
24.855309009552,0,0.1875,0.1875,0.1875,0.1875,0.1875,0.1875,,,
24.8573091030121,0,0.1875,0.1875,0.1875,0.1875,0.1875,0.1875,,,
24.8593120574951,0,0.1875,0.1875,0.1875,0.1875,0.1875,0.1875,,,
24.8613119125366,0,0.1875,0.1875,0.1875,0.1875,0.1875,0.1875,,,
24.8633148670197,0,0.1875,0.1875,0.1875,0.1875,0.1875,0.1875,,,
24.8653149604797,0,0.1875,0.1875,0.1875,0.1875,0.1875,0.1875,,,
24.8673179149628,0,0.1875,0.1875,0.1875,0.1875,0.1875,0.1875,,,
24.8693208694458,0,0.1875,0.1875,0.1875,0.1875,0.1875,0.1875,,,
24.8713209629059,0,0.1875,0.1875,0.1875,0.1875,0.1875,0.1875,,,
24.8733239173889,0,0.1875,0.1875,0.1875,0.1875,0.1875,0.1875,,,
24.875324010849,0,0.1875,0.1875,0.1875,0.1875,0.1875,0.1875,,,
24.877326965332,0,0.1875,0.1875,0.1875,0.1875,0.1875,0.1875,,,
24.8793270587921,0,0.1875,0.1875,0.1875,0.1875,0.1875,0.1875,,,
24.8813300132751,0,0.1875,0.1875,0.1875,0.1875,0.1875,0.1875,,,
24.8833329677582,0,0.1875,0.1875,0.1875,0.1875,0.1875,0.1875,,,
24.8853330612183,0,0.1875,0.1875,0.1875,0.1875,0.1875,0.1875,,,
24.8873360157013,0,0.1875,0.1875,0.1875,0.1875,0.1875,0.1875,,,
24.8893358707428,0,0.1875,0.1875,0.1875,0.1875,0.1875,0.1875,,,
24.8913390636444,0,0.1875,0.1875,0.1875,0.1875,0.1875,0.1875,,,
24.8933420181274,0,0.1875,0.1875,0.1875,0.1875,0.1875,0.1875,,,
24.8953418731689,0,0.1875,0.1875,0.1875,0.1875,0.1875,0.1875,,,
24.8973450660706,0,0.1875,0.1875,0.1875,0.1875,0.1875,0.1875,,,
24.8993449211121,0,0.1875,0.1875,0.1875,0.1875,0.1875,0.1875,,,
24.9013478755951,0,0.1875,0.1875,0.1875,0.1875,0.1875,0.1875,,,
24.9033479690552,0,0.1875,0.1875,0.1875,0.1875,0.1875,0.1875,,,
24.9053509235382,0,0.1875,0.1875,0.1875,0.1875,0.1875,0.1875,,,
24.9073538780212,0,0.1875,0.1875,0.1875,0.1875,0.1875,0.1875,,,
24.9093539714813,0,0.1875,0.1875,0.1875,0.1875,0.1875,0.1875,,,
24.9113569259644,0,0.1875,0.1875,0.1875,0.1875,0.1875,0.1875,,,
24.9133579730988,0,0.1875,0.1875,0.1875,0.1875,0.1875,0.1875,,,
24.9153599739075,0,0.1875,0.1875,0.1875,0.1875,0.1875,0.1875,,,
24.9173610210419,0,0.1875,0.1875,0.1875,0.1875,0.1875,0.1875,,,
24.9193630218506,0,0.1875,0.1875,0.1875,0.1875,0.1875,0.1875,,,
24.9213659763336,0,0.1875,0.1875,0.1875,0.1875,0.1875,0.1875,,,
24.9233660697937,0,0.1875,0.1875,0.1875,0.1875,0.1875,0.1875,,,
24.9253690242767,0,0.1875,0.1875,0.1875,0.1875,0.1875,0.1875,,,
24.9273700714111,0,0.1875,0.1875,0.1875,0.1875,0.1875,0.1875,,,
24.9293720722198,0,0.1875,0.1875,0.1875,0.1875,0.1875,0.1875,,,
24.9313728809357,0,0.1875,0.1875,0.1875,0.1875,0.1875,0.1875,,,
24.9333760738373,0,0.1875,0.1875,0.1875,0.1875,0.1875,0.1875,,,
24.9353759288788,0,0.1875,0.1875,0.1875,0.1875,0.1875,0.1875,,,
24.9373788833618,0,0.1875,0.1875,0.1875,0.1875,0.1875,0.1875,,,
24.9393808841705,0,0.1875,0.1875,0.1875,0.1875,0.1875,0.1875,,,
24.9413819313049,0,0.1875,0.1875,0.1875,0.1875,0.1875,0.1875,,,
24.943384885788,0,0.1875,0.1875,0.1875,0.1875,0.1875,0.1875,,,
24.945384979248,0,0.1875,0.1875,0.1875,0.1875,0.1875,0.1875,,,
24.9473879337311,0,0.1875,0.1875,0.1875,0.1875,0.1875,0.1875,,,
24.9493880271912,0,0.1875,0.1875,0.1875,0.1875,0.1875,0.1875,,,
24.9513909816742,0,0.1875,0.1875,0.1875,0.1875,0.1875,0.1875,,,
24.9533910751343,0,0.1875,0.1875,0.1875,0.1875,0.1875,0.1875,,,
24.9553940296173,0,0.1875,0.1875,0.1875,0.1875,0.1875,0.1875,,,
24.9573969841003,0,0.1875,0.1875,0.1875,0.1875,0.1875,0.1875,,,
24.9593970775604,0,0.1875,0.1875,0.1875,0.1875,0.1875,0.1875,,,
24.9614000320435,0,0.1875,0.1875,0.1875,0.1875,0.1875,0.1875,,,
24.963399887085,0,0.1875,0.1875,0.1875,0.1875,0.1875,0.1875,,,
24.9654030799866,0,0.1875,0.1875,0.1875,0.1875,0.1875,0.1875,,,
24.9674029350281,0,0.1875,0.1875,0.1875,0.1875,0.1875,0.1875,,,
24.9694058895111,0,0.1875,0.1875,0.1875,0.1875,0.1875,0.1875,,,
24.9714059829712,0,0.1875,0.1875,0.1875,0.1875,0.1875,0.1875,,,
24.9734089374542,0,0.1875,0.1875,0.1875,0.1875,0.1875,0.1875,,,
24.9754090309143,0,0.1875,0.1875,0.1875,0.1875,0.1875,0.1875,,,
24.9774119853973,0,0.1875,0.1875,0.1875,0.1875,0.1875,0.1875,,,
24.9794149398804,0,0.1875,0.1875,0.1875,0.1875,0.1875,0.1875,,,
24.9814150333405,0,0.1875,0.1875,0.1875,0.1875,0.1875,0.1875,,,
24.9834179878235,0,0.1875,0.1875,0.1875,0.1875,0.1875,0.1875,,,
24.9854180812836,0,0.1875,0.1875,0.1875,0.1875,0.1875,0.1875,,,
24.9874210357666,0,0.1875,0.1875,0.1875,0.1875,0.1875,0.1875,,,
24.9894208908081,0,0.1875,0.1875,0.1875,0.1875,0.1875,0.1875,,,
24.9914240837097,0,0.1875,0.1875,0.1875,0.1875,0.1875,0.1875,,,
24.9934270381927,0,0.1875,0.1875,0.1875,0.1875,0.1875,0.1875,,,
24.9954280853271,0,0.1875,0.1875,0.1875,0.1875,0.1875,0.1875,,,
24.9974300861359,0,0.1875,0.1875,0.1875,0.1875,0.1875,0.1875,,,
24.9994308948517,0,0.1875,0.1875,0.1875,0.1875,0.1875,0.1875,,,
25.0014340877533,0,0.1875,0.1875,0.1875,0.1875,0.1875,0.1875,,,
25.0034339427948,0,0.1875,0.1875,0.1875,0.1875,0.1875,0.1875,,,
25.0054368972778,0,0.1875,0.1875,0.1875,0.1875,0.1875,0.1875,,,
25.0074400901794,0,0.1875,0.1875,0.1875,0.1875,0.1875,0.1875,,,
25.0094399452209,0,0.1875,0.1875,0.1875,0.1875,0.1875,0.1875,,,
25.011442899704,0,0.1875,0.1875,0.1875,0.1875,0.1875,0.1875,,,
25.0134429931641,0,0.1875,0.1875,0.1875,0.1875,0.1875,0.1875,,,
25.0154459476471,0,0.1875,0.1875,0.1875,0.1875,0.1875,0.1875,,,
25.0174460411072,0,0.1875,0.1875,0.1875,0.1875,0.1875,0.1875,,,
25.0194489955902,0,0.1875,0.1875,0.1875,0.1875,0.1875,0.1875,,,
25.0214490890503,0,0.1875,0.1875,0.1875,0.1875,0.1875,0.1875,,,
25.0234520435333,0,0.1875,0.1875,0.1875,0.1875,0.1875,0.1875,,,
25.0254549980164,0,0.1875,0.1875,0.1875,0.1875,0.1875,0.1875,,,
25.0274550914764,0,0.1875,0.1875,0.1875,0.1875,0.1875,0.1875,,,
25.0294580459595,0,0.1875,0.1875,0.1875,0.1875,0.1875,0.1875,,,
25.0314590930939,0,0.1875,0.1875,0.1875,0.1875,0.1875,0.1875,,,
25.0334610939026,0,0.1875,0.1875,0.1875,0.1875,0.1875,0.1875,,,
25.0354619026184,0,0.1875,0.1875,0.1875,0.1875,0.1875,0.1875,,,
25.0374639034271,0,0.1875,0.1875,0.1875,0.1875,0.1875,0.1875,,,
25.0394649505615,0,0.1875,0.1875,0.1875,0.1875,0.1875,0.1875,,,
25.0414679050446,0,0.1875,0.1875,0.1875,0.1875,0.1875,0.1875,,,
25.0434699058533,0,0.1875,0.1875,0.1875,0.1875,0.1875,0.1875,,,
25.0454709529877,0,0.1875,0.1875,0.1875,0.1875,0.1875,0.1875,,,
25.0474739074707,0,0.1875,0.1875,0.1875,0.1875,0.1875,0.1875,,,
25.0494740009308,0,0.1875,0.1875,0.1875,0.1875,0.1875,0.1875,,,
25.0514769554138,0,0.1875,0.1875,0.1875,0.1875,0.1875,0.1875,,,
25.0534770488739,0,0.1875,0.1875,0.1875,0.1875,0.1875,0.1875,,,
25.0554800033569,0,0.1875,0.1875,0.1875,0.1875,0.1875,0.1875,,,
25.057480096817,0,0.1875,0.1875,0.1875,0.1875,0.1875,0.1875,,,
25.0594830513,0,0.1875,0.1875,0.1875,0.1875,0.1875,0.1875,,,
25.0614860057831,0,0.1875,0.1875,0.1875,0.1875,0.1875,0.1875,,,
25.0634860992432,0,0.1875,0.1875,0.1875,0.1875,0.1875,0.1875,,,
25.0654890537262,0,0.1875,0.1875,0.1875,0.1875,0.1875,0.1875,,,
25.0674889087677,0,0.1875,0.1875,0.1875,0.1875,0.1875,0.1875,,,
25.0694921016693,0,0.1875,0.1875,0.1875,0.1875,0.1875,0.1875,,,
25.0714919567108,0,0.1875,0.1875,0.1875,0.1875,0.1875,0.1875,,,
25.0734949111938,0,0.1875,0.1875,0.1875,0.1875,0.1875,0.1875,,,
25.075464963913,0,0.1875,0.1875,0.1875,0.1875,0.1875,0.1875,,,
25.077467918396,0,0.1875,0.1875,0.1875,0.1875,0.1875,0.1875,,,
25.0794680118561,0,0.1875,0.1875,0.1875,0.1875,0.1875,0.1875,,,
25.0814709663391,0,0.1875,0.1875,0.1875,0.1875,0.1875,0.1875,,,
25.0834720134735,0,0.1875,0.1875,0.1875,0.1875,0.1875,0.1875,,,
25.0854749679565,0,0.1875,0.1875,0.1875,0.1875,0.1875,0.1875,,,
25.0874769687653,0,0.1875,0.1875,0.1875,0.1875,0.1875,0.1875,,,
25.0894780158997,0,0.1875,0.1875,0.1875,0.1875,0.1875,0.1875,,,
25.0914809703827,0,0.1875,0.1875,0.1875,0.1875,0.1875,0.1875,,,
25.0934810638428,0,0.1875,0.1875,0.1875,0.1875,0.1875,0.1875,,,
25.0954840183258,0,0.1875,0.1875,0.1875,0.1875,0.1875,0.1875,,,
25.0974838733673,0,0.1875,0.1875,0.1875,0.1875,0.1875,0.1875,,,
25.0994870662689,0,0.1875,0.1875,0.1875,0.1875,0.1875,0.1875,,,
25.101490020752,0,0.1875,0.1875,0.1875,0.1875,0.1875,0.1875,,,
25.1034898757935,0,0.1875,0.1875,0.1875,0.1875,0.1875,0.1875,,,
25.1054930686951,0,0.1875,0.1875,0.1875,0.1875,0.1875,0.1875,,,
25.1074929237366,0,0.1875,0.1875,0.1875,0.1875,0.1875,0.1875,,,
25.1094958782196,0,0.1875,0.1875,0.1875,0.1875,0.1875,0.1875,,,
25.111496925354,0,0.1875,0.1875,0.1875,0.1875,0.1875,0.1875,,,
25.1134989261627,0,0.1875,0.1875,0.1875,0.1875,0.1875,0.1875,,,
25.1154999732971,0,0.1875,0.1875,0.1875,0.1875,0.1875,0.1875,,,
25.1175019741058,0,0.1875,0.1875,0.1875,0.1875,0.1875,0.1875,,,
25.1195049285889,0,0.1875,0.1875,0.1875,0.1875,0.1875,0.1875,,,
25.121505022049,0,0.1875,0.1875,0.1875,0.1875,0.1875,0.1875,,,
25.123507976532,0,0.1875,0.1875,0.1875,0.1875,0.1875,0.1875,,,
25.1255090236664,0,0.1875,0.1875,0.1875,0.1875,0.1875,0.1875,,,
25.1275110244751,0,0.1875,0.1875,0.1875,0.1875,0.1875,0.1875,,,
25.1295120716095,0,0.1875,0.1875,0.1875,0.1875,0.1875,0.1875,,,
25.1315140724182,0,0.1875,0.1875,0.1875,0.1875,0.1875,0.1875,,,
25.1335170269012,0,0.1875,0.1875,0.1875,0.1875,0.1875,0.1875,,,
25.1355168819427,0,0.1875,0.1875,0.1875,0.1875,0.1875,0.1875,,,
25.1375200748444,0,0.1875,0.1875,0.1875,0.1875,0.1875,0.1875,,,
25.1395208835602,0,0.1875,0.1875,0.1875,0.1875,0.1875,0.1875,,,
25.1415228843689,0,0.1875,0.1875,0.1875,0.1875,0.1875,0.1875,,,
25.1435260772705,0,0.1875,0.1875,0.1875,0.1875,0.1875,0.1875,,,
25.1455268859863,0,0.1875,0.1875,0.1875,0.1875,0.1875,0.1875,,,
25.1475300788879,0,0.1875,0.1875,0.1875,0.1875,0.1875,0.1875,,,
25.1495299339294,0,0.1875,0.1875,0.1875,0.1875,0.1875,0.1875,,,
25.1515328884125,0,0.1875,0.1875,0.1875,0.1875,0.1875,0.1875,,,
25.1535348892212,0,0.1875,0.1875,0.1875,0.1875,0.1875,0.1875,,,
25.1555349826813,0,0.1875,0.1875,0.1875,0.1875,0.1875,0.1875,,,
25.15753698349,0,0.1875,0.1875,0.1875,0.1875,0.1875,0.1875,,,
25.159539937973,0,0.1875,0.1875,0.1875,0.1875,0.1875,0.1875,,,
25.1615409851074,0,0.1875,0.1875,0.1875,0.1875,0.1875,0.1875,,,
25.1635439395905,0,0.1875,0.1875,0.1875,0.1875,0.1875,0.1875,,,
25.1655440330505,0,0.1875,0.1875,0.1875,0.1875,0.1875,0.1875,,,
25.1675469875336,0,0.1875,0.1875,0.1875,0.1875,0.1875,0.1875,,,
25.169548034668,0,0.1875,0.1875,0.1875,0.1875,0.1875,0.1875,,,
25.1715500354767,0,0.1875,0.1875,0.1875,0.1875,0.1875,0.1875,,,
25.1735510826111,0,0.1875,0.1875,0.1875,0.1875,0.1875,0.1875,,,
25.1755540370941,0,0.1875,0.1875,0.1875,0.1875,0.1875,0.1875,,,
25.1775538921356,0,0.1875,0.1875,0.1875,0.1875,0.1875,0.1875,,,
25.1795570850372,0,0.1875,0.1875,0.1875,0.1875,0.1875,0.1875,,,
25.1815569400787,0,0.1875,0.1875,0.1875,0.1875,0.1875,0.1875,,,
25.1835598945618,0,0.1875,0.1875,0.1875,0.1875,0.1875,0.1875,,,
25.1855609416962,0,0.1875,0.1875,0.1875,0.1875,0.1875,0.1875,,,
25.1875638961792,0,0.1875,0.1875,0.1875,0.1875,0.1875,0.1875,,,
25.1895639896393,0,0.1875,0.1875,0.1875,0.1875,0.1875,0.1875,,,
25.1915669441223,0,0.1875,0.1875,0.1875,0.1875,0.1875,0.1875,,,
25.1935670375824,0,0.1875,0.1875,0.1875,0.1875,0.1875,0.1875,,,
25.1955699920654,0,0.1875,0.1875,0.1875,0.1875,0.1875,0.1875,,,
25.1975729465485,0,0.1875,0.1875,0.1875,0.1875,0.1875,0.1875,,,
25.1995739936829,0,0.1875,0.1875,0.1875,0.1875,0.1875,0.1875,,,
25.2015740871429,0,0.1875,0.1875,0.1875,0.1875,0.1875,0.1875,,,
25.203577041626,0,0.1875,0.1875,0.1875,0.1875,0.1875,0.1875,,,
25.205579996109,0,0.1875,0.1875,0.1875,0.1875,0.1875,0.1875,,,
25.2075800895691,0,0.1875,0.1875,0.1875,0.1875,0.1875,0.1875,,,
25.2095830440521,0,0.1875,0.1875,0.1875,0.1875,0.1875,0.1875,,,
25.2115828990936,0,0.1875,0.1875,0.1875,0.1875,0.1875,0.1875,,,
25.2135860919952,0,0.1875,0.1875,0.1875,0.1875,0.1875,0.1875,,,
25.2155859470367,0,0.1875,0.1875,0.1875,0.1875,0.1875,0.1875,,,
25.2175889015198,0,0.1875,0.1875,0.1875,0.1875,0.1875,0.1875,,,
25.2195909023285,0,0.1875,0.1875,0.1875,0.1875,0.1875,0.1875,,,
25.2215940952301,0,0.1875,0.1875,0.1875,0.1875,0.1875,0.1875,,,
25.2235939502716,0,0.1875,0.1875,0.1875,0.1875,0.1875,0.1875,,,
25.2255969047546,0,0.1875,0.1875,0.1875,0.1875,0.1875,0.1875,,,
25.2275969982147,0,0.1875,0.1875,0.1875,0.1875,0.1875,0.1875,,,
25.2295989990234,0,0.1875,0.1875,0.1875,0.1875,0.1875,0.1875,,,
25.2316019535065,0,0.1875,0.1875,0.1875,0.1875,0.1875,0.1875,,,
25.2336030006409,0,0.1875,0.1875,0.1875,0.1875,0.1875,0.1875,,,
25.2356050014496,0,0.1875,0.1875,0.1875,0.1875,0.1875,0.1875,,,
25.237606048584,0,0.1875,0.1875,0.1875,0.1875,0.1875,0.1875,,,
25.2396080493927,0,0.1875,0.1875,0.1875,0.1875,0.1875,0.1875,,,
25.2416110038757,0,0.1875,0.1875,0.1875,0.1875,0.1875,0.1875,,,
25.2436110973358,0,0.1875,0.1875,0.1875,0.1875,0.1875,0.1875,,,
25.2456130981445,0,0.1875,0.1875,0.1875,0.1875,0.1875,0.1875,,,
25.2476139068604,0,0.1875,0.1875,0.1875,0.1875,0.1875,0.1875,,,
25.2496159076691,0,0.1875,0.1875,0.1875,0.1875,0.1875,0.1875,,,
25.2516191005707,0,0.1875,0.1875,0.1875,0.1875,0.1875,0.1875,,,
25.2536189556122,0,0.1875,0.1875,0.1875,0.1875,0.1875,0.1875,,,
25.2556219100952,0,0.1875,0.1875,0.1875,0.1875,0.1875,0.1875,,,
25.2576239109039,0,0.1875,0.1875,0.1875,0.1875,0.1875,0.1875,,,
25.2596249580383,0,0.1875,0.1875,0.1875,0.1875,0.1875,0.1875,,,
25.261626958847,0,0.1875,0.1875,0.1875,0.1875,0.1875,0.1875,,,
25.2636270523071,0,0.1875,0.1875,0.1875,0.1875,0.1875,0.1875,,,
25.2656300067902,0,0.1875,0.1875,0.1875,0.1875,0.1875,0.1875,,,
25.2676329612732,0,0.1875,0.1875,0.1875,0.1875,0.1875,0.1875,,,
25.2696330547333,0,0.1875,0.1875,0.1875,0.1875,0.1875,0.1875,,,
25.2716360092163,0,0.1875,0.1875,0.1875,0.1875,0.1875,0.1875,,,
25.2736361026764,0,0.1875,0.1875,0.1875,0.1875,0.1875,0.1875,,,
25.2756378650665,0,0.1875,0.1875,0.1875,0.1875,0.1875,0.1875,,,
25.2776410579681,0,0.1875,0.1875,0.1875,0.1875,0.1875,0.1875,,,
25.2796409130096,0,0.1875,0.1875,0.1875,0.1875,0.1875,0.1875,,,
25.2816438674927,0,0.1875,0.1875,0.1875,0.1875,0.1875,0.1875,,,
25.2836439609528,0,0.1875,0.1875,0.1875,0.1875,0.1875,0.1875,,,
25.2856469154358,0,0.1875,0.1875,0.1875,0.1875,0.1875,0.1875,,,
25.2876498699188,0,0.1875,0.1875,0.1875,0.1875,0.1875,0.1875,,,
25.2896499633789,0,0.1875,0.1875,0.1875,0.1875,0.1875,0.1875,,,
25.2916519641876,0,0.1875,0.1875,0.1875,0.1875,0.1875,0.1875,,,
25.293653011322,0,0.1875,0.1875,0.1875,0.1875,0.1875,0.1875,,,
25.2956550121307,0,0.1875,0.1875,0.1875,0.1875,0.1875,0.1875,,,
25.2976579666138,0,0.1875,0.1875,0.1875,0.1875,0.1875,0.1875,,,
25.2996580600739,0,0.1875,0.1875,0.1875,0.1875,0.1875,0.1875,,,
25.3016600608826,0,0.1875,0.1875,0.1875,0.1875,0.1875,0.1875,,,
25.3036608695984,0,0.1875,0.1875,0.1875,0.1875,0.1875,0.1875,,,
25.3056628704071,0,0.1875,0.1875,0.1875,0.1875,0.1875,0.1875,,,
25.3076629638672,0,0.1875,0.1875,0.1875,0.1875,0.1875,0.1875,,,
25.3096659183502,0,0.1875,0.1875,0.1875,0.1875,0.1875,0.1875,,,
25.3116669654846,0,0.1875,0.1875,0.1875,0.1875,0.1875,0.1875,,,
25.3136739730835,0,0.1875,0.1875,0.1875,0.1875,0.1875,0.1875,,,
25.3156750202179,0,0.1875,0.1875,0.1875,0.1875,0.1875,0.1875,,,
25.3176770210266,0,0.1875,0.1875,0.1875,0.1875,0.1875,0.1875,,,
25.319678068161,0,0.1875,0.1875,0.1875,0.1875,0.1875,0.1875,,,
25.3216779232025,0,0.1875,0.1875,0.1875,0.1875,0.1875,0.1875,,,
25.3236780166626,0,0.1875,0.1875,0.1875,0.1875,0.1875,0.1875,,,
25.325679063797,0,0.1875,0.1875,0.1875,0.1875,0.1875,0.1875,,,
25.3276810646057,0,0.1875,0.1875,0.1875,0.1875,0.1875,0.1875,,,
25.3296818733215,0,0.1875,0.1875,0.1875,0.1875,0.1875,0.1875,,,
25.3316838741302,0,0.1875,0.1875,0.1875,0.1875,0.1875,0.1875,,,
25.3336849212646,0,0.1875,0.1875,0.1875,0.1875,0.1875,0.1875,,,
25.3356869220734,0,0.1875,0.1875,0.1875,0.1875,0.1875,0.1875,,,
25.3376898765564,0,0.1875,0.1875,0.1875,0.1875,0.1875,0.1875,,,
25.3396909236908,0,0.1875,0.1875,0.1875,0.1875,0.1875,0.1875,,,
25.3416929244995,0,0.1875,0.1875,0.1875,0.1875,0.1875,0.1875,,,
25.3436939716339,0,0.1875,0.1875,0.1875,0.1875,0.1875,0.1875,,,
25.3456969261169,0,0.1875,0.1875,0.1875,0.1875,0.1875,0.1875,,,
25.347697019577,0,0.1875,0.1875,0.1875,0.1875,0.1875,0.1875,,,
25.3496999740601,0,0.1875,0.1875,0.1875,0.1875,0.1875,0.1875,,,
25.3517000675201,0,0.1875,0.1875,0.1875,0.1875,0.1875,0.1875,,,
25.3537030220032,0,0.1875,0.1875,0.1875,0.1875,0.1875,0.1875,,,
25.3557028770447,0,0.1875,0.1875,0.1875,0.1875,0.1875,0.1875,,,
25.3577060699463,0,0.1875,0.1875,0.1875,0.1875,0.1875,0.1875,,,
25.3597090244293,0,0.1875,0.1875,0.1875,0.1875,0.1875,0.1875,,,
25.3617088794708,0,0.1875,0.1875,0.1875,0.1875,0.1875,0.1875,,,
25.3637120723724,0,0.1875,0.1875,0.1875,0.1875,0.1875,0.1875,,,
25.3657119274139,0,0.1875,0.1875,0.1875,0.1875,0.1875,0.1875,,,
25.367714881897,0,0.1875,0.1875,0.1875,0.1875,0.1875,0.1875,,,
25.3697149753571,0,0.1875,0.1875,0.1875,0.1875,0.1875,0.1875,,,
25.3717179298401,0,0.1875,0.1875,0.1875,0.1875,0.1875,0.1875,,,
25.3737180233002,0,0.1875,0.1875,0.1875,0.1875,0.1875,0.1875,,,
25.3757209777832,0,0.1875,0.1875,0.1875,0.1875,0.1875,0.1875,,,
25.3777210712433,0,0.1875,0.1875,0.1875,0.1875,0.1875,0.1875,,,
25.3797240257263,0,0.1875,0.1875,0.1875,0.1875,0.1875,0.1875,,,
25.3817269802094,0,0.1875,0.1875,0.1875,0.1875,0.1875,0.1875,,,
25.3837270736694,0,0.1875,0.1875,0.1875,0.1875,0.1875,0.1875,,,
25.3857300281525,0,0.1875,0.1875,0.1875,0.1875,0.1875,0.1875,,,
25.387729883194,0,0.1875,0.1875,0.1875,0.1875,0.1875,0.1875,,,
25.3897330760956,0,0.1875,0.1875,0.1875,0.1875,0.1875,0.1875,,,
25.3917329311371,0,0.1875,0.1875,0.1875,0.1875,0.1875,0.1875,,,
25.3937358856201,0,0.1875,0.1875,0.1875,0.1875,0.1875,0.1875,,,
25.3957359790802,0,0.1875,0.1875,0.1875,0.1875,0.1875,0.1875,,,
25.3977389335632,0,0.1875,0.1875,0.1875,0.1875,0.1875,0.1875,,,
25.3997390270233,0,0.1875,0.1875,0.1875,0.1875,0.1875,0.1875,,,
25.4017419815063,0,0.1875,0.1875,0.1875,0.1875,0.1875,0.1875,,,
25.4037449359894,0,0.1875,0.1875,0.1875,0.1875,0.1875,0.1875,,,
25.4057450294495,0,0.1875,0.1875,0.1875,0.1875,0.1875,0.1875,,,
25.4077479839325,0,0.1875,0.1875,0.1875,0.1875,0.1875,0.1875,,,
25.4097480773926,0,0.1875,0.1875,0.1875,0.1875,0.1875,0.1875,,,
25.4117510318756,0,0.1875,0.1875,0.1875,0.1875,0.1875,0.1875,,,
25.4137508869171,0,0.1875,0.1875,0.1875,0.1875,0.1875,0.1875,,,
25.4157540798187,0,0.1875,0.1875,0.1875,0.1875,0.1875,0.1875,,,
25.4177548885345,0,0.1875,0.1875,0.1875,0.1875,0.1875,0.1875,,,
25.4197580814362,0,0.1875,0.1875,0.1875,0.1875,0.1875,0.1875,,,
25.4217579364777,0,0.1875,0.1875,0.1875,0.1875,0.1875,0.1875,,,
25.4237608909607,0,0.1875,0.1875,0.1875,0.1875,0.1875,0.1875,,,
25.4257609844208,0,0.1875,0.1875,0.1875,0.1875,0.1875,0.1875,,,
25.4277639389038,0,0.1875,0.1875,0.1875,0.1875,0.1875,0.1875,,,
25.4297640323639,0,0.1875,0.1875,0.1875,0.1875,0.1875,0.1875,,,
25.4317669868469,0,0.1875,0.1875,0.1875,0.1875,0.1875,0.1875,,,
25.433767080307,0,0.1875,0.1875,0.1875,0.1875,0.1875,0.1875,,,
25.43577003479,0,0.1875,0.1875,0.1875,0.1875,0.1875,0.1875,,,
25.4377698898315,0,0.1875,0.1875,0.1875,0.1875,0.1875,0.1875,,,
25.4397730827332,0,0.1875,0.1875,0.1875,0.1875,0.1875,0.1875,,,
25.441773891449,0,0.1875,0.1875,0.1875,0.1875,0.1875,0.1875,,,
25.4437758922577,0,0.1875,0.1875,0.1875,0.1875,0.1875,0.1875,,,
25.4457790851593,0,0.1875,0.1875,0.1875,0.1875,0.1875,0.1875,,,
25.4477789402008,0,0.1875,0.1875,0.1875,0.1875,0.1875,0.1875,,,
25.4497818946838,0,0.1875,0.1875,0.1875,0.1875,0.1875,0.1875,,,
25.4517819881439,0,0.1875,0.1875,0.1875,0.1875,0.1875,0.1875,,,
25.453784942627,0,0.1875,0.1875,0.1875,0.1875,0.1875,0.1875,,,
25.455785036087,0,0.1875,0.1875,0.1875,0.1875,0.1875,0.1875,,,
25.4577879905701,0,0.1875,0.1875,0.1875,0.1875,0.1875,0.1875,,,
25.4597890377045,0,0.1875,0.1875,0.1875,0.1875,0.1875,0.1875,,,
25.4617910385132,0,0.1875,0.1875,0.1875,0.1875,0.1875,0.1875,,,
25.4637920856476,0,0.1875,0.1875,0.1875,0.1875,0.1875,0.1875,,,
25.4657950401306,0,0.1875,0.1875,0.1875,0.1875,0.1875,0.1875,,,
25.4677948951721,0,0.1875,0.1875,0.1875,0.1875,0.1875,0.1875,,,
25.4697980880737,0,0.1875,0.1875,0.1875,0.1875,0.1875,0.1875,,,
25.4717979431152,0,0.1875,0.1875,0.1875,0.1875,0.1875,0.1875,,,
25.4738008975983,0,0.1875,0.1875,0.1875,0.1875,0.1875,0.1875,,,
25.4758019447327,0,0.1875,0.1875,0.1875,0.1875,0.1875,0.1875,,,
25.4778039455414,0,0.1875,0.1875,0.1875,0.1875,0.1875,0.1875,,,
25.4798069000244,0,0.1875,0.1875,0.1875,0.1875,0.1875,0.1875,,,
25.4818069934845,0,0.1875,0.1875,0.1875,0.1875,0.1875,0.1875,,,
25.4838099479675,0,0.1875,0.1875,0.1875,0.1875,0.1875,0.1875,,,
25.4858109951019,0,0.1875,0.1875,0.1875,0.1875,0.1875,0.1875,,,
25.4878129959106,0,0.1875,0.1875,0.1875,0.1875,0.1875,0.1875,,,
25.489814043045,0,0.1875,0.1875,0.1875,0.1875,0.1875,0.1875,,,
25.4918169975281,0,0.1875,0.1875,0.1875,0.1875,0.1875,0.1875,,,
25.4938170909882,0,0.1875,0.1875,0.1875,0.1875,0.1875,0.1875,,,
25.4958200454712,0,0.1875,0.1875,0.1875,0.1875,0.1875,0.1875,,,
25.4978199005127,0,0.1875,0.1875,0.1875,0.1875,0.1875,0.1875,,,
25.4998230934143,0,0.1875,0.1875,0.1875,0.1875,0.1875,0.1875,,,
25.5018229484558,0,0.1875,0.1875,0.1875,0.1875,0.1875,0.1875,,,
25.5038259029388,0,0.1875,0.1875,0.1875,0.1875,0.1875,0.1875,,,
25.5058259963989,0,0.1875,0.1875,0.1875,0.1875,0.1875,0.1875,,,
25.507828950882,0,0.1875,0.1875,0.1875,0.1875,0.1875,0.1875,,,
25.509829044342,0,0.1875,0.1875,0.1875,0.1875,0.1875,0.1875,,,
25.5118319988251,0,0.1875,0.1875,0.1875,0.1875,0.1875,0.1875,,,
25.5138330459595,0,0.1875,0.1875,0.1875,0.1875,0.1875,0.1875,,,
25.5158350467682,0,0.1875,0.1875,0.1875,0.1875,0.1875,0.1875,,,
25.5178360939026,0,0.1875,0.1875,0.1875,0.1875,0.1875,0.1875,,,
25.5198390483856,0,0.1875,0.1875,0.1875,0.1875,0.1875,0.1875,,,
25.5218389034271,0,0.1875,0.1875,0.1875,0.1875,0.1875,0.1875,,,
25.5238420963287,0,0.1875,0.1875,0.1875,0.1875,0.1875,0.1875,,,
25.5258419513702,0,0.1875,0.1875,0.1875,0.1875,0.1875,0.1875,,,
25.5278449058533,0,0.1875,0.1875,0.1875,0.1875,0.1875,0.1875,,,
25.5298480987549,0,0.1875,0.1875,0.1875,0.1875,0.1875,0.1875,,,
25.5318479537964,0,0.1875,0.1875,0.1875,0.1875,0.1875,0.1875,,,
25.5338509082794,0,0.1875,0.1875,0.1875,0.1875,0.1875,0.1875,,,
25.5358510017395,0,0.1875,0.1875,0.1875,0.1875,0.1875,0.1875,,,
25.5378539562225,0,0.1875,0.1875,0.1875,0.1875,0.1875,0.1875,,,
25.5398540496826,0,0.1875,0.1875,0.1875,0.1875,0.1875,0.1875,,,
25.5418570041656,0,0.1875,0.1875,0.1875,0.1875,0.1875,0.1875,,,
25.5438580513,0,0.1875,0.1875,0.1875,0.1875,0.1875,0.1875,,,
25.5458600521088,0,0.1875,0.1875,0.1875,0.1875,0.1875,0.1875,,,
25.5478610992432,0,0.1875,0.1875,0.1875,0.1875,0.1875,0.1875,,,
25.5498631000519,0,0.1875,0.1875,0.1875,0.1875,0.1875,0.1875,,,
25.5518639087677,0,0.1875,0.1875,0.1875,0.1875,0.1875,0.1875,,,
25.5538671016693,0,0.1875,0.1875,0.1875,0.1875,0.1875,0.1875,,,
25.5558669567108,0,0.1875,0.1875,0.1875,0.1875,0.1875,0.1875,,,
25.5578699111938,0,0.1875,0.1875,0.1875,0.1875,0.1875,0.1875,,,
25.5598700046539,0,0.1875,0.1875,0.1875,0.1875,0.1875,0.1875,,,
25.561872959137,0,0.1875,0.1875,0.1875,0.1875,0.1875,0.1875,,,
25.56387591362,0,0.1875,0.1875,0.1875,0.1875,0.1875,0.1875,,,
25.5658760070801,0,0.1875,0.1875,0.1875,0.1875,0.1875,0.1875,,,
25.5678789615631,0,0.1875,0.1875,0.1875,0.1875,0.1875,0.1875,,,
25.5698790550232,0,0.1875,0.1875,0.1875,0.1875,0.1875,0.1875,,,
25.5718820095062,0,0.1875,0.1875,0.1875,0.1875,0.1875,0.1875,,,
25.5738899707794,0,0.1875,0.1875,0.1875,0.1875,0.1875,0.1875,,,
25.5758929252625,0,0.1875,0.1875,0.1875,0.1875,0.1875,0.1875,,,
25.5778930187225,0,0.1875,0.1875,0.1875,0.1875,0.1875,0.1875,,,
25.5798959732056,0,0.1875,0.1875,0.1875,0.1875,0.1875,0.1875,,,
25.5818960666656,0,0.1875,0.1875,0.1875,0.1875,0.1875,0.1875,,,
25.5838990211487,0,0.1875,0.1875,0.1875,0.1875,0.1875,0.1875,,,
25.5858988761902,0,0.1875,0.1875,0.1875,0.1875,0.1875,0.1875,,,
25.5879020690918,0,0.1875,0.1875,0.1875,0.1875,0.1875,0.1875,,,
25.5899019241333,0,0.1875,0.1875,0.1875,0.1875,0.1875,0.1875,,,
25.5919048786163,0,0.1875,0.1875,0.1875,0.1875,0.1875,0.1875,,,
25.5939080715179,0,0.1875,0.1875,0.1875,0.1875,0.1875,0.1875,,,
25.5959079265594,0,0.1875,0.1875,0.1875,0.1875,0.1875,0.1875,,,
25.5979108810425,0,0.1875,0.1875,0.1875,0.1875,0.1875,0.1875,,,
25.5999119281769,0,0.1875,0.1875,0.1875,0.1875,0.1875,0.1875,,,
25.6019139289856,0,0.1875,0.1875,0.1875,0.1875,0.1875,0.1875,,,
25.60391497612,0,0.1875,0.1875,0.1875,0.1875,0.1875,0.1875,,,
25.605917930603,0,0.1875,0.1875,0.1875,0.1875,0.1875,0.1875,,,
25.6079180240631,0,0.1875,0.1875,0.1875,0.1875,0.1875,0.1875,,,
25.6099209785461,0,0.1875,0.1875,0.1875,0.1875,0.1875,0.1875,,,
25.6119210720062,0,0.1875,0.1875,0.1875,0.1875,0.1875,0.1875,,,
25.6139240264893,0,0.1875,0.1875,0.1875,0.1875,0.1875,0.1875,,,
25.6159269809723,0,0.1875,0.1875,0.1875,0.1875,0.1875,0.1875,,,
25.6179270744324,0,0.1875,0.1875,0.1875,0.1875,0.1875,0.1875,,,
25.6199300289154,0,0.1875,0.1875,0.1875,0.1875,0.1875,0.1875,,,
25.6219298839569,0,0.1875,0.1875,0.1875,0.1875,0.1875,0.1875,,,
25.6239330768585,0,0.1875,0.1875,0.1875,0.1875,0.1875,0.1875,,,
25.6259329319,0,0.1875,0.1875,0.1875,0.1875,0.1875,0.1875,,,
25.6279358863831,0,0.1875,0.1875,0.1875,0.1875,0.1875,0.1875,,,
25.6299369335175,0,0.1875,0.1875,0.1875,0.1875,0.1875,0.1875,,,
25.6319389343262,0,0.1875,0.1875,0.1875,0.1875,0.1875,0.1875,,,
25.6339418888092,0,0.1875,0.1875,0.1875,0.1875,0.1875,0.1875,,,
25.6359419822693,0,0.1875,0.1875,0.1875,0.1875,0.1875,0.1875,,,
25.6379449367523,0,0.1875,0.1875,0.1875,0.1875,0.1875,0.1875,,,
25.6399459838867,0,0.1875,0.1875,0.1875,0.1875,0.1875,0.1875,,,
25.6419479846954,0,0.1875,0.1875,0.1875,0.1875,0.1875,0.1875,,,
25.6439490318298,0,0.1875,0.1875,0.1875,0.1875,0.1875,0.1875,,,
25.6459519863129,0,0.1875,0.1875,0.1875,0.1875,0.1875,0.1875,,,
25.6479520797729,0,0.1875,0.1875,0.1875,0.1875,0.1875,0.1875,,,
25.649955034256,0,0.1875,0.1875,0.1875,0.1875,0.1875,0.1875,,,
25.6519548892975,0,0.1875,0.1875,0.1875,0.1875,0.1875,0.1875,,,
25.6539580821991,0,0.1875,0.1875,0.1875,0.1875,0.1875,0.1875,,,
25.6559610366821,0,0.1875,0.1875,0.1875,0.1875,0.1875,0.1875,,,
25.6579608917236,0,0.1875,0.1875,0.1875,0.1875,0.1875,0.1875,,,
25.6599640846252,0,0.1875,0.1875,0.1875,0.1875,0.1875,0.1875,,,
25.6619639396667,0,0.1875,0.1875,0.1875,0.1875,0.1875,0.1875,,,
25.6639668941498,0,0.1875,0.1875,0.1875,0.1875,0.1875,0.1875,,,
25.6659669876099,0,0.1875,0.1875,0.1875,0.1875,0.1875,0.1875,,,
25.6679699420929,0,0.1875,0.1875,0.1875,0.1875,0.1875,0.1875,,,
25.669970035553,0,0.1875,0.1875,0.1875,0.1875,0.1875,0.1875,,,
25.671972990036,0,0.1875,0.1875,0.1875,0.1875,0.1875,0.1875,,,
25.673975944519,0,0.1875,0.1875,0.1875,0.1875,0.1875,0.1875,,,
25.6759760379791,0,0.1875,0.1875,0.1875,0.1875,0.1875,0.1875,,,
25.6779789924622,0,0.1875,0.1875,0.1875,0.1875,0.1875,0.1875,,,
25.6799790859222,0,0.1875,0.1875,0.1875,0.1875,0.1875,0.1875,,,
25.6819820404053,0,0.1875,0.1875,0.1875,0.1875,0.1875,0.1875,,,
25.6839830875397,0,0.1875,0.1875,0.1875,0.1875,0.1875,0.1875,,,
25.6859850883484,0,0.1875,0.1875,0.1875,0.1875,0.1875,0.1875,,,
25.6879858970642,0,0.1875,0.1875,0.1875,0.1875,0.1875,0.1875,,,
25.6899890899658,0,0.1875,0.1875,0.1875,0.1875,0.1875,0.1875,,,
25.6919889450073,0,0.1875,0.1875,0.1875,0.1875,0.1875,0.1875,,,
25.6939918994904,0,0.1875,0.1875,0.1875,0.1875,0.1875,0.1875,,,
25.6959939002991,0,0.1875,0.1875,0.1875,0.1875,0.1875,0.1875,,,
25.6979949474335,0,0.1875,0.1875,0.1875,0.1875,0.1875,0.1875,,,
25.6999969482422,0,0.1875,0.1875,0.1875,0.1875,0.1875,0.1875,,,
25.7019979953766,0,0.1875,0.1875,0.1875,0.1875,0.1875,0.1875,,,
25.7039999961853,0,0.1875,0.1875,0.1875,0.1875,0.1875,0.1875,,,
25.7060010433197,0,0.1875,0.1875,0.1875,0.1875,0.1875,0.1875,,,
25.7080039978027,0,0.1875,0.1875,0.1875,0.1875,0.1875,0.1875,,,
25.7100059986115,0,0.1875,0.1875,0.1875,0.1875,0.1875,0.1875,,,
25.7120070457459,0,0.1875,0.1875,0.1875,0.1875,0.1875,0.1875,,,
25.7140090465546,0,0.1875,0.1875,0.1875,0.1875,0.1875,0.1875,,,
25.716010093689,0,0.1875,0.1875,0.1875,0.1875,0.1875,0.1875,,,
25.7180120944977,0,0.1875,0.1875,0.1875,0.1875,0.1875,0.1875,,,
25.7200150489807,0,0.1875,0.1875,0.1875,0.1875,0.1875,0.1875,,,
25.7220160961151,0,0.1875,0.1875,0.1875,0.1875,0.1875,0.1875,,,
25.7240180969238,0,0.1875,0.1875,0.1875,0.1875,0.1875,0.1875,,,
25.7260189056396,0,0.1875,0.1875,0.1875,0.1875,0.1875,0.1875,,,
25.7280209064484,0,0.1875,0.1875,0.1875,0.1875,0.1875,0.1875,,,
25.7300219535828,0,0.1875,0.1875,0.1875,0.1875,0.1875,0.1875,,,
25.7320239543915,0,0.1875,0.1875,0.1875,0.1875,0.1875,0.1875,,,
25.7340250015259,0,0.1875,0.1875,0.1875,0.1875,0.1875,0.1875,,,
25.7360279560089,0,0.1875,0.1875,0.1875,0.1875,0.1875,0.1875,,,
25.7380299568176,0,0.1875,0.1875,0.1875,0.1875,0.1875,0.1875,,,
25.740031003952,0,0.1875,0.1875,0.1875,0.1875,0.1875,0.1875,,,
25.7420339584351,0,0.1875,0.1875,0.1875,0.1875,0.1875,0.1875,,,
25.7440340518951,0,0.1875,0.1875,0.1875,0.1875,0.1875,0.1875,,,
25.7460370063782,0,0.1875,0.1875,0.1875,0.1875,0.1875,0.1875,,,
25.7480390071869,0,0.1875,0.1875,0.1875,0.1875,0.1875,0.1875,,,
25.7500400543213,0,0.1875,0.1875,0.1875,0.1875,0.1875,0.1875,,,
25.7520430088043,0,0.1875,0.1875,0.1875,0.1875,0.1875,0.1875,,,
25.7540431022644,0,0.1875,0.1875,0.1875,0.1875,0.1875,0.1875,,,
25.7560460567474,0,0.1875,0.1875,0.1875,0.1875,0.1875,0.1875,,,
25.7580459117889,0,0.1875,0.1875,0.1875,0.1875,0.1875,0.1875,,,
25.760048866272,0,0.1875,0.1875,0.1875,0.1875,0.1875,0.1875,,,
25.7620520591736,0,0.1875,0.1875,0.1875,0.1875,0.1875,0.1875,,,
25.7640519142151,0,0.1875,0.1875,0.1875,0.1875,0.1875,0.1875,,,
25.7660548686981,0,0.1875,0.1875,0.1875,0.1875,0.1875,0.1875,,,
25.7680549621582,0,0.1875,0.1875,0.1875,0.1875,0.1875,0.1875,,,
25.7700579166412,0,0.1875,0.1875,0.1875,0.1875,0.1875,0.1875,,,
25.7720608711243,0,0.1875,0.1875,0.1875,0.1875,0.1875,0.1875,,,
25.7740609645844,0,0.1875,0.1875,0.1875,0.1875,0.1875,0.1875,,,
25.7760639190674,0,0.1875,0.1875,0.1875,0.1875,0.1875,0.1875,,,
25.7780640125275,0,0.1875,0.1875,0.1875,0.1875,0.1875,0.1875,,,
25.7800669670105,0,0.1875,0.1875,0.1875,0.1875,0.1875,0.1875,,,
25.7820680141449,0,0.1875,0.1875,0.1875,0.1875,0.1875,0.1875,,,
25.7840700149536,0,0.1875,0.1875,0.1875,0.1875,0.1875,0.1875,,,
25.7860729694366,0,0.1875,0.1875,0.1875,0.1875,0.1875,0.1875,,,
25.788074016571,0,0.1875,0.1875,0.1875,0.1875,0.1875,0.1875,,,
25.7900760173798,0,0.1875,0.1875,0.1875,0.1875,0.1875,0.1875,,,
25.7920770645142,0,0.1875,0.1875,0.1875,0.1875,0.1875,0.1875,,,
25.7940790653229,0,0.1875,0.1875,0.1875,0.1875,0.1875,0.1875,,,
25.7960820198059,0,0.1875,0.1875,0.1875,0.1875,0.1875,0.1875,,,
25.7980818748474,0,0.1875,0.1875,0.1875,0.1875,0.1875,0.1875,,,
25.800085067749,0,0.1875,0.1875,0.1875,0.1875,0.1875,0.1875,,,
25.8020880222321,0,0.1875,0.1875,0.1875,0.1875,0.1875,0.1875,,,
25.8040878772736,0,0.1875,0.1875,0.1875,0.1875,0.1875,0.1875,,,
25.8060910701752,0,0.1875,0.1875,0.1875,0.1875,0.1875,0.1875,,,
25.8080909252167,0,0.1875,0.1875,0.1875,0.1875,0.1875,0.1875,,,
25.8100938796997,0,0.1875,0.1875,0.1875,0.1875,0.1875,0.1875,,,
25.8120970726013,0,0.1875,0.1875,0.1875,0.1875,0.1875,0.1875,,,
25.8140969276428,0,0.1875,0.1875,0.1875,0.1875,0.1875,0.1875,,,
25.8160998821259,0,0.1875,0.1875,0.1875,0.1875,0.1875,0.1875,,,
25.8181009292603,0,0.1875,0.1875,0.1875,0.1875,0.1875,0.1875,,,
25.820102930069,0,0.1875,0.1875,0.1875,0.1875,0.1875,0.1875,,,
25.8221039772034,0,0.1875,0.1875,0.1875,0.1875,0.1875,0.1875,,,
25.8241069316864,0,0.1875,0.1875,0.1875,0.1875,0.1875,0.1875,,,
25.8261070251465,0,0.1875,0.1875,0.1875,0.1875,0.1875,0.1875,,,
25.8281099796295,0,0.1875,0.1875,0.1875,0.1875,0.1875,0.1875,,,
25.8301119804382,0,0.1875,0.1875,0.1875,0.1875,0.1875,0.1875,,,
25.8321130275726,0,0.1875,0.1875,0.1875,0.1875,0.1875,0.1875,,,
25.8341159820557,0,0.1875,0.1875,0.1875,0.1875,0.1875,0.1875,,,
25.8361160755157,0,0.1875,0.1875,0.1875,0.1875,0.1875,0.1875,,,
25.8381190299988,0,0.1875,0.1875,0.1875,0.1875,0.1875,0.1875,,,
25.8401188850403,0,0.1875,0.1875,0.1875,0.1875,0.1875,0.1875,,,
25.8421220779419,0,0.1875,0.1875,0.1875,0.1875,0.1875,0.1875,,,
25.8441240787506,0,0.1875,0.1875,0.1875,0.1875,0.1875,0.1875,,,
25.8461248874664,0,0.1875,0.1875,0.1875,0.1875,0.1875,0.1875,,,
25.8481268882751,0,0.1875,0.1875,0.1875,0.1875,0.1875,0.1875,,,
25.8501279354095,0,0.1875,0.1875,0.1875,0.1875,0.1875,0.1875,,,
25.8521299362183,0,0.1875,0.1875,0.1875,0.1875,0.1875,0.1875,,,
25.8541328907013,0,0.1875,0.1875,0.1875,0.1875,0.1875,0.1875,,,
25.8561339378357,0,0.1875,0.1875,0.1875,0.1875,0.1875,0.1875,,,
25.8581359386444,0,0.1875,0.1875,0.1875,0.1875,0.1875,0.1875,,,
25.8601369857788,0,0.1875,0.1875,0.1875,0.1875,0.1875,0.1875,,,
25.8621399402618,0,0.1875,0.1875,0.1875,0.1875,0.1875,0.1875,,,
25.8641400337219,0,0.1875,0.1875,0.1875,0.1875,0.1875,0.1875,,,
25.866142988205,0,0.1875,0.1875,0.1875,0.1875,0.1875,0.1875,,,
25.868143081665,0,0.1875,0.1875,0.1875,0.1875,0.1875,0.1875,,,
25.8701460361481,0,0.1875,0.1875,0.1875,0.1875,0.1875,0.1875,,,
25.8721489906311,0,0.1875,0.1875,0.1875,0.1875,0.1875,0.1875,,,
25.8741490840912,0,0.1875,0.1875,0.1875,0.1875,0.1875,0.1875,,,
25.8761520385742,0,0.1875,0.1875,0.1875,0.1875,0.1875,0.1875,,,
25.8781518936157,0,0.1875,0.1875,0.1875,0.1875,0.1875,0.1875,,,
25.8801550865173,0,0.1875,0.1875,0.1875,0.1875,0.1875,0.1875,,,
25.8821549415588,0,0.1875,0.1875,0.1875,0.1875,0.1875,0.1875,,,
25.8841578960419,0,0.1875,0.1875,0.1875,0.1875,0.1875,0.1875,,,
25.886157989502,0,0.1875,0.1875,0.1875,0.1875,0.1875,0.1875,,,
25.888160943985,0,0.1875,0.1875,0.1875,0.1875,0.1875,0.1875,,,
25.890163898468,0,0.1875,0.1875,0.1875,0.1875,0.1875,0.1875,,,
25.8921639919281,0,0.1875,0.1875,0.1875,0.1875,0.1875,0.1875,,,
25.8941669464111,0,0.1875,0.1875,0.1875,0.1875,0.1875,0.1875,,,
25.8961679935455,0,0.1875,0.1875,0.1875,0.1875,0.1875,0.1875,,,
25.8981699943542,0,0.1875,0.1875,0.1875,0.1875,0.1875,0.1875,,,
25.9001710414886,0,0.1875,0.1875,0.1875,0.1875,0.1875,0.1875,,,
25.9021739959717,0,0.1875,0.1875,0.1875,0.1875,0.1875,0.1875,,,
25.9041740894318,0,0.1875,0.1875,0.1875,0.1875,0.1875,0.1875,,,
25.9061770439148,0,0.1875,0.1875,0.1875,0.1875,0.1875,0.1875,,,
25.9081768989563,0,0.1875,0.1875,0.1875,0.1875,0.1875,0.1875,,,
25.9101800918579,0,0.1875,0.1875,0.1875,0.1875,0.1875,0.1875,,,
25.9121820926666,0,0.1875,0.1875,0.1875,0.1875,0.1875,0.1875,,,
25.9141829013824,0,0.1875,0.1875,0.1875,0.1875,0.1875,0.1875,,,
25.9161849021912,0,0.1875,0.1875,0.1875,0.1875,0.1875,0.1875,,,
25.9181859493256,0,0.1875,0.1875,0.1875,0.1875,0.1875,0.1875,,,
25.9201889038086,0,0.1875,0.1875,0.1875,0.1875,0.1875,0.1875,,,
25.9221889972687,0,0.1875,0.1875,0.1875,0.1875,0.1875,0.1875,,,
25.9241919517517,0,0.1875,0.1875,0.1875,0.1875,0.1875,0.1875,,,
25.9261949062347,0,0.1875,0.1875,0.1875,0.1875,0.1875,0.1875,,,
25.9281949996948,0,0.1875,0.1875,0.1875,0.1875,0.1875,0.1875,,,
25.9301979541779,0,0.1875,0.1875,0.1875,0.1875,0.1875,0.1875,,,
25.9321980476379,0,0.1875,0.1875,0.1875,0.1875,0.1875,0.1875,,,
25.934201002121,0,0.1875,0.1875,0.1875,0.1875,0.1875,0.1875,,,
25.9362010955811,0,0.1875,0.1875,0.1875,0.1875,0.1875,0.1875,,,
25.9382040500641,0,0.1875,0.1875,0.1875,0.1875,0.1875,0.1875,,,
25.9402070045471,0,0.1875,0.1875,0.1875,0.1875,0.1875,0.1875,,,
25.9422070980072,0,0.1875,0.1875,0.1875,0.1875,0.1875,0.1875,,,
25.9442100524902,0,0.1875,0.1875,0.1875,0.1875,0.1875,0.1875,,,
25.9462099075317,0,0.1875,0.1875,0.1875,0.1875,0.1875,0.1875,,,
25.9482131004334,0,0.1875,0.1875,0.1875,0.1875,0.1875,0.1875,,,
25.9502129554749,0,0.1875,0.1875,0.1875,0.1875,0.1875,0.1875,,,
25.9522159099579,0,0.1875,0.1875,0.1875,0.1875,0.1875,0.1875,,,
25.9542191028595,0,0.1875,0.1875,0.1875,0.1875,0.1875,0.1875,,,
25.956218957901,0,0.1875,0.1875,0.1875,0.1875,0.1875,0.1875,,,
25.958221912384,0,0.1875,0.1875,0.1875,0.1875,0.1875,0.1875,,,
25.9602220058441,0,0.1875,0.1875,0.1875,0.1875,0.1875,0.1875,,,
25.9622249603271,0,0.1875,0.1875,0.1875,0.1875,0.1875,0.1875,,,
25.9642279148102,0,0.1875,0.1875,0.1875,0.1875,0.1875,0.1875,,,
25.9662280082703,0,0.1875,0.1875,0.1875,0.1875,0.1875,0.1875,,,
25.9682309627533,0,0.1875,0.1875,0.1875,0.1875,0.1875,0.1875,,,
25.9702310562134,0,0.1875,0.1875,0.1875,0.1875,0.1875,0.1875,,,
25.9722340106964,0,0.1875,0.1875,0.1875,0.1875,0.1875,0.1875,,,
25.9742350578308,0,0.1875,0.1875,0.1875,0.1875,0.1875,0.1875,,,
25.9762380123138,0,0.1875,0.1875,0.1875,0.1875,0.1875,0.1875,,,
25.9782400131226,0,0.1875,0.1875,0.1875,0.1875,0.1875,0.1875,,,
25.980241060257,0,0.1875,0.1875,0.1875,0.1875,0.1875,0.1875,,,
25.98224401474,0,0.1875,0.1875,0.1875,0.1875,0.1875,0.1875,,,
25.9842438697815,0,0.1875,0.1875,0.1875,0.1875,0.1875,0.1875,,,
25.9862470626831,0,0.1875,0.1875,0.1875,0.1875,0.1875,0.1875,,,
25.9882469177246,0,0.1875,0.1875,0.1875,0.1875,0.1875,0.1875,,,
25.9902498722076,0,0.1875,0.1875,0.1875,0.1875,0.1875,0.1875,,,
25.9922518730164,0,0.1875,0.1875,0.1875,0.1875,0.1875,0.1875,,,
25.9942529201508,0,0.1875,0.1875,0.1875,0.1875,0.1875,0.1875,,,
25.9962558746338,0,0.1875,0.1875,0.1875,0.1875,0.1875,0.1875,,,
25.9982559680939,0,0.1875,0.1875,0.1875,0.1875,0.1875,0.1875,,,
26.0002589225769,0,0.1875,0.1875,0.1875,0.1875,0.1875,0.1875,,,
26.002259016037,0,0.1875,0.1875,0.1875,0.1875,0.1875,0.1875,,,
26.00426197052,0,0.1875,0.1875,0.1875,0.1875,0.1875,0.1875,,,
26.0062649250031,0,0.1875,0.1875,0.1875,0.1875,0.1875,0.1875,,,
26.0082650184631,0,0.1875,0.1875,0.1875,0.1875,0.1875,0.1875,,,
26.0102679729462,0,0.1875,0.1875,0.1875,0.1875,0.1875,0.1875,,,
26.0122680664063,0,0.1875,0.1875,0.1875,0.1875,0.1875,0.1875,,,
26.0142710208893,0,0.1875,0.1875,0.1875,0.1875,0.1875,0.1875,,,
26.0162739753723,0,0.1875,0.1875,0.1875,0.1875,0.1875,0.1875,,,
26.0182740688324,0,0.1875,0.1875,0.1875,0.1875,0.1875,0.1875,,,
26.0202770233154,0,0.1875,0.1875,0.1875,0.1875,0.1875,0.1875,,,
26.0222768783569,0,0.1875,0.1875,0.1875,0.1875,0.1875,0.1875,,,
26.0242800712585,0,0.1875,0.1875,0.1875,0.1875,0.1875,0.1875,,,
26.0262799263,0,0.1875,0.1875,0.1875,0.1875,0.1875,0.1875,,,
26.0282828807831,0,0.1875,0.1875,0.1875,0.1875,0.1875,0.1875,,,
26.0302839279175,0,0.1875,0.1875,0.1875,0.1875,0.1875,0.1875,,,
26.0322859287262,0,0.1875,0.1875,0.1875,0.1875,0.1875,0.1875,,,
26.0342869758606,0,0.1875,0.1875,0.1875,0.1875,0.1875,0.1875,,,
26.0362889766693,0,0.1875,0.1875,0.1875,0.1875,0.1875,0.1875,,,
26.0382919311523,0,0.1875,0.1875,0.1875,0.1875,0.1875,0.1875,,,
26.0402920246124,0,0.1875,0.1875,0.1875,0.1875,0.1875,0.1875,,,
26.0422949790955,0,0.1875,0.1875,0.1875,0.1875,0.1875,0.1875,,,
26.0442950725555,0,0.1875,0.1875,0.1875,0.1875,0.1875,0.1875,,,
26.0462980270386,0,0.1875,0.1875,0.1875,0.1875,0.1875,0.1875,,,
26.048299074173,0,0.1875,0.1875,0.1875,0.1875,0.1875,0.1875,,,
26.0503010749817,0,0.1875,0.1875,0.1875,0.1875,0.1875,0.1875,,,
26.0523040294647,0,0.1875,0.1875,0.1875,0.1875,0.1875,0.1875,,,
26.0543050765991,0,0.1875,0.1875,0.1875,0.1875,0.1875,0.1875,,,
26.0563070774078,0,0.1875,0.1875,0.1875,0.1875,0.1875,0.1875,,,
26.0583078861237,0,0.1875,0.1875,0.1875,0.1875,0.1875,0.1875,,,
26.0603110790253,0,0.1875,0.1875,0.1875,0.1875,0.1875,0.1875,,,
26.0623109340668,0,0.1875,0.1875,0.1875,0.1875,0.1875,0.1875,,,
26.0643138885498,0,0.1875,0.1875,0.1875,0.1875,0.1875,0.1875,,,
26.0663139820099,0,0.1875,0.1875,0.1875,0.1875,0.1875,0.1875,,,
26.0683169364929,0,0.1875,0.1875,0.1875,0.1875,0.1875,0.1875,,,
26.070319890976,0,0.1875,0.1875,0.1875,0.1875,0.1875,0.1875,,,
26.072340965271,0,0.1875,0.1875,0.1875,0.1875,0.1875,0.1875,,,
26.074343919754,0,0.1875,0.1875,0.1875,0.1875,0.1875,0.1875,,,
26.0763440132141,0,0.1875,0.1875,0.1875,0.1875,0.1875,0.1875,,,
26.0783469676971,0,0.1875,0.1875,0.1875,0.1875,0.1875,0.1875,,,
26.0803470611572,0,0.1875,0.1875,0.1875,0.1875,0.1875,0.1875,,,
26.0823500156403,0,0.1875,0.1875,0.1875,0.1875,0.1875,0.1875,,,
26.0843498706818,0,0.1875,0.1875,0.1875,0.1875,0.1875,0.1875,,,
26.0863530635834,0,0.1875,0.1875,0.1875,0.1875,0.1875,0.1875,,,
26.0883529186249,0,0.1875,0.1875,0.1875,0.1875,0.1875,0.1875,,,
26.0903558731079,0,0.1875,0.1875,0.1875,0.1875,0.1875,0.1875,,,
26.0923590660095,0,0.1875,0.1875,0.1875,0.1875,0.1875,0.1875,,,
26.094358921051,0,0.1875,0.1875,0.1875,0.1875,0.1875,0.1875,,,
26.0963618755341,0,0.1875,0.1875,0.1875,0.1875,0.1875,0.1875,,,
26.0983619689941,0,0.1875,0.1875,0.1875,0.1875,0.1875,0.1875,,,
26.1003649234772,0,0.1875,0.1875,0.1875,0.1875,0.1875,0.1875,,,
26.1023650169373,0,0.1875,0.1875,0.1875,0.1875,0.1875,0.1875,,,
26.1043679714203,0,0.1875,0.1875,0.1875,0.1875,0.1875,0.1875,,,
26.1063709259033,0,0.1875,0.1875,0.1875,0.1875,0.1875,0.1875,,,
26.1083710193634,0,0.1875,0.1875,0.1875,0.1875,0.1875,0.1875,,,
26.1103739738464,0,0.1875,0.1875,0.1875,0.1875,0.1875,0.1875,,,
26.1123750209808,0,0.1875,0.1875,0.1875,0.1875,0.1875,0.1875,,,
26.1143770217896,0,0.1875,0.1875,0.1875,0.1875,0.1875,0.1875,,,
26.116378068924,0,0.1875,0.1875,0.1875,0.1875,0.1875,0.1875,,,
26.118381023407,0,0.1875,0.1875,0.1875,0.1875,0.1875,0.1875,,,
26.1203808784485,0,0.1875,0.1875,0.1875,0.1875,0.1875,0.1875,,,
26.1223840713501,0,0.1875,0.1875,0.1875,0.1875,0.1875,0.1875,,,
26.1243839263916,0,0.1875,0.1875,0.1875,0.1875,0.1875,0.1875,,,
26.1263868808746,0,0.1875,0.1875,0.1875,0.1875,0.1875,0.1875,,,
26.128387928009,0,0.1875,0.1875,0.1875,0.1875,0.1875,0.1875,,,
26.1303899288177,0,0.1875,0.1875,0.1875,0.1875,0.1875,0.1875,,,
26.1323928833008,0,0.1875,0.1875,0.1875,0.1875,0.1875,0.1875,,,
26.1343939304352,0,0.1875,0.1875,0.1875,0.1875,0.1875,0.1875,,,
26.1363959312439,0,0.1875,0.1875,0.1875,0.1875,0.1875,0.1875,,,
26.1383969783783,0,0.1875,0.1875,0.1875,0.1875,0.1875,0.1875,,,
26.1403999328613,0,0.1875,0.1875,0.1875,0.1875,0.1875,0.1875,,,
26.1424000263214,0,0.1875,0.1875,0.1875,0.1875,0.1875,0.1875,,,
26.1444029808044,0,0.1875,0.1875,0.1875,0.1875,0.1875,0.1875,,,
26.1464049816132,0,0.1875,0.1875,0.1875,0.1875,0.1875,0.1875,,,
26.1484060287476,0,0.1875,0.1875,0.1875,0.1875,0.1875,0.1875,,,
26.1504089832306,0,0.1875,0.1875,0.1875,0.1875,0.1875,0.1875,,,
26.1524090766907,0,0.1875,0.1875,0.1875,0.1875,0.1875,0.1875,,,
26.1544120311737,0,0.1875,0.1875,0.1875,0.1875,0.1875,0.1875,,,
26.1564118862152,0,0.1875,0.1875,0.1875,0.1875,0.1875,0.1875,,,
26.1584150791168,0,0.1875,0.1875,0.1875,0.1875,0.1875,0.1875,,,
26.1604149341583,0,0.1875,0.1875,0.1875,0.1875,0.1875,0.1875,,,
26.1624178886414,0,0.1875,0.1875,0.1875,0.1875,0.1875,0.1875,,,
26.164421081543,0,0.1875,0.1875,0.1875,0.1875,0.1875,0.1875,,,
26.1664209365845,0,0.1875,0.1875,0.1875,0.1875,0.1875,0.1875,,,
26.1684238910675,0,0.1875,0.1875,0.1875,0.1875,0.1875,0.1875,,,
26.1704239845276,0,0.1875,0.1875,0.1875,0.1875,0.1875,0.1875,,,
26.1724269390106,0,0.1875,0.1875,0.1875,0.1875,0.1875,0.1875,,,
26.1744270324707,0,0.1875,0.1875,0.1875,0.1875,0.1875,0.1875,,,
26.1764299869537,0,0.1875,0.1875,0.1875,0.1875,0.1875,0.1875,,,
26.1784310340881,0,0.1875,0.1875,0.1875,0.1875,0.1875,0.1875,,,
26.1804330348969,0,0.1875,0.1875,0.1875,0.1875,0.1875,0.1875,,,
26.1824359893799,0,0.1875,0.1875,0.1875,0.1875,0.1875,0.1875,,,
26.1844370365143,0,0.1875,0.1875,0.1875,0.1875,0.1875,0.1875,,,
26.186439037323,0,0.1875,0.1875,0.1875,0.1875,0.1875,0.1875,,,
26.1884400844574,0,0.1875,0.1875,0.1875,0.1875,0.1875,0.1875,,,
26.1904420852661,0,0.1875,0.1875,0.1875,0.1875,0.1875,0.1875,,,
26.1924428939819,0,0.1875,0.1875,0.1875,0.1875,0.1875,0.1875,,,
26.1944448947906,0,0.1875,0.1875,0.1875,0.1875,0.1875,0.1875,,,
26.1964480876923,0,0.1875,0.1875,0.1875,0.1875,0.1875,0.1875,,,
26.1984488964081,0,0.1875,0.1875,0.1875,0.1875,0.1875,0.1875,,,
26.2004508972168,0,0.1875,0.1875,0.1875,0.1875,0.1875,0.1875,,,
26.2024519443512,0,0.1875,0.1875,0.1875,0.1875,0.1875,0.1875,,,
26.2044548988342,0,0.1875,0.1875,0.1875,0.1875,0.1875,0.1875,,,
26.2064549922943,0,0.1875,0.1875,0.1875,0.1875,0.1875,0.1875,,,
26.2084579467773,0,0.1875,0.1875,0.1875,0.1875,0.1875,0.1875,,,
26.2104580402374,0,0.1875,0.1875,0.1875,0.1875,0.1875,0.1875,,,
26.2124609947205,0,0.1875,0.1875,0.1875,0.1875,0.1875,0.1875,,,
26.2144629955292,0,0.1875,0.1875,0.1875,0.1875,0.1875,0.1875,,,
26.2164640426636,0,0.1875,0.1875,0.1875,0.1875,0.1875,0.1875,,,
26.2184660434723,0,0.1875,0.1875,0.1875,0.1875,0.1875,0.1875,,,
26.2204670906067,0,0.1875,0.1875,0.1875,0.1875,0.1875,0.1875,,,
26.2224700450897,0,0.1875,0.1875,0.1875,0.1875,0.1875,0.1875,,,
26.2244699001312,0,0.1875,0.1875,0.1875,0.1875,0.1875,0.1875,,,
26.2264730930328,0,0.1875,0.1875,0.1875,0.1875,0.1875,0.1875,,,
26.2284760475159,0,0.1875,0.1875,0.1875,0.1875,0.1875,0.1875,,,
26.2304759025574,0,0.1875,0.1875,0.1875,0.1875,0.1875,0.1875,,,
26.232479095459,0,0.1875,0.1875,0.1875,0.1875,0.1875,0.1875,,,
26.2344789505005,0,0.1875,0.1875,0.1875,0.1875,0.1875,0.1875,,,
26.2364819049835,0,0.1875,0.1875,0.1875,0.1875,0.1875,0.1875,,,
26.2384850978851,0,0.1875,0.1875,0.1875,0.1875,0.1875,0.1875,,,
26.2404849529266,0,0.1875,0.1875,0.1875,0.1875,0.1875,0.1875,,,
26.2424879074097,0,0.1875,0.1875,0.1875,0.1875,0.1875,0.1875,,,
26.2444880008698,0,0.1875,0.1875,0.1875,0.1875,0.1875,0.1875,,,
26.2464909553528,0,0.1875,0.1875,0.1875,0.1875,0.1875,0.1875,,,
26.2484939098358,0,0.1875,0.1875,0.1875,0.1875,0.1875,0.1875,,,
26.2504940032959,0,0.1875,0.1875,0.1875,0.1875,0.1875,0.1875,,,
26.2524969577789,0,0.1875,0.1875,0.1875,0.1875,0.1875,0.1875,,,
26.254497051239,0,0.1875,0.1875,0.1875,0.1875,0.1875,0.1875,,,
26.256500005722,0,0.1875,0.1875,0.1875,0.1875,0.1875,0.1875,,,
26.2585029602051,0,0.1875,0.1875,0.1875,0.1875,0.1875,0.1875,,,
26.2605030536652,0,0.1875,0.1875,0.1875,0.1875,0.1875,0.1875,,,
26.2625060081482,0,0.1875,0.1875,0.1875,0.1875,0.1875,0.1875,,,
26.2645061016083,0,0.1875,0.1875,0.1875,0.1875,0.1875,0.1875,,,
26.2665090560913,0,0.1875,0.1875,0.1875,0.1875,0.1875,0.1875,,,
26.2685089111328,0,0.1875,0.1875,0.1875,0.1875,0.1875,0.1875,,,
26.2705118656158,0,0.1875,0.1875,0.1875,0.1875,0.1875,0.1875,,,
26.2725150585175,0,0.1875,0.1875,0.1875,0.1875,0.1875,0.1875,,,
26.274514913559,0,0.1875,0.1875,0.1875,0.1875,0.1875,0.1875,,,
26.276517868042,0,0.1875,0.1875,0.1875,0.1875,0.1875,0.1875,,,
26.2785179615021,0,0.1875,0.1875,0.1875,0.1875,0.1875,0.1875,,,
26.2805209159851,0,0.1875,0.1875,0.1875,0.1875,0.1875,0.1875,,,
26.2825238704681,0,0.1875,0.1875,0.1875,0.1875,0.1875,0.1875,,,
26.2845239639282,0,0.1875,0.1875,0.1875,0.1875,0.1875,0.1875,,,
26.2865269184113,0,0.1875,0.1875,0.1875,0.1875,0.1875,0.1875,,,
26.2885270118713,0,0.1875,0.1875,0.1875,0.1875,0.1875,0.1875,,,
26.2905299663544,0,0.1875,0.1875,0.1875,0.1875,0.1875,0.1875,,,
26.2925300598145,0,0.1875,0.1875,0.1875,0.1875,0.1875,0.1875,,,
26.2945330142975,0,0.1875,0.1875,0.1875,0.1875,0.1875,0.1875,,,
26.2965340614319,0,0.1875,0.1875,0.1875,0.1875,0.1875,0.1875,,,
26.2985360622406,0,0.1875,0.1875,0.1875,0.1875,0.1875,0.1875,,,
26.3005390167236,0,0.1875,0.1875,0.1875,0.1875,0.1875,0.1875,,,
26.302540063858,0,0.1875,0.1875,0.1875,0.1875,0.1875,0.1875,,,
26.3045420646667,0,0.1875,0.1875,0.1875,0.1875,0.1875,0.1875,,,
26.3065428733826,0,0.1875,0.1875,0.1875,0.1875,0.1875,0.1875,,,
26.3085460662842,0,0.1875,0.1875,0.1875,0.1875,0.1875,0.1875,,,
26.3105459213257,0,0.1875,0.1875,0.1875,0.1875,0.1875,0.1875,,,
26.3125488758087,0,0.1875,0.1875,0.1875,0.1875,0.1875,0.1875,,,
26.3145508766174,0,0.1875,0.1875,0.1875,0.1875,0.1875,0.1875,,,
26.3165519237518,0,0.1875,0.1875,0.1875,0.1875,0.1875,0.1875,,,
26.3185548782349,0,0.1875,0.1875,0.1875,0.1875,0.1875,0.1875,,,
26.3205549716949,0,0.1875,0.1875,0.1875,0.1875,0.1875,0.1875,,,
26.322557926178,0,0.1875,0.1875,0.1875,0.1875,0.1875,0.1875,,,
26.3245580196381,0,0.1875,0.1875,0.1875,0.1875,0.1875,0.1875,,,
26.3265609741211,0,0.1875,0.1875,0.1875,0.1875,0.1875,0.1875,,,
26.3285629749298,0,0.1875,0.1875,0.1875,0.1875,0.1875,0.1875,,,
26.3305630683899,0,0.1875,0.1875,0.1875,0.1875,0.1875,0.1875,,,
26.3325650691986,0,0.1875,0.1875,0.1875,0.1875,0.1875,0.1875,,,
26.3345680236816,0,0.1875,0.1875,0.1875,0.1875,0.1875,0.1875,,,
26.336569070816,0,0.1875,0.1875,0.1875,0.1875,0.1875,0.1875,,,
26.3385720252991,0,0.1875,0.1875,0.1875,0.1875,0.1875,0.1875,,,
26.3405718803406,0,0.1875,0.1875,0.1875,0.1875,0.1875,0.1875,,,
26.3425750732422,0,0.1875,0.1875,0.1875,0.1875,0.1875,0.1875,,,
26.3445749282837,0,0.1875,0.1875,0.1875,0.1875,0.1875,0.1875,,,
26.3465778827667,0,0.1875,0.1875,0.1875,0.1875,0.1875,0.1875,,,
26.3485779762268,0,0.1875,0.1875,0.1875,0.1875,0.1875,0.1875,,,
26.3505809307098,0,0.1875,0.1875,0.1875,0.1875,0.1875,0.1875,,,
26.3525819778442,0,0.1875,0.1875,0.1875,0.1875,0.1875,0.1875,,,
26.3545849323273,0,0.1875,0.1875,0.1875,0.1875,0.1875,0.1875,,,
26.3565850257874,0,0.1875,0.1875,0.1875,0.1875,0.1875,0.1875,,,
26.3585879802704,0,0.1875,0.1875,0.1875,0.1875,0.1875,0.1875,,,
26.3605880737305,0,0.1875,0.1875,0.1875,0.1875,0.1875,0.1875,,,
26.3625910282135,0,0.1875,0.1875,0.1875,0.1875,0.1875,0.1875,,,
26.3645920753479,0,0.1875,0.1875,0.1875,0.1875,0.1875,0.1875,,,
26.3665950298309,0,0.1875,0.1875,0.1875,0.1875,0.1875,0.1875,,,
26.3685948848724,0,0.1875,0.1875,0.1875,0.1875,0.1875,0.1875,,,
26.370598077774,0,0.1875,0.1875,0.1875,0.1875,0.1875,0.1875,,,
26.3725979328156,0,0.1875,0.1875,0.1875,0.1875,0.1875,0.1875,,,
26.3746008872986,0,0.1875,0.1875,0.1875,0.1875,0.1875,0.1875,,,
26.376601934433,0,0.1875,0.1875,0.1875,0.1875,0.1875,0.1875,,,
26.378604888916,0,0.1875,0.1875,0.1875,0.1875,0.1875,0.1875,,,
26.3806049823761,0,0.1875,0.1875,0.1875,0.1875,0.1875,0.1875,,,
26.3826079368591,0,0.1875,0.1875,0.1875,0.1875,0.1875,0.1875,,,
26.3846089839935,0,0.1875,0.1875,0.1875,0.1875,0.1875,0.1875,,,
26.3866119384766,0,0.1875,0.1875,0.1875,0.1875,0.1875,0.1875,,,
26.3886139392853,0,0.1875,0.1875,0.1875,0.1875,0.1875,0.1875,,,
26.3906149864197,0,0.1875,0.1875,0.1875,0.1875,0.1875,0.1875,,,
26.3926179409027,0,0.1875,0.1875,0.1875,0.1875,0.1875,0.1875,,,
26.3946189880371,0,0.1875,0.1875,0.1875,0.1875,0.1875,0.1875,,,
26.3966190814972,0,0.1875,0.1875,0.1875,0.1875,0.1875,0.1875,,,
26.3986220359802,0,0.1875,0.1875,0.1875,0.1875,0.1875,0.1875,,,
26.4006249904633,0,0.1875,0.1875,0.1875,0.1875,0.1875,0.1875,,,
26.4026250839233,0,0.1875,0.1875,0.1875,0.1875,0.1875,0.1875,,,
26.4046270847321,0,0.1875,0.1875,0.1875,0.1875,0.1875,0.1875,,,
26.4066300392151,0,0.1875,0.1875,0.1875,0.1875,0.1875,0.1875,,,
26.4086298942566,0,0.1875,0.1875,0.1875,0.1875,0.1875,0.1875,,,
26.4106330871582,0,0.1875,0.1875,0.1875,0.1875,0.1875,0.1875,,,
26.4126329421997,0,0.1875,0.1875,0.1875,0.1875,0.1875,0.1875,,,
26.4146358966827,0,0.1875,0.1875,0.1875,0.1875,0.1875,0.1875,,,
26.4166359901428,0,0.1875,0.1875,0.1875,0.1875,0.1875,0.1875,,,
26.4186389446259,0,0.1875,0.1875,0.1875,0.1875,0.1875,0.1875,,,
26.4206409454346,0,0.1875,0.1875,0.1875,0.1875,0.1875,0.1875,,,
26.422641992569,0,0.1875,0.1875,0.1875,0.1875,0.1875,0.1875,,,
26.4246439933777,0,0.1875,0.1875,0.1875,0.1875,0.1875,0.1875,,,
26.4266440868378,0,0.1875,0.1875,0.1875,0.1875,0.1875,0.1875,,,
26.4286470413208,0,0.1875,0.1875,0.1875,0.1875,0.1875,0.1875,,,
26.4306499958038,0,0.1875,0.1875,0.1875,0.1875,0.1875,0.1875,,,
26.4326500892639,0,0.1875,0.1875,0.1875,0.1875,0.1875,0.1875,,,
26.4346530437469,0,0.1875,0.1875,0.1875,0.1875,0.1875,0.1875,,,
26.4366528987885,0,0.1875,0.1875,0.1875,0.1875,0.1875,0.1875,,,
26.4386548995972,0,0.1875,0.1875,0.1875,0.1875,0.1875,0.1875,,,
26.4406580924988,0,0.1875,0.1875,0.1875,0.1875,0.1875,0.1875,,,
26.4426579475403,0,0.1875,0.1875,0.1875,0.1875,0.1875,0.1875,,,
26.4446609020233,0,0.1875,0.1875,0.1875,0.1875,0.1875,0.1875,,,
26.4466640949249,0,0.1875,0.1875,0.1875,0.1875,0.1875,0.1875,,,
26.4486639499664,0,0.1875,0.1875,0.1875,0.1875,0.1875,0.1875,,,
26.4506659507751,0,0.1875,0.1875,0.1875,0.1875,0.1875,0.1875,,,
26.4526669979095,0,0.1875,0.1875,0.1875,0.1875,0.1875,0.1875,,,
26.4546689987183,0,0.1875,0.1875,0.1875,0.1875,0.1875,0.1875,,,
26.4566719532013,0,0.1875,0.1875,0.1875,0.1875,0.1875,0.1875,,,
26.4586720466614,0,0.1875,0.1875,0.1875,0.1875,0.1875,0.1875,,,
26.4606750011444,0,0.1875,0.1875,0.1875,0.1875,0.1875,0.1875,,,
26.4626750946045,0,0.1875,0.1875,0.1875,0.1875,0.1875,0.1875,,,
26.4646780490875,0,0.1875,0.1875,0.1875,0.1875,0.1875,0.1875,,,
26.4666800498962,0,0.1875,0.1875,0.1875,0.1875,0.1875,0.1875,,,
26.4686810970306,0,0.1875,0.1875,0.1875,0.1875,0.1875,0.1875,,,
26.4706830978394,0,0.1875,0.1875,0.1875,0.1875,0.1875,0.1875,,,
26.4726829528809,0,0.1875,0.1875,0.1875,0.1875,0.1875,0.1875,,,
26.4746859073639,0,0.1875,0.1875,0.1875,0.1875,0.1875,0.1875,,,
26.4766879081726,0,0.1875,0.1875,0.1875,0.1875,0.1875,0.1875,,,
26.478688955307,0,0.1875,0.1875,0.1875,0.1875,0.1875,0.1875,,,
26.4806909561157,0,0.1875,0.1875,0.1875,0.1875,0.1875,0.1875,,,
26.4826910495758,0,0.1875,0.1875,0.1875,0.1875,0.1875,0.1875,,,
26.4846940040588,0,0.1875,0.1875,0.1875,0.1875,0.1875,0.1875,,,
26.486701965332,0,0.1875,0.1875,0.1875,0.1875,0.1875,0.1875,,,
26.4887020587921,0,0.1875,0.1875,0.1875,0.1875,0.1875,0.1875,,,
26.4907050132751,0,0.1875,0.1875,0.1875,0.1875,0.1875,0.1875,,,
26.4927048683167,0,0.1875,0.1875,0.1875,0.1875,0.1875,0.1875,,,
26.4947059154511,0,0.1875,0.1875,0.1875,0.1875,0.1875,0.1875,,,
26.4967060089111,0,0.1875,0.1875,0.1875,0.1875,0.1875,0.1875,,,
26.4987061023712,0,0.1875,0.1875,0.1875,0.1875,0.1875,0.1875,,,
26.5007090568542,0,0.1875,0.1875,0.1875,0.1875,0.1875,0.1875,,,
26.5027089118958,0,0.1875,0.1875,0.1875,0.1875,0.1875,0.1875,,,
26.5047118663788,0,0.1875,0.1875,0.1875,0.1875,0.1875,0.1875,,,
26.5067129135132,0,0.1875,0.1875,0.1875,0.1875,0.1875,0.1875,,,
26.5087149143219,0,0.1875,0.1875,0.1875,0.1875,0.1875,0.1875,,,
26.5107178688049,0,0.1875,0.1875,0.1875,0.1875,0.1875,0.1875,,,
26.5127189159393,0,0.1875,0.1875,0.1875,0.1875,0.1875,0.1875,,,
26.514720916748,0,0.1875,0.1875,0.1875,0.1875,0.1875,0.1875,,,
26.5167219638824,0,0.1875,0.1875,0.1875,0.1875,0.1875,0.1875,,,
26.5187249183655,0,0.1875,0.1875,0.1875,0.1875,0.1875,0.1875,,,
26.5207250118256,0,0.1875,0.1875,0.1875,0.1875,0.1875,0.1875,,,
26.5227279663086,0,0.1875,0.1875,0.1875,0.1875,0.1875,0.1875,,,
26.5247299671173,0,0.1875,0.1875,0.1875,0.1875,0.1875,0.1875,,,
26.5267310142517,0,0.1875,0.1875,0.1875,0.1875,0.1875,0.1875,,,
26.5287339687347,0,0.1875,0.1875,0.1875,0.1875,0.1875,0.1875,,,
26.5307340621948,0,0.1875,0.1875,0.1875,0.1875,0.1875,0.1875,,,
26.5327370166779,0,0.1875,0.1875,0.1875,0.1875,0.1875,0.1875,,,
26.5347390174866,0,0.1875,0.1875,0.1875,0.1875,0.1875,0.1875,,,
26.536740064621,0,0.1875,0.1875,0.1875,0.1875,0.1875,0.1875,,,
26.538743019104,0,0.1875,0.1875,0.1875,0.1875,0.1875,0.1875,,,
26.5407428741455,0,0.1875,0.1875,0.1875,0.1875,0.1875,0.1875,,,
26.5427460670471,0,0.1875,0.1875,0.1875,0.1875,0.1875,0.1875,,,
26.5447459220886,0,0.1875,0.1875,0.1875,0.1875,0.1875,0.1875,,,
26.5467488765717,0,0.1875,0.1875,0.1875,0.1875,0.1875,0.1875,,,
26.5487508773804,0,0.1875,0.1875,0.1875,0.1875,0.1875,0.1875,,,
26.5507519245148,0,0.1875,0.1875,0.1875,0.1875,0.1875,0.1875,,,
26.5527548789978,0,0.1875,0.1875,0.1875,0.1875,0.1875,0.1875,,,
26.5547549724579,0,0.1875,0.1875,0.1875,0.1875,0.1875,0.1875,,,
26.5567579269409,0,0.1875,0.1875,0.1875,0.1875,0.1875,0.1875,,,
26.5587599277496,0,0.1875,0.1875,0.1875,0.1875,0.1875,0.1875,,,
26.560760974884,0,0.1875,0.1875,0.1875,0.1875,0.1875,0.1875,,,
26.5627629756927,0,0.1875,0.1875,0.1875,0.1875,0.1875,0.1875,,,
26.5647659301758,0,0.1875,0.1875,0.1875,0.1875,0.1875,0.1875,,,
26.5667660236359,0,0.1875,0.1875,0.1875,0.1875,0.1875,0.1875,,,
26.5687689781189,0,0.1875,0.1875,0.1875,0.1875,0.1875,0.1875,,,
26.570897102356,0,0.1875,0.1875,0.1875,0.1875,0.1875,0.1875,,,
26.572900056839,0,0.1875,0.1875,0.1875,0.1875,0.1875,0.1875,,,
26.5748999118805,0,0.1875,0.1875,0.1875,0.1875,0.1875,0.1875,,,
26.5769028663635,0,0.1875,0.1875,0.1875,0.1875,0.1875,0.1875,,,
26.5789029598236,0,0.1875,0.1875,0.1875,0.1875,0.1875,0.1875,,,
26.5809059143066,0,0.1875,0.1875,0.1875,0.1875,0.1875,0.1875,,,
26.582906961441,0,0.1875,0.1875,0.1875,0.1875,0.1875,0.1875,,,
26.5849089622498,0,0.1875,0.1875,0.1875,0.1875,0.1875,0.1875,,,
26.5869119167328,0,0.1875,0.1875,0.1875,0.1875,0.1875,0.1875,,,
26.5889129638672,0,0.1875,0.1875,0.1875,0.1875,0.1875,0.1875,,,
26.5909149646759,0,0.1875,0.1875,0.1875,0.1875,0.1875,0.1875,,,
26.5929160118103,0,0.1875,0.1875,0.1875,0.1875,0.1875,0.1875,,,
26.5949189662933,0,0.1875,0.1875,0.1875,0.1875,0.1875,0.1875,,,
26.5969209671021,0,0.1875,0.1875,0.1875,0.1875,0.1875,0.1875,,,
26.5989220142365,0,0.1875,0.1875,0.1875,0.1875,0.1875,0.1875,,,
26.6009240150452,0,0.1875,0.1875,0.1875,0.1875,0.1875,0.1875,,,
26.6029269695282,0,0.1875,0.1875,0.1875,0.1875,0.1875,0.1875,,,
26.6049270629883,0,0.1875,0.1875,0.1875,0.1875,0.1875,0.1875,,,
26.6069300174713,0,0.1875,0.1875,0.1875,0.1875,0.1875,0.1875,,,
26.6089298725128,0,0.1875,0.1875,0.1875,0.1875,0.1875,0.1875,,,
26.6109330654144,0,0.1875,0.1875,0.1875,0.1875,0.1875,0.1875,,,
26.6129338741302,0,0.1875,0.1875,0.1875,0.1875,0.1875,0.1875,,,
26.614935874939,0,0.1875,0.1875,0.1875,0.1875,0.1875,0.1875,,,
26.6169390678406,0,0.1875,0.1875,0.1875,0.1875,0.1875,0.1875,,,
26.6189398765564,0,0.1875,0.1875,0.1875,0.1875,0.1875,0.1875,,,
26.6209418773651,0,0.1875,0.1875,0.1875,0.1875,0.1875,0.1875,,,
26.6229429244995,0,0.1875,0.1875,0.1875,0.1875,0.1875,0.1875,,,
26.6249458789825,0,0.1875,0.1875,0.1875,0.1875,0.1875,0.1875,,,
26.6269459724426,0,0.1875,0.1875,0.1875,0.1875,0.1875,0.1875,,,
26.6289489269257,0,0.1875,0.1875,0.1875,0.1875,0.1875,0.1875,,,
26.6309490203857,0,0.1875,0.1875,0.1875,0.1875,0.1875,0.1875,,,
26.6329519748688,0,0.1875,0.1875,0.1875,0.1875,0.1875,0.1875,,,
26.6349549293518,0,0.1875,0.1875,0.1875,0.1875,0.1875,0.1875,,,
26.6369550228119,0,0.1875,0.1875,0.1875,0.1875,0.1875,0.1875,,,
26.6389579772949,0,0.1875,0.1875,0.1875,0.1875,0.1875,0.1875,,,
26.640958070755,0,0.1875,0.1875,0.1875,0.1875,0.1875,0.1875,,,
26.642961025238,0,0.1875,0.1875,0.1875,0.1875,0.1875,0.1875,,,
26.6449639797211,0,0.1875,0.1875,0.1875,0.1875,0.1875,0.1875,,,
26.6469640731812,0,0.1875,0.1875,0.1875,0.1875,0.1875,0.1875,,,
26.6489670276642,0,0.1875,0.1875,0.1875,0.1875,0.1875,0.1875,,,
26.6509668827057,0,0.1875,0.1875,0.1875,0.1875,0.1875,0.1875,,,
26.6529700756073,0,0.1875,0.1875,0.1875,0.1875,0.1875,0.1875,,,
26.6549730300903,0,0.1875,0.1875,0.1875,0.1875,0.1875,0.1875,,,
26.6569728851318,0,0.1875,0.1875,0.1875,0.1875,0.1875,0.1875,,,
26.6589760780334,0,0.1875,0.1875,0.1875,0.1875,0.1875,0.1875,,,
26.660975933075,0,0.1875,0.1875,0.1875,0.1875,0.1875,0.1875,,,
26.662978887558,0,0.1875,0.1875,0.1875,0.1875,0.1875,0.1875,,,
26.6649789810181,0,0.1875,0.1875,0.1875,0.1875,0.1875,0.1875,,,
26.6669819355011,0,0.1875,0.1875,0.1875,0.1875,0.1875,0.1875,,,
26.6689848899841,0,0.1875,0.1875,0.1875,0.1875,0.1875,0.1875,,,
26.6709849834442,0,0.1875,0.1875,0.1875,0.1875,0.1875,0.1875,,,
26.6729879379272,0,0.1875,0.1875,0.1875,0.1875,0.1875,0.1875,,,
26.6749880313873,0,0.1875,0.1875,0.1875,0.1875,0.1875,0.1875,,,
26.6769909858704,0,0.1875,0.1875,0.1875,0.1875,0.1875,0.1875,,,
26.6789920330048,0,0.1875,0.1875,0.1875,0.1875,0.1875,0.1875,,,
26.6809940338135,0,0.1875,0.1875,0.1875,0.1875,0.1875,0.1875,,,
26.6829969882965,0,0.1875,0.1875,0.1875,0.1875,0.1875,0.1875,,,
26.6849980354309,0,0.1875,0.1875,0.1875,0.1875,0.1875,0.1875,,,
26.6870000362396,0,0.1875,0.1875,0.1875,0.1875,0.1875,0.1875,,,
26.689001083374,0,0.1875,0.1875,0.1875,0.1875,0.1875,0.1875,,,
26.6910040378571,0,0.1875,0.1875,0.1875,0.1875,0.1875,0.1875,,,
26.6930038928986,0,0.1875,0.1875,0.1875,0.1875,0.1875,0.1875,,,
26.6950070858002,0,0.1875,0.1875,0.1875,0.1875,0.1875,0.1875,,,
26.6970100402832,0,0.1875,0.1875,0.1875,0.1875,0.1875,0.1875,,,
26.6990098953247,0,0.1875,0.1875,0.1875,0.1875,0.1875,0.1875,,,
26.7010130882263,0,0.1875,0.1875,0.1875,0.1875,0.1875,0.1875,,,
26.7030129432678,0,0.1875,0.1875,0.1875,0.1875,0.1875,0.1875,,,
26.7050158977509,0,0.1875,0.1875,0.1875,0.1875,0.1875,0.1875,,,
26.7070159912109,0,0.1875,0.1875,0.1875,0.1875,0.1875,0.1875,,,
26.709018945694,0,0.1875,0.1875,0.1875,0.1875,0.1875,0.1875,,,
26.711021900177,0,0.1875,0.1875,0.1875,0.1875,0.1875,0.1875,,,
26.7130219936371,0,0.1875,0.1875,0.1875,0.1875,0.1875,0.1875,,,
26.7150249481201,0,0.1875,0.1875,0.1875,0.1875,0.1875,0.1875,,,
26.7170250415802,0,0.1875,0.1875,0.1875,0.1875,0.1875,0.1875,,,
26.7190279960632,0,0.1875,0.1875,0.1875,0.1875,0.1875,0.1875,,,
26.7210280895233,0,0.1875,0.1875,0.1875,0.1875,0.1875,0.1875,,,
26.7230310440063,0,0.1875,0.1875,0.1875,0.1875,0.1875,0.1875,,,
26.7250339984894,0,0.1875,0.1875,0.1875,0.1875,0.1875,0.1875,,,
26.7270340919495,0,0.1875,0.1875,0.1875,0.1875,0.1875,0.1875,,,
26.7290370464325,0,0.1875,0.1875,0.1875,0.1875,0.1875,0.1875,,,
26.731036901474,0,0.1875,0.1875,0.1875,0.1875,0.1875,0.1875,,,
26.7330400943756,0,0.1875,0.1875,0.1875,0.1875,0.1875,0.1875,,,
26.7350399494171,0,0.1875,0.1875,0.1875,0.1875,0.1875,0.1875,,,
26.7370429039001,0,0.1875,0.1875,0.1875,0.1875,0.1875,0.1875,,,
26.7390460968018,0,0.1875,0.1875,0.1875,0.1875,0.1875,0.1875,,,
26.7410459518433,0,0.1875,0.1875,0.1875,0.1875,0.1875,0.1875,,,
26.7430489063263,0,0.1875,0.1875,0.1875,0.1875,0.1875,0.1875,,,
26.7450499534607,0,0.1875,0.1875,0.1875,0.1875,0.1875,0.1875,,,
26.7470529079437,0,0.1875,0.1875,0.1875,0.1875,0.1875,0.1875,,,
26.7490530014038,0,0.1875,0.1875,0.1875,0.1875,0.1875,0.1875,,,
26.7510559558868,0,0.1875,0.1875,0.1875,0.1875,0.1875,0.1875,,,
26.7530589103699,0,0.1875,0.1875,0.1875,0.1875,0.1875,0.1875,,,
26.75505900383,0,0.1875,0.1875,0.1875,0.1875,0.1875,0.1875,,,
26.757061958313,0,0.1875,0.1875,0.1875,0.1875,0.1875,0.1875,,,
26.7590620517731,0,0.1875,0.1875,0.1875,0.1875,0.1875,0.1875,,,
26.7610650062561,0,0.1875,0.1875,0.1875,0.1875,0.1875,0.1875,,,
26.7630650997162,0,0.1875,0.1875,0.1875,0.1875,0.1875,0.1875,,,
26.7650680541992,0,0.1875,0.1875,0.1875,0.1875,0.1875,0.1875,,,
26.7670710086823,0,0.1875,0.1875,0.1875,0.1875,0.1875,0.1875,,,
26.7690711021423,0,0.1875,0.1875,0.1875,0.1875,0.1875,0.1875,,,
26.7710740566254,0,0.1875,0.1875,0.1875,0.1875,0.1875,0.1875,,,
26.7730739116669,0,0.1875,0.1875,0.1875,0.1875,0.1875,0.1875,,,
26.7750768661499,0,0.1875,0.1875,0.1875,0.1875,0.1875,0.1875,,,
26.7770800590515,0,0.1875,0.1875,0.1875,0.1875,0.1875,0.1875,,,
26.779079914093,0,0.1875,0.1875,0.1875,0.1875,0.1875,0.1875,,,
26.7810828685761,0,0.1875,0.1875,0.1875,0.1875,0.1875,0.1875,,,
26.7830829620361,0,0.1875,0.1875,0.1875,0.1875,0.1875,0.1875,,,
26.7850859165192,0,0.1875,0.1875,0.1875,0.1875,0.1875,0.1875,,,
26.7870869636536,0,0.1875,0.1875,0.1875,0.1875,0.1875,0.1875,,,
26.7890889644623,0,0.1875,0.1875,0.1875,0.1875,0.1875,0.1875,,,
26.7910919189453,0,0.1875,0.1875,0.1875,0.1875,0.1875,0.1875,,,
26.7930920124054,0,0.1875,0.1875,0.1875,0.1875,0.1875,0.1875,,,
26.7950949668884,0,0.1875,0.1875,0.1875,0.1875,0.1875,0.1875,,,
26.7970979213715,0,0.1875,0.1875,0.1875,0.1875,0.1875,0.1875,,,
26.7990980148315,0,0.1875,0.1875,0.1875,0.1875,0.1875,0.1875,,,
26.8011009693146,0,0.1875,0.1875,0.1875,0.1875,0.1875,0.1875,,,
26.8031010627747,0,0.1875,0.1875,0.1875,0.1875,0.1875,0.1875,,,
26.8051040172577,0,0.1875,0.1875,0.1875,0.1875,0.1875,0.1875,,,
26.8071069717407,0,0.1875,0.1875,0.1875,0.1875,0.1875,0.1875,,,
26.8091070652008,0,0.1875,0.1875,0.1875,0.1875,0.1875,0.1875,,,
26.8111100196838,0,0.1875,0.1875,0.1875,0.1875,0.1875,0.1875,,,
26.8131098747253,0,0.1875,0.1875,0.1875,0.1875,0.1875,0.1875,,,
26.815113067627,0,0.1875,0.1875,0.1875,0.1875,0.1875,0.1875,,,
26.8171138763428,0,0.1875,0.1875,0.1875,0.1875,0.1875,0.1875,,,
26.8191158771515,0,0.1875,0.1875,0.1875,0.1875,0.1875,0.1875,,,
26.8211190700531,0,0.1875,0.1875,0.1875,0.1875,0.1875,0.1875,,,
26.8231198787689,0,0.1875,0.1875,0.1875,0.1875,0.1875,0.1875,,,
26.8251218795776,0,0.1875,0.1875,0.1875,0.1875,0.1875,0.1875,,,
26.827122926712,0,0.1875,0.1875,0.1875,0.1875,0.1875,0.1875,,,
26.8291249275208,0,0.1875,0.1875,0.1875,0.1875,0.1875,0.1875,,,
26.8311278820038,0,0.1875,0.1875,0.1875,0.1875,0.1875,0.1875,,,
26.8331289291382,0,0.1875,0.1875,0.1875,0.1875,0.1875,0.1875,,,
26.8351309299469,0,0.1875,0.1875,0.1875,0.1875,0.1875,0.1875,,,
26.8371319770813,0,0.1875,0.1875,0.1875,0.1875,0.1875,0.1875,,,
26.8391349315643,0,0.1875,0.1875,0.1875,0.1875,0.1875,0.1875,,,
26.8411350250244,0,0.1875,0.1875,0.1875,0.1875,0.1875,0.1875,,,
26.8431379795074,0,0.1875,0.1875,0.1875,0.1875,0.1875,0.1875,,,
26.8451409339905,0,0.1875,0.1875,0.1875,0.1875,0.1875,0.1875,,,
26.8471410274506,0,0.1875,0.1875,0.1875,0.1875,0.1875,0.1875,,,
26.8491439819336,0,0.1875,0.1875,0.1875,0.1875,0.1875,0.1875,,,
26.8511440753937,0,0.1875,0.1875,0.1875,0.1875,0.1875,0.1875,,,
26.8531470298767,0,0.1875,0.1875,0.1875,0.1875,0.1875,0.1875,,,
26.8551468849182,0,0.1875,0.1875,0.1875,0.1875,0.1875,0.1875,,,
26.8571500778198,0,0.1875,0.1875,0.1875,0.1875,0.1875,0.1875,,,
26.8591530323029,0,0.1875,0.1875,0.1875,0.1875,0.1875,0.1875,,,
26.8611528873444,0,0.1875,0.1875,0.1875,0.1875,0.1875,0.1875,,,
26.863156080246,0,0.1875,0.1875,0.1875,0.1875,0.1875,0.1875,,,
26.8651559352875,0,0.1875,0.1875,0.1875,0.1875,0.1875,0.1875,,,
26.8671588897705,0,0.1875,0.1875,0.1875,0.1875,0.1875,0.1875,,,
26.8691599369049,0,0.1875,0.1875,0.1875,0.1875,0.1875,0.1875,,,
26.8711619377136,0,0.1875,0.1875,0.1875,0.1875,0.1875,0.1875,,,
26.873162984848,0,0.1875,0.1875,0.1875,0.1875,0.1875,0.1875,,,
26.8751649856567,0,0.1875,0.1875,0.1875,0.1875,0.1875,0.1875,,,
26.8771679401398,0,0.1875,0.1875,0.1875,0.1875,0.1875,0.1875,,,
26.8791680335999,0,0.1875,0.1875,0.1875,0.1875,0.1875,0.1875,,,
26.8811709880829,0,0.1875,0.1875,0.1875,0.1875,0.1875,0.1875,,,
26.8831720352173,0,0.1875,0.1875,0.1875,0.1875,0.1875,0.1875,,,
26.885174036026,0,0.1875,0.1875,0.1875,0.1875,0.1875,0.1875,,,
26.887176990509,0,0.1875,0.1875,0.1875,0.1875,0.1875,0.1875,,,
26.8891780376434,0,0.1875,0.1875,0.1875,0.1875,0.1875,0.1875,,,
26.8911800384521,0,0.1875,0.1875,0.1875,0.1875,0.1875,0.1875,,,
26.8931810855865,0,0.1875,0.1875,0.1875,0.1875,0.1875,0.1875,,,
26.8951830863953,0,0.1875,0.1875,0.1875,0.1875,0.1875,0.1875,,,
26.8971838951111,0,0.1875,0.1875,0.1875,0.1875,0.1875,0.1875,,,
26.8991870880127,0,0.1875,0.1875,0.1875,0.1875,0.1875,0.1875,,,
26.9011869430542,0,0.1875,0.1875,0.1875,0.1875,0.1875,0.1875,,,
26.9031898975372,0,0.1875,0.1875,0.1875,0.1875,0.1875,0.1875,,,
26.9051930904388,0,0.1875,0.1875,0.1875,0.1875,0.1875,0.1875,,,
26.9071929454803,0,0.1875,0.1875,0.1875,0.1875,0.1875,0.1875,,,
26.9091958999634,0,0.1875,0.1875,0.1875,0.1875,0.1875,0.1875,,,
26.9111959934235,0,0.1875,0.1875,0.1875,0.1875,0.1875,0.1875,,,
26.9131989479065,0,0.1875,0.1875,0.1875,0.1875,0.1875,0.1875,,,
26.9151990413666,0,0.1875,0.1875,0.1875,0.1875,0.1875,0.1875,,,
26.9172019958496,0,0.1875,0.1875,0.1875,0.1875,0.1875,0.1875,,,
26.9192049503326,0,0.1875,0.1875,0.1875,0.1875,0.1875,0.1875,,,
26.9212050437927,0,0.1875,0.1875,0.1875,0.1875,0.1875,0.1875,,,
26.9232079982758,0,0.1875,0.1875,0.1875,0.1875,0.1875,0.1875,,,
26.9252080917358,0,0.1875,0.1875,0.1875,0.1875,0.1875,0.1875,,,
26.9272110462189,0,0.1875,0.1875,0.1875,0.1875,0.1875,0.1875,,,
26.9292140007019,0,0.1875,0.1875,0.1875,0.1875,0.1875,0.1875,,,
26.931214094162,0,0.1875,0.1875,0.1875,0.1875,0.1875,0.1875,,,
26.933217048645,0,0.1875,0.1875,0.1875,0.1875,0.1875,0.1875,,,
26.9352169036865,0,0.1875,0.1875,0.1875,0.1875,0.1875,0.1875,,,
26.9372200965881,0,0.1875,0.1875,0.1875,0.1875,0.1875,0.1875,,,
26.9392230510712,0,0.1875,0.1875,0.1875,0.1875,0.1875,0.1875,,,
26.9412229061127,0,0.1875,0.1875,0.1875,0.1875,0.1875,0.1875,,,
26.9432260990143,0,0.1875,0.1875,0.1875,0.1875,0.1875,0.1875,,,
26.9452259540558,0,0.1875,0.1875,0.1875,0.1875,0.1875,0.1875,,,
26.9472289085388,0,0.1875,0.1875,0.1875,0.1875,0.1875,0.1875,,,
26.9492321014404,0,0.1875,0.1875,0.1875,0.1875,0.1875,0.1875,,,
26.9512319564819,0,0.1875,0.1875,0.1875,0.1875,0.1875,0.1875,,,
26.953234910965,0,0.1875,0.1875,0.1875,0.1875,0.1875,0.1875,,,
26.955235004425,0,0.1875,0.1875,0.1875,0.1875,0.1875,0.1875,,,
26.9572379589081,0,0.1875,0.1875,0.1875,0.1875,0.1875,0.1875,,,
26.9592409133911,0,0.1875,0.1875,0.1875,0.1875,0.1875,0.1875,,,
26.9612410068512,0,0.1875,0.1875,0.1875,0.1875,0.1875,0.1875,,,
26.9632439613342,0,0.1875,0.1875,0.1875,0.1875,0.1875,0.1875,,,
26.9652440547943,0,0.1875,0.1875,0.1875,0.1875,0.1875,0.1875,,,
26.9672470092773,0,0.1875,0.1875,0.1875,0.1875,0.1875,0.1875,,,
26.9692471027374,0,0.1875,0.1875,0.1875,0.1875,0.1875,0.1875,,,
26.9712500572205,0,0.1875,0.1875,0.1875,0.1875,0.1875,0.1875,,,
26.9732530117035,0,0.1875,0.1875,0.1875,0.1875,0.1875,0.1875,,,
26.975252866745,0,0.1875,0.1875,0.1875,0.1875,0.1875,0.1875,,,
26.9772560596466,0,0.1875,0.1875,0.1875,0.1875,0.1875,0.1875,,,
26.9792559146881,0,0.1875,0.1875,0.1875,0.1875,0.1875,0.1875,,,
26.9812588691711,0,0.1875,0.1875,0.1875,0.1875,0.1875,0.1875,,,
26.9832589626312,0,0.1875,0.1875,0.1875,0.1875,0.1875,0.1875,,,
26.9852619171143,0,0.1875,0.1875,0.1875,0.1875,0.1875,0.1875,,,
26.9872648715973,0,0.1875,0.1875,0.1875,0.1875,0.1875,0.1875,,,
26.9892649650574,0,0.1875,0.1875,0.1875,0.1875,0.1875,0.1875,,,
26.9912679195404,0,0.1875,0.1875,0.1875,0.1875,0.1875,0.1875,,,
26.9932680130005,0,0.1875,0.1875,0.1875,0.1875,0.1875,0.1875,,,
26.9952709674835,0,0.1875,0.1875,0.1875,0.1875,0.1875,0.1875,,,
26.9972739219666,0,0.1875,0.1875,0.1875,0.1875,0.1875,0.1875,,,
26.9992740154266,0,0.1875,0.1875,0.1875,0.1875,0.1875,0.1875,,,
27.0012769699097,0,0.1875,0.1875,0.1875,0.1875,0.1875,0.1875,,,
27.0032770633698,0,0.1875,0.1875,0.1875,0.1875,0.1875,0.1875,,,
27.0052800178528,0,0.1875,0.1875,0.1875,0.1875,0.1875,0.1875,,,
27.0072829723358,0,0.1875,0.1875,0.1875,0.1875,0.1875,0.1875,,,
27.0092830657959,0,0.1875,0.1875,0.1875,0.1875,0.1875,0.1875,,,
27.0112860202789,0,0.1875,0.1875,0.1875,0.1875,0.1875,0.1875,,,
27.0132858753204,0,0.1875,0.1875,0.1875,0.1875,0.1875,0.1875,,,
27.015289068222,0,0.1875,0.1875,0.1875,0.1875,0.1875,0.1875,,,
27.0172889232636,0,0.1875,0.1875,0.1875,0.1875,0.1875,0.1875,,,
27.0192918777466,0,0.1875,0.1875,0.1875,0.1875,0.1875,0.1875,,,
27.0212950706482,0,0.1875,0.1875,0.1875,0.1875,0.1875,0.1875,,,
27.023295879364,0,0.1875,0.1875,0.1875,0.1875,0.1875,0.1875,,,
27.0252978801727,0,0.1875,0.1875,0.1875,0.1875,0.1875,0.1875,,,
27.0272989273071,0,0.1875,0.1875,0.1875,0.1875,0.1875,0.1875,,,
27.0293009281158,0,0.1875,0.1875,0.1875,0.1875,0.1875,0.1875,,,
27.0313038825989,0,0.1875,0.1875,0.1875,0.1875,0.1875,0.1875,,,
27.0333049297333,0,0.1875,0.1875,0.1875,0.1875,0.1875,0.1875,,,
27.035306930542,0,0.1875,0.1875,0.1875,0.1875,0.1875,0.1875,,,
27.0373079776764,0,0.1875,0.1875,0.1875,0.1875,0.1875,0.1875,,,
27.0393109321594,0,0.1875,0.1875,0.1875,0.1875,0.1875,0.1875,,,
27.0413110256195,0,0.1875,0.1875,0.1875,0.1875,0.1875,0.1875,,,
27.0433139801025,0,0.1875,0.1875,0.1875,0.1875,0.1875,0.1875,,,
27.0453140735626,0,0.1875,0.1875,0.1875,0.1875,0.1875,0.1875,,,
27.0473170280457,0,0.1875,0.1875,0.1875,0.1875,0.1875,0.1875,,,
27.0493168830872,0,0.1875,0.1875,0.1875,0.1875,0.1875,0.1875,,,
27.0513200759888,0,0.1875,0.1875,0.1875,0.1875,0.1875,0.1875,,,
27.0533230304718,0,0.1875,0.1875,0.1875,0.1875,0.1875,0.1875,,,
27.0553228855133,0,0.1875,0.1875,0.1875,0.1875,0.1875,0.1875,,,
27.0573260784149,0,0.1875,0.1875,0.1875,0.1875,0.1875,0.1875,,,
27.0593259334564,0,0.1875,0.1875,0.1875,0.1875,0.1875,0.1875,,,
27.0613288879395,0,0.1875,0.1875,0.1875,0.1875,0.1875,0.1875,,,
27.0633289813995,0,0.1875,0.1875,0.1875,0.1875,0.1875,0.1875,,,
27.0653319358826,0,0.1875,0.1875,0.1875,0.1875,0.1875,0.1875,,,
27.0673320293427,0,0.1875,0.1875,0.1875,0.1875,0.1875,0.1875,,,
27.0694589614868,0,0.1875,0.1875,0.1875,0.1875,0.1875,0.1875,,,
27.0714590549469,0,0.1875,0.1875,0.1875,0.1875,0.1875,0.1875,,,
27.0734620094299,0,0.1875,0.1875,0.1875,0.1875,0.1875,0.1875,,,
27.07546210289,0,0.1875,0.1875,0.1875,0.1875,0.1875,0.1875,,,
27.077465057373,0,0.1875,0.1875,0.1875,0.1875,0.1875,0.1875,,,
27.0794658660889,0,0.1875,0.1875,0.1875,0.1875,0.1875,0.1875,,,
27.0814678668976,0,0.1875,0.1875,0.1875,0.1875,0.1875,0.1875,,,
27.083468914032,0,0.1875,0.1875,0.1875,0.1875,0.1875,0.1875,,,
27.085471868515,0,0.1875,0.1875,0.1875,0.1875,0.1875,0.1875,,,
27.0874719619751,0,0.1875,0.1875,0.1875,0.1875,0.1875,0.1875,,,
27.0894749164581,0,0.1875,0.1875,0.1875,0.1875,0.1875,0.1875,,,
27.0914769172668,0,0.1875,0.1875,0.1875,0.1875,0.1875,0.1875,,,
27.0934779644012,0,0.1875,0.1875,0.1875,0.1875,0.1875,0.1875,,,
27.09547996521,0,0.1875,0.1875,0.1875,0.1875,0.1875,0.1875,,,
27.0974810123444,0,0.1875,0.1875,0.1875,0.1875,0.1875,0.1875,,,
27.0994830131531,0,0.1875,0.1875,0.1875,0.1875,0.1875,0.1875,,,
27.1014840602875,0,0.1875,0.1875,0.1875,0.1875,0.1875,0.1875,,,
27.1034860610962,0,0.1875,0.1875,0.1875,0.1875,0.1875,0.1875,,,
27.1054890155792,0,0.1875,0.1875,0.1875,0.1875,0.1875,0.1875,,,
27.1074900627136,0,0.1875,0.1875,0.1875,0.1875,0.1875,0.1875,,,
27.1094920635223,0,0.1875,0.1875,0.1875,0.1875,0.1875,0.1875,,,
27.1114928722382,0,0.1875,0.1875,0.1875,0.1875,0.1875,0.1875,,,
27.1134960651398,0,0.1875,0.1875,0.1875,0.1875,0.1875,0.1875,,,
27.1154959201813,0,0.1875,0.1875,0.1875,0.1875,0.1875,0.1875,,,
27.1174988746643,0,0.1875,0.1875,0.1875,0.1875,0.1875,0.1875,,,
27.1194989681244,0,0.1875,0.1875,0.1875,0.1875,0.1875,0.1875,,,
27.1215019226074,0,0.1875,0.1875,0.1875,0.1875,0.1875,0.1875,,,
27.1235048770905,0,0.1875,0.1875,0.1875,0.1875,0.1875,0.1875,,,
27.1255049705505,0,0.1875,0.1875,0.1875,0.1875,0.1875,0.1875,,,
27.1275079250336,0,0.1875,0.1875,0.1875,0.1875,0.1875,0.1875,,,
27.1295080184937,0,0.1875,0.1875,0.1875,0.1875,0.1875,0.1875,,,
27.1315109729767,0,0.1875,0.1875,0.1875,0.1875,0.1875,0.1875,,,
27.1335139274597,0,0.1875,0.1875,0.1875,0.1875,0.1875,0.1875,,,
27.1355140209198,0,0.1875,0.1875,0.1875,0.1875,0.1875,0.1875,,,
27.1375169754028,0,0.1875,0.1875,0.1875,0.1875,0.1875,0.1875,,,
27.1395180225372,0,0.1875,0.1875,0.1875,0.1875,0.1875,0.1875,,,
27.1415200233459,0,0.1875,0.1875,0.1875,0.1875,0.1875,0.1875,,,
27.1435210704803,0,0.1875,0.1875,0.1875,0.1875,0.1875,0.1875,,,
27.1455230712891,0,0.1875,0.1875,0.1875,0.1875,0.1875,0.1875,,,
27.1475260257721,0,0.1875,0.1875,0.1875,0.1875,0.1875,0.1875,,,
27.1495258808136,0,0.1875,0.1875,0.1875,0.1875,0.1875,0.1875,,,
27.1515290737152,0,0.1875,0.1875,0.1875,0.1875,0.1875,0.1875,,,
27.153529882431,0,0.1875,0.1875,0.1875,0.1875,0.1875,0.1875,,,
27.1555318832397,0,0.1875,0.1875,0.1875,0.1875,0.1875,0.1875,,,
27.1575350761414,0,0.1875,0.1875,0.1875,0.1875,0.1875,0.1875,,,
27.1595349311829,0,0.1875,0.1875,0.1875,0.1875,0.1875,0.1875,,,
27.1615378856659,0,0.1875,0.1875,0.1875,0.1875,0.1875,0.1875,,,
27.163537979126,0,0.1875,0.1875,0.1875,0.1875,0.1875,0.1875,,,
27.165540933609,0,0.1875,0.1875,0.1875,0.1875,0.1875,0.1875,,,
27.167543888092,0,0.1875,0.1875,0.1875,0.1875,0.1875,0.1875,,,
27.1695439815521,0,0.1875,0.1875,0.1875,0.1875,0.1875,0.1875,,,
27.1715469360352,0,0.1875,0.1875,0.1875,0.1875,0.1875,0.1875,,,
27.1735470294952,0,0.1875,0.1875,0.1875,0.1875,0.1875,0.1875,,,
27.1755499839783,0,0.1875,0.1875,0.1875,0.1875,0.1875,0.1875,,,
27.1775500774384,0,0.1875,0.1875,0.1875,0.1875,0.1875,0.1875,,,
27.1795530319214,0,0.1875,0.1875,0.1875,0.1875,0.1875,0.1875,,,
27.1815559864044,0,0.1875,0.1875,0.1875,0.1875,0.1875,0.1875,,,
27.1835560798645,0,0.1875,0.1875,0.1875,0.1875,0.1875,0.1875,,,
27.1855590343475,0,0.1875,0.1875,0.1875,0.1875,0.1875,0.1875,,,
27.187558889389,0,0.1875,0.1875,0.1875,0.1875,0.1875,0.1875,,,
27.1895620822906,0,0.1875,0.1875,0.1875,0.1875,0.1875,0.1875,,,
27.1915628910065,0,0.1875,0.1875,0.1875,0.1875,0.1875,0.1875,,,
27.1935648918152,0,0.1875,0.1875,0.1875,0.1875,0.1875,0.1875,,,
27.1955680847168,0,0.1875,0.1875,0.1875,0.1875,0.1875,0.1875,,,
27.1975688934326,0,0.1875,0.1875,0.1875,0.1875,0.1875,0.1875,,,
27.1995708942413,0,0.1875,0.1875,0.1875,0.1875,0.1875,0.1875,,,
27.2015719413757,0,0.1875,0.1875,0.1875,0.1875,0.1875,0.1875,,,
27.2035748958588,0,0.1875,0.1875,0.1875,0.1875,0.1875,0.1875,,,
27.2055749893188,0,0.1875,0.1875,0.1875,0.1875,0.1875,0.1875,,,
27.2075779438019,0,0.1875,0.1875,0.1875,0.1875,0.1875,0.1875,,,
27.2095799446106,0,0.1875,0.1875,0.1875,0.1875,0.1875,0.1875,,,
27.211580991745,0,0.1875,0.1875,0.1875,0.1875,0.1875,0.1875,,,
27.2135829925537,0,0.1875,0.1875,0.1875,0.1875,0.1875,0.1875,,,
27.2155840396881,0,0.1875,0.1875,0.1875,0.1875,0.1875,0.1875,,,
27.2175869941711,0,0.1875,0.1875,0.1875,0.1875,0.1875,0.1875,,,
27.2195870876312,0,0.1875,0.1875,0.1875,0.1875,0.1875,0.1875,,,
27.2215900421143,0,0.1875,0.1875,0.1875,0.1875,0.1875,0.1875,,,
27.223592042923,0,0.1875,0.1875,0.1875,0.1875,0.1875,0.1875,,,
27.2255930900574,0,0.1875,0.1875,0.1875,0.1875,0.1875,0.1875,,,
27.2275950908661,0,0.1875,0.1875,0.1875,0.1875,0.1875,0.1875,,,
27.2295958995819,0,0.1875,0.1875,0.1875,0.1875,0.1875,0.1875,,,
27.2315990924835,0,0.1875,0.1875,0.1875,0.1875,0.1875,0.1875,,,
27.233598947525,0,0.1875,0.1875,0.1875,0.1875,0.1875,0.1875,,,
27.2356019020081,0,0.1875,0.1875,0.1875,0.1875,0.1875,0.1875,,,
27.2376050949097,0,0.1875,0.1875,0.1875,0.1875,0.1875,0.1875,,,
27.2396049499512,0,0.1875,0.1875,0.1875,0.1875,0.1875,0.1875,,,
27.2416079044342,0,0.1875,0.1875,0.1875,0.1875,0.1875,0.1875,,,
27.2436079978943,0,0.1875,0.1875,0.1875,0.1875,0.1875,0.1875,,,
27.2456109523773,0,0.1875,0.1875,0.1875,0.1875,0.1875,0.1875,,,
27.2476110458374,0,0.1875,0.1875,0.1875,0.1875,0.1875,0.1875,,,
27.2496140003204,0,0.1875,0.1875,0.1875,0.1875,0.1875,0.1875,,,
27.2516140937805,0,0.1875,0.1875,0.1875,0.1875,0.1875,0.1875,,,
27.2536170482636,0,0.1875,0.1875,0.1875,0.1875,0.1875,0.1875,,,
27.2556200027466,0,0.1875,0.1875,0.1875,0.1875,0.1875,0.1875,,,
27.2576200962067,0,0.1875,0.1875,0.1875,0.1875,0.1875,0.1875,,,
27.2596230506897,0,0.1875,0.1875,0.1875,0.1875,0.1875,0.1875,,,
27.2616229057312,0,0.1875,0.1875,0.1875,0.1875,0.1875,0.1875,,,
27.2636260986328,0,0.1875,0.1875,0.1875,0.1875,0.1875,0.1875,,,
27.2656259536743,0,0.1875,0.1875,0.1875,0.1875,0.1875,0.1875,,,
27.2676289081573,0,0.1875,0.1875,0.1875,0.1875,0.1875,0.1875,,,
27.2696299552917,0,0.1875,0.1875,0.1875,0.1875,0.1875,0.1875,,,
27.2716319561005,0,0.1875,0.1875,0.1875,0.1875,0.1875,0.1875,,,
27.2736330032349,0,0.1875,0.1875,0.1875,0.1875,0.1875,0.1875,,,
27.2756350040436,0,0.1875,0.1875,0.1875,0.1875,0.1875,0.1875,,,
27.2776379585266,0,0.1875,0.1875,0.1875,0.1875,0.1875,0.1875,,,
27.279639005661,0,0.1875,0.1875,0.1875,0.1875,0.1875,0.1875,,,
27.2816410064697,0,0.1875,0.1875,0.1875,0.1875,0.1875,0.1875,,,
27.2836420536041,0,0.1875,0.1875,0.1875,0.1875,0.1875,0.1875,,,
27.2856450080872,0,0.1875,0.1875,0.1875,0.1875,0.1875,0.1875,,,
27.2876451015472,0,0.1875,0.1875,0.1875,0.1875,0.1875,0.1875,,,
27.2896480560303,0,0.1875,0.1875,0.1875,0.1875,0.1875,0.1875,,,
27.2916479110718,0,0.1875,0.1875,0.1875,0.1875,0.1875,0.1875,,,
27.2936508655548,0,0.1875,0.1875,0.1875,0.1875,0.1875,0.1875,,,
27.2956528663635,0,0.1875,0.1875,0.1875,0.1875,0.1875,0.1875,,,
27.2976539134979,0,0.1875,0.1875,0.1875,0.1875,0.1875,0.1875,,,
27.299656867981,0,0.1875,0.1875,0.1875,0.1875,0.1875,0.1875,,,
27.301656961441,0,0.1875,0.1875,0.1875,0.1875,0.1875,0.1875,,,
27.3036599159241,0,0.1875,0.1875,0.1875,0.1875,0.1875,0.1875,,,
27.3056600093842,0,0.1875,0.1875,0.1875,0.1875,0.1875,0.1875,,,
27.3076629638672,0,0.1875,0.1875,0.1875,0.1875,0.1875,0.1875,,,
27.3096659183502,0,0.1875,0.1875,0.1875,0.1875,0.1875,0.1875,,,
27.3116660118103,0,0.1875,0.1875,0.1875,0.1875,0.1875,0.1875,,,
27.3136689662933,0,0.1875,0.1875,0.1875,0.1875,0.1875,0.1875,,,
27.3156690597534,0,0.1875,0.1875,0.1875,0.1875,0.1875,0.1875,,,
27.3176720142365,0,0.1875,0.1875,0.1875,0.1875,0.1875,0.1875,,,
27.319671869278,0,0.1875,0.1875,0.1875,0.1875,0.1875,0.1875,,,
27.3216750621796,0,0.1875,0.1875,0.1875,0.1875,0.1875,0.1875,,,
27.3236780166626,0,0.1875,0.1875,0.1875,0.1875,0.1875,0.1875,,,
27.3256778717041,0,0.1875,0.1875,0.1875,0.1875,0.1875,0.1875,,,
27.3276810646057,0,0.1875,0.1875,0.1875,0.1875,0.1875,0.1875,,,
27.3296809196472,0,0.1875,0.1875,0.1875,0.1875,0.1875,0.1875,,,
27.3316838741302,0,0.1875,0.1875,0.1875,0.1875,0.1875,0.1875,,,
27.3336839675903,0,0.1875,0.1875,0.1875,0.1875,0.1875,0.1875,,,
27.3356869220734,0,0.1875,0.1875,0.1875,0.1875,0.1875,0.1875,,,
27.3376898765564,0,0.1875,0.1875,0.1875,0.1875,0.1875,0.1875,,,
27.3396899700165,0,0.1875,0.1875,0.1875,0.1875,0.1875,0.1875,,,
27.3416929244995,0,0.1875,0.1875,0.1875,0.1875,0.1875,0.1875,,,
27.3436930179596,0,0.1875,0.1875,0.1875,0.1875,0.1875,0.1875,,,
27.3456959724426,0,0.1875,0.1875,0.1875,0.1875,0.1875,0.1875,,,
27.3476960659027,0,0.1875,0.1875,0.1875,0.1875,0.1875,0.1875,,,
27.3496990203857,0,0.1875,0.1875,0.1875,0.1875,0.1875,0.1875,,,
27.3517019748688,0,0.1875,0.1875,0.1875,0.1875,0.1875,0.1875,,,
27.3537020683289,0,0.1875,0.1875,0.1875,0.1875,0.1875,0.1875,,,
27.3557050228119,0,0.1875,0.1875,0.1875,0.1875,0.1875,0.1875,,,
27.3577048778534,0,0.1875,0.1875,0.1875,0.1875,0.1875,0.1875,,,
27.359708070755,0,0.1875,0.1875,0.1875,0.1875,0.1875,0.1875,,,
27.3617088794708,0,0.1875,0.1875,0.1875,0.1875,0.1875,0.1875,,,
27.3637108802795,0,0.1875,0.1875,0.1875,0.1875,0.1875,0.1875,,,
27.3657119274139,0,0.1875,0.1875,0.1875,0.1875,0.1875,0.1875,,,
27.367714881897,0,0.1875,0.1875,0.1875,0.1875,0.1875,0.1875,,,
27.3697180747986,0,0.1875,0.1875,0.1875,0.1875,0.1875,0.1875,,,
27.3717179298401,0,0.1875,0.1875,0.1875,0.1875,0.1875,0.1875,,,
27.3737208843231,0,0.1875,0.1875,0.1875,0.1875,0.1875,0.1875,,,
27.3757209777832,0,0.1875,0.1875,0.1875,0.1875,0.1875,0.1875,,,
27.3777239322662,0,0.1875,0.1875,0.1875,0.1875,0.1875,0.1875,,,
27.3797240257263,0,0.1875,0.1875,0.1875,0.1875,0.1875,0.1875,,,
27.3817269802094,0,0.1875,0.1875,0.1875,0.1875,0.1875,0.1875,,,
27.3837270736694,0,0.1875,0.1875,0.1875,0.1875,0.1875,0.1875,,,
27.3857300281525,0,0.1875,0.1875,0.1875,0.1875,0.1875,0.1875,,,
27.3877329826355,0,0.1875,0.1875,0.1875,0.1875,0.1875,0.1875,,,
27.3897330760956,0,0.1875,0.1875,0.1875,0.1875,0.1875,0.1875,,,
27.3917360305786,0,0.1875,0.1875,0.1875,0.1875,0.1875,0.1875,,,
27.3937358856201,0,0.1875,0.1875,0.1875,0.1875,0.1875,0.1875,,,
27.3957390785217,0,0.1875,0.1875,0.1875,0.1875,0.1875,0.1875,,,
27.3977389335632,0,0.1875,0.1875,0.1875,0.1875,0.1875,0.1875,,,
27.3997418880463,0,0.1875,0.1875,0.1875,0.1875,0.1875,0.1875,,,
27.4017429351807,0,0.1875,0.1875,0.1875,0.1875,0.1875,0.1875,,,
27.4037449359894,0,0.1875,0.1875,0.1875,0.1875,0.1875,0.1875,,,
27.4057478904724,0,0.1875,0.1875,0.1875,0.1875,0.1875,0.1875,,,
27.4077479839325,0,0.1875,0.1875,0.1875,0.1875,0.1875,0.1875,,,
27.4097509384155,0,0.1875,0.1875,0.1875,0.1875,0.1875,0.1875,,,
27.4117519855499,0,0.1875,0.1875,0.1875,0.1875,0.1875,0.1875,,,
27.4137539863586,0,0.1875,0.1875,0.1875,0.1875,0.1875,0.1875,,,
27.415755033493,0,0.1875,0.1875,0.1875,0.1875,0.1875,0.1875,,,
27.4177570343018,0,0.1875,0.1875,0.1875,0.1875,0.1875,0.1875,,,
27.4197599887848,0,0.1875,0.1875,0.1875,0.1875,0.1875,0.1875,,,
27.4217610359192,0,0.1875,0.1875,0.1875,0.1875,0.1875,0.1875,,,
27.4237639904022,0,0.1875,0.1875,0.1875,0.1875,0.1875,0.1875,,,
27.4257640838623,0,0.1875,0.1875,0.1875,0.1875,0.1875,0.1875,,,
27.4277670383453,0,0.1875,0.1875,0.1875,0.1875,0.1875,0.1875,,,
27.4297668933868,0,0.1875,0.1875,0.1875,0.1875,0.1875,0.1875,,,
27.4317700862885,0,0.1875,0.1875,0.1875,0.1875,0.1875,0.1875,,,
27.43376994133,0,0.1875,0.1875,0.1875,0.1875,0.1875,0.1875,,,
27.435772895813,0,0.1875,0.1875,0.1875,0.1875,0.1875,0.1875,,,
27.4377760887146,0,0.1875,0.1875,0.1875,0.1875,0.1875,0.1875,,,
27.4397768974304,0,0.1875,0.1875,0.1875,0.1875,0.1875,0.1875,,,
27.4417788982391,0,0.1875,0.1875,0.1875,0.1875,0.1875,0.1875,,,
27.4437799453735,0,0.1875,0.1875,0.1875,0.1875,0.1875,0.1875,,,
27.4457828998566,0,0.1875,0.1875,0.1875,0.1875,0.1875,0.1875,,,
27.4477829933167,0,0.1875,0.1875,0.1875,0.1875,0.1875,0.1875,,,
27.4497859477997,0,0.1875,0.1875,0.1875,0.1875,0.1875,0.1875,,,
27.4517889022827,0,0.1875,0.1875,0.1875,0.1875,0.1875,0.1875,,,
27.4537889957428,0,0.1875,0.1875,0.1875,0.1875,0.1875,0.1875,,,
27.4557919502258,0,0.1875,0.1875,0.1875,0.1875,0.1875,0.1875,,,
27.4577920436859,0,0.1875,0.1875,0.1875,0.1875,0.1875,0.1875,,,
27.4597949981689,0,0.1875,0.1875,0.1875,0.1875,0.1875,0.1875,,,
27.461795091629,0,0.1875,0.1875,0.1875,0.1875,0.1875,0.1875,,,
27.4637980461121,0,0.1875,0.1875,0.1875,0.1875,0.1875,0.1875,,,
27.4658010005951,0,0.1875,0.1875,0.1875,0.1875,0.1875,0.1875,,,
27.4678010940552,0,0.1875,0.1875,0.1875,0.1875,0.1875,0.1875,,,
27.4698040485382,0,0.1875,0.1875,0.1875,0.1875,0.1875,0.1875,,,
27.4718039035797,0,0.1875,0.1875,0.1875,0.1875,0.1875,0.1875,,,
27.4738070964813,0,0.1875,0.1875,0.1875,0.1875,0.1875,0.1875,,,
27.4758100509644,0,0.1875,0.1875,0.1875,0.1875,0.1875,0.1875,,,
27.4778099060059,0,0.1875,0.1875,0.1875,0.1875,0.1875,0.1875,,,
27.4798130989075,0,0.1875,0.1875,0.1875,0.1875,0.1875,0.1875,,,
27.481812953949,0,0.1875,0.1875,0.1875,0.1875,0.1875,0.1875,,,
27.4838149547577,0,0.1875,0.1875,0.1875,0.1875,0.1875,0.1875,,,
27.4858179092407,0,0.1875,0.1875,0.1875,0.1875,0.1875,0.1875,,,
27.4878189563751,0,0.1875,0.1875,0.1875,0.1875,0.1875,0.1875,,,
27.4898219108582,0,0.1875,0.1875,0.1875,0.1875,0.1875,0.1875,,,
27.4918220043182,0,0.1875,0.1875,0.1875,0.1875,0.1875,0.1875,,,
27.4938249588013,0,0.1875,0.1875,0.1875,0.1875,0.1875,0.1875,,,
27.4958250522614,0,0.1875,0.1875,0.1875,0.1875,0.1875,0.1875,,,
27.4978280067444,0,0.1875,0.1875,0.1875,0.1875,0.1875,0.1875,,,
27.4998290538788,0,0.1875,0.1875,0.1875,0.1875,0.1875,0.1875,,,
27.5018310546875,0,0.1875,0.1875,0.1875,0.1875,0.1875,0.1875,,,
27.5038340091705,0,0.1875,0.1875,0.1875,0.1875,0.1875,0.1875,,,
27.5058350563049,0,0.1875,0.1875,0.1875,0.1875,0.1875,0.1875,,,
27.507838010788,0,0.1875,0.1875,0.1875,0.1875,0.1875,0.1875,,,
27.5098378658295,0,0.1875,0.1875,0.1875,0.1875,0.1875,0.1875,,,
27.5118410587311,0,0.1875,0.1875,0.1875,0.1875,0.1875,0.1875,,,
27.5138418674469,0,0.1875,0.1875,0.1875,0.1875,0.1875,0.1875,,,
27.5158450603485,0,0.1875,0.1875,0.1875,0.1875,0.1875,0.1875,,,
27.51784491539,0,0.1875,0.1875,0.1875,0.1875,0.1875,0.1875,,,
27.519847869873,0,0.1875,0.1875,0.1875,0.1875,0.1875,0.1875,,,
27.5218510627747,0,0.1875,0.1875,0.1875,0.1875,0.1875,0.1875,,,
27.5238518714905,0,0.1875,0.1875,0.1875,0.1875,0.1875,0.1875,,,
27.5258519649506,0,0.1875,0.1875,0.1875,0.1875,0.1875,0.1875,,,
27.5278549194336,0,0.1875,0.1875,0.1875,0.1875,0.1875,0.1875,,,
27.5298578739166,0,0.1875,0.1875,0.1875,0.1875,0.1875,0.1875,,,
27.5318579673767,0,0.1875,0.1875,0.1875,0.1875,0.1875,0.1875,,,
27.5338609218597,0,0.1875,0.1875,0.1875,0.1875,0.1875,0.1875,,,
27.5358610153198,0,0.1875,0.1875,0.1875,0.1875,0.1875,0.1875,,,
27.5378639698029,0,0.1875,0.1875,0.1875,0.1875,0.1875,0.1875,,,
27.5398640632629,0,0.1875,0.1875,0.1875,0.1875,0.1875,0.1875,,,
27.541867017746,0,0.1875,0.1875,0.1875,0.1875,0.1875,0.1875,,,
27.5438690185547,0,0.1875,0.1875,0.1875,0.1875,0.1875,0.1875,,,
27.5458719730377,0,0.1875,0.1875,0.1875,0.1875,0.1875,0.1875,,,
27.5478720664978,0,0.1875,0.1875,0.1875,0.1875,0.1875,0.1875,,,
27.5498750209808,0,0.1875,0.1875,0.1875,0.1875,0.1875,0.1875,,,
27.5518770217896,0,0.1875,0.1875,0.1875,0.1875,0.1875,0.1875,,,
27.553878068924,0,0.1875,0.1875,0.1875,0.1875,0.1875,0.1875,,,
27.5558800697327,0,0.1875,0.1875,0.1875,0.1875,0.1875,0.1875,,,
27.5578808784485,0,0.1875,0.1875,0.1875,0.1875,0.1875,0.1875,,,
27.5598828792572,0,0.1875,0.1875,0.1875,0.1875,0.1875,0.1875,,,
27.5618860721588,0,0.1875,0.1875,0.1875,0.1875,0.1875,0.1875,,,
27.5638859272003,0,0.1875,0.1875,0.1875,0.1875,0.1875,0.1875,,,
27.5658888816834,0,0.1875,0.1875,0.1875,0.1875,0.1875,0.1875,,,
27.5677900314331,0,0.1875,0.1875,0.1875,0.1875,0.1875,0.1875,,,
27.5697898864746,0,0.1875,0.1875,0.1875,0.1875,0.1875,0.1875,,,
27.5717930793762,0,0.1875,0.1875,0.1875,0.1875,0.1875,0.1875,,,
27.5737929344177,0,0.1875,0.1875,0.1875,0.1875,0.1875,0.1875,,,
27.5757958889008,0,0.1875,0.1875,0.1875,0.1875,0.1875,0.1875,,,
27.5777990818024,0,0.1875,0.1875,0.1875,0.1875,0.1875,0.1875,,,
27.5798010826111,0,0.1875,0.1875,0.1875,0.1875,0.1875,0.1875,,,
27.5818018913269,0,0.1875,0.1875,0.1875,0.1875,0.1875,0.1875,,,
27.5838038921356,0,0.1875,0.1875,0.1875,0.1875,0.1875,0.1875,,,
27.58580493927,0,0.1875,0.1875,0.1875,0.1875,0.1875,0.1875,,,
27.5878069400787,0,0.1875,0.1875,0.1875,0.1875,0.1875,0.1875,,,
27.5898098945618,0,0.1875,0.1875,0.1875,0.1875,0.1875,0.1875,,,
27.5918099880219,0,0.1875,0.1875,0.1875,0.1875,0.1875,0.1875,,,
27.5938129425049,0,0.1875,0.1875,0.1875,0.1875,0.1875,0.1875,,,
27.5958149433136,0,0.1875,0.1875,0.1875,0.1875,0.1875,0.1875,,,
27.5978150367737,0,0.1875,0.1875,0.1875,0.1875,0.1875,0.1875,,,
27.5998179912567,0,0.1875,0.1875,0.1875,0.1875,0.1875,0.1875,,,
27.6018209457397,0,0.1875,0.1875,0.1875,0.1875,0.1875,0.1875,,,
27.6038210391998,0,0.1875,0.1875,0.1875,0.1875,0.1875,0.1875,,,
27.6058239936829,0,0.1875,0.1875,0.1875,0.1875,0.1875,0.1875,,,
27.6078240871429,0,0.1875,0.1875,0.1875,0.1875,0.1875,0.1875,,,
27.609827041626,0,0.1875,0.1875,0.1875,0.1875,0.1875,0.1875,,,
27.6118290424347,0,0.1875,0.1875,0.1875,0.1875,0.1875,0.1875,,,
27.6138300895691,0,0.1875,0.1875,0.1875,0.1875,0.1875,0.1875,,,
27.6158320903778,0,0.1875,0.1875,0.1875,0.1875,0.1875,0.1875,,,
27.6178350448608,0,0.1875,0.1875,0.1875,0.1875,0.1875,0.1875,,,
27.6198348999023,0,0.1875,0.1875,0.1875,0.1875,0.1875,0.1875,,,
27.621838092804,0,0.1875,0.1875,0.1875,0.1875,0.1875,0.1875,,,
27.6238400936127,0,0.1875,0.1875,0.1875,0.1875,0.1875,0.1875,,,
27.6258409023285,0,0.1875,0.1875,0.1875,0.1875,0.1875,0.1875,,,
27.6278440952301,0,0.1875,0.1875,0.1875,0.1875,0.1875,0.1875,,,
27.6298439502716,0,0.1875,0.1875,0.1875,0.1875,0.1875,0.1875,,,
27.6318519115448,0,0.1875,0.1875,0.1875,0.1875,0.1875,0.1875,,,
27.6338520050049,0,0.1875,0.1875,0.1875,0.1875,0.1875,0.1875,,,
27.6358549594879,0,0.1875,0.1875,0.1875,0.1875,0.1875,0.1875,,,
27.637855052948,0,0.1875,0.1875,0.1875,0.1875,0.1875,0.1875,,,
27.6398549079895,0,0.1875,0.1875,0.1875,0.1875,0.1875,0.1875,,,
27.6418559551239,0,0.1875,0.1875,0.1875,0.1875,0.1875,0.1875,,,
27.643856048584,0,0.1875,0.1875,0.1875,0.1875,0.1875,0.1875,,,
27.645859003067,0,0.1875,0.1875,0.1875,0.1875,0.1875,0.1875,,,
27.6478590965271,0,0.1875,0.1875,0.1875,0.1875,0.1875,0.1875,,,
27.6498620510101,0,0.1875,0.1875,0.1875,0.1875,0.1875,0.1875,,,
27.6518640518188,0,0.1875,0.1875,0.1875,0.1875,0.1875,0.1875,,,
27.6538650989532,0,0.1875,0.1875,0.1875,0.1875,0.1875,0.1875,,,
27.6558680534363,0,0.1875,0.1875,0.1875,0.1875,0.1875,0.1875,,,
27.6578679084778,0,0.1875,0.1875,0.1875,0.1875,0.1875,0.1875,,,
27.6598711013794,0,0.1875,0.1875,0.1875,0.1875,0.1875,0.1875,,,
27.6618731021881,0,0.1875,0.1875,0.1875,0.1875,0.1875,0.1875,,,
27.6638739109039,0,0.1875,0.1875,0.1875,0.1875,0.1875,0.1875,,,
27.6658759117126,0,0.1875,0.1875,0.1875,0.1875,0.1875,0.1875,,,
27.667876958847,0,0.1875,0.1875,0.1875,0.1875,0.1875,0.1875,,,
27.6698799133301,0,0.1875,0.1875,0.1875,0.1875,0.1875,0.1875,,,
27.6718800067902,0,0.1875,0.1875,0.1875,0.1875,0.1875,0.1875,,,
27.6738829612732,0,0.1875,0.1875,0.1875,0.1875,0.1875,0.1875,,,
27.6758859157562,0,0.1875,0.1875,0.1875,0.1875,0.1875,0.1875,,,
27.6778860092163,0,0.1875,0.1875,0.1875,0.1875,0.1875,0.1875,,,
27.6798889636993,0,0.1875,0.1875,0.1875,0.1875,0.1875,0.1875,,,
27.6818890571594,0,0.1875,0.1875,0.1875,0.1875,0.1875,0.1875,,,
27.6838920116425,0,0.1875,0.1875,0.1875,0.1875,0.1875,0.1875,,,
27.685891866684,0,0.1875,0.1875,0.1875,0.1875,0.1875,0.1875,,,
27.6878950595856,0,0.1875,0.1875,0.1875,0.1875,0.1875,0.1875,,,
27.6898980140686,0,0.1875,0.1875,0.1875,0.1875,0.1875,0.1875,,,
27.6918978691101,0,0.1875,0.1875,0.1875,0.1875,0.1875,0.1875,,,
27.6939010620117,0,0.1875,0.1875,0.1875,0.1875,0.1875,0.1875,,,
27.6959009170532,0,0.1875,0.1875,0.1875,0.1875,0.1875,0.1875,,,
27.6979038715363,0,0.1875,0.1875,0.1875,0.1875,0.1875,0.1875,,,
27.6999070644379,0,0.1875,0.1875,0.1875,0.1875,0.1875,0.1875,,,
27.7019069194794,0,0.1875,0.1875,0.1875,0.1875,0.1875,0.1875,,,
27.7039098739624,0,0.1875,0.1875,0.1875,0.1875,0.1875,0.1875,,,
27.7059099674225,0,0.1875,0.1875,0.1875,0.1875,0.1875,0.1875,,,
27.7079129219055,0,0.1875,0.1875,0.1875,0.1875,0.1875,0.1875,,,
27.7099139690399,0,0.1875,0.1875,0.1875,0.1875,0.1875,0.1875,,,
27.7119159698486,0,0.1875,0.1875,0.1875,0.1875,0.1875,0.1875,,,
27.7139189243317,0,0.1875,0.1875,0.1875,0.1875,0.1875,0.1875,,,
27.7159199714661,0,0.1875,0.1875,0.1875,0.1875,0.1875,0.1875,,,
27.7179219722748,0,0.1875,0.1875,0.1875,0.1875,0.1875,0.1875,,,
27.7199230194092,0,0.1875,0.1875,0.1875,0.1875,0.1875,0.1875,,,
27.7219250202179,0,0.1875,0.1875,0.1875,0.1875,0.1875,0.1875,,,
27.7239260673523,0,0.1875,0.1875,0.1875,0.1875,0.1875,0.1875,,,
27.7259290218353,0,0.1875,0.1875,0.1875,0.1875,0.1875,0.1875,,,
27.7279319763184,0,0.1875,0.1875,0.1875,0.1875,0.1875,0.1875,,,
27.7299320697784,0,0.1875,0.1875,0.1875,0.1875,0.1875,0.1875,,,
27.7319350242615,0,0.1875,0.1875,0.1875,0.1875,0.1875,0.1875,,,
27.733934879303,0,0.1875,0.1875,0.1875,0.1875,0.1875,0.1875,,,
27.7359380722046,0,0.1875,0.1875,0.1875,0.1875,0.1875,0.1875,,,
27.7379410266876,0,0.1875,0.1875,0.1875,0.1875,0.1875,0.1875,,,
27.7399408817291,0,0.1875,0.1875,0.1875,0.1875,0.1875,0.1875,,,
27.7419440746307,0,0.1875,0.1875,0.1875,0.1875,0.1875,0.1875,,,
27.7439439296722,0,0.1875,0.1875,0.1875,0.1875,0.1875,0.1875,,,
27.7459468841553,0,0.1875,0.1875,0.1875,0.1875,0.1875,0.1875,,,
27.7479500770569,0,0.1875,0.1875,0.1875,0.1875,0.1875,0.1875,,,
27.7499499320984,0,0.1875,0.1875,0.1875,0.1875,0.1875,0.1875,,,
27.7519528865814,0,0.1875,0.1875,0.1875,0.1875,0.1875,0.1875,,,
27.7539529800415,0,0.1875,0.1875,0.1875,0.1875,0.1875,0.1875,,,
27.7559559345245,0,0.1875,0.1875,0.1875,0.1875,0.1875,0.1875,,,
27.7579560279846,0,0.1875,0.1875,0.1875,0.1875,0.1875,0.1875,,,
27.7599589824677,0,0.1875,0.1875,0.1875,0.1875,0.1875,0.1875,,,
27.7619619369507,0,0.1875,0.1875,0.1875,0.1875,0.1875,0.1875,,,
27.7639620304108,0,0.1875,0.1875,0.1875,0.1875,0.1875,0.1875,,,
27.7659649848938,0,0.1875,0.1875,0.1875,0.1875,0.1875,0.1875,,,
27.7679660320282,0,0.1875,0.1875,0.1875,0.1875,0.1875,0.1875,,,
27.7699680328369,0,0.1875,0.1875,0.1875,0.1875,0.1875,0.1875,,,
27.7719690799713,0,0.1875,0.1875,0.1875,0.1875,0.1875,0.1875,,,
27.7739720344543,0,0.1875,0.1875,0.1875,0.1875,0.1875,0.1875,,,
27.7759740352631,0,0.1875,0.1875,0.1875,0.1875,0.1875,0.1875,,,
27.7779750823975,0,0.1875,0.1875,0.1875,0.1875,0.1875,0.1875,,,
27.7799770832062,0,0.1875,0.1875,0.1875,0.1875,0.1875,0.1875,,,
27.781977891922,0,0.1875,0.1875,0.1875,0.1875,0.1875,0.1875,,,
27.7839810848236,0,0.1875,0.1875,0.1875,0.1875,0.1875,0.1875,,,
27.7859830856323,0,0.1875,0.1875,0.1875,0.1875,0.1875,0.1875,,,
27.7879838943481,0,0.1875,0.1875,0.1875,0.1875,0.1875,0.1875,,,
27.7899870872498,0,0.1875,0.1875,0.1875,0.1875,0.1875,0.1875,,,
27.7919869422913,0,0.1875,0.1875,0.1875,0.1875,0.1875,0.1875,,,
27.7939898967743,0,0.1875,0.1875,0.1875,0.1875,0.1875,0.1875,,,
27.795991897583,0,0.1875,0.1875,0.1875,0.1875,0.1875,0.1875,,,
27.7979929447174,0,0.1875,0.1875,0.1875,0.1875,0.1875,0.1875,,,
27.7999958992004,0,0.1875,0.1875,0.1875,0.1875,0.1875,0.1875,,,
27.8019959926605,0,0.1875,0.1875,0.1875,0.1875,0.1875,0.1875,,,
27.8039989471436,0,0.1875,0.1875,0.1875,0.1875,0.1875,0.1875,,,
27.8059990406036,0,0.1875,0.1875,0.1875,0.1875,0.1875,0.1875,,,
27.8080019950867,0,0.1875,0.1875,0.1875,0.1875,0.1875,0.1875,,,
27.8100049495697,0,0.1875,0.1875,0.1875,0.1875,0.1875,0.1875,,,
27.8120050430298,0,0.1875,0.1875,0.1875,0.1875,0.1875,0.1875,,,
27.8140079975128,0,0.1875,0.1875,0.1875,0.1875,0.1875,0.1875,,,
27.8160080909729,0,0.1875,0.1875,0.1875,0.1875,0.1875,0.1875,,,
27.8180110454559,0,0.1875,0.1875,0.1875,0.1875,0.1875,0.1875,,,
27.8200109004974,0,0.1875,0.1875,0.1875,0.1875,0.1875,0.1875,,,
27.822014093399,0,0.1875,0.1875,0.1875,0.1875,0.1875,0.1875,,,
27.8240139484406,0,0.1875,0.1875,0.1875,0.1875,0.1875,0.1875,,,
27.8260169029236,0,0.1875,0.1875,0.1875,0.1875,0.1875,0.1875,,,
27.8280200958252,0,0.1875,0.1875,0.1875,0.1875,0.1875,0.1875,,,
27.8300199508667,0,0.1875,0.1875,0.1875,0.1875,0.1875,0.1875,,,
27.8320229053497,0,0.1875,0.1875,0.1875,0.1875,0.1875,0.1875,,,
27.8340239524841,0,0.1875,0.1875,0.1875,0.1875,0.1875,0.1875,,,
27.8360259532928,0,0.1875,0.1875,0.1875,0.1875,0.1875,0.1875,,,
27.8380289077759,0,0.1875,0.1875,0.1875,0.1875,0.1875,0.1875,,,
27.8400299549103,0,0.1875,0.1875,0.1875,0.1875,0.1875,0.1875,,,
27.842031955719,0,0.1875,0.1875,0.1875,0.1875,0.1875,0.1875,,,
27.8440330028534,0,0.1875,0.1875,0.1875,0.1875,0.1875,0.1875,,,
27.8460359573364,0,0.1875,0.1875,0.1875,0.1875,0.1875,0.1875,,,
27.8480379581451,0,0.1875,0.1875,0.1875,0.1875,0.1875,0.1875,,,
27.8500390052795,0,0.1875,0.1875,0.1875,0.1875,0.1875,0.1875,,,
27.8520410060883,0,0.1875,0.1875,0.1875,0.1875,0.1875,0.1875,,,
27.8540439605713,0,0.1875,0.1875,0.1875,0.1875,0.1875,0.1875,,,
27.8560440540314,0,0.1875,0.1875,0.1875,0.1875,0.1875,0.1875,,,
27.8580470085144,0,0.1875,0.1875,0.1875,0.1875,0.1875,0.1875,,,
27.8600480556488,0,0.1875,0.1875,0.1875,0.1875,0.1875,0.1875,,,
27.8620500564575,0,0.1875,0.1875,0.1875,0.1875,0.1875,0.1875,,,
27.8640530109406,0,0.1875,0.1875,0.1875,0.1875,0.1875,0.1875,,,
27.866054058075,0,0.1875,0.1875,0.1875,0.1875,0.1875,0.1875,,,
27.868057012558,0,0.1875,0.1875,0.1875,0.1875,0.1875,0.1875,,,
27.8700568675995,0,0.1875,0.1875,0.1875,0.1875,0.1875,0.1875,,,
27.8720600605011,0,0.1875,0.1875,0.1875,0.1875,0.1875,0.1875,,,
27.8740599155426,0,0.1875,0.1875,0.1875,0.1875,0.1875,0.1875,,,
27.8760628700256,0,0.1875,0.1875,0.1875,0.1875,0.1875,0.1875,,,
27.8780660629272,0,0.1875,0.1875,0.1875,0.1875,0.1875,0.1875,,,
27.8800659179688,0,0.1875,0.1875,0.1875,0.1875,0.1875,0.1875,,,
27.8820688724518,0,0.1875,0.1875,0.1875,0.1875,0.1875,0.1875,,,
27.8840689659119,0,0.1875,0.1875,0.1875,0.1875,0.1875,0.1875,,,
27.8860719203949,0,0.1875,0.1875,0.1875,0.1875,0.1875,0.1875,,,
27.8880729675293,0,0.1875,0.1875,0.1875,0.1875,0.1875,0.1875,,,
27.890074968338,0,0.1875,0.1875,0.1875,0.1875,0.1875,0.1875,,,
27.8920760154724,0,0.1875,0.1875,0.1875,0.1875,0.1875,0.1875,,,
27.8940789699554,0,0.1875,0.1875,0.1875,0.1875,0.1875,0.1875,,,
27.8960790634155,0,0.1875,0.1875,0.1875,0.1875,0.1875,0.1875,,,
27.8980820178986,0,0.1875,0.1875,0.1875,0.1875,0.1875,0.1875,,,
27.9000840187073,0,0.1875,0.1875,0.1875,0.1875,0.1875,0.1875,,,
27.9020850658417,0,0.1875,0.1875,0.1875,0.1875,0.1875,0.1875,,,
27.9040870666504,0,0.1875,0.1875,0.1875,0.1875,0.1875,0.1875,,,
27.9060900211334,0,0.1875,0.1875,0.1875,0.1875,0.1875,0.1875,,,
27.9080898761749,0,0.1875,0.1875,0.1875,0.1875,0.1875,0.1875,,,
27.9100930690765,0,0.1875,0.1875,0.1875,0.1875,0.1875,0.1875,,,
27.9120938777924,0,0.1875,0.1875,0.1875,0.1875,0.1875,0.1875,,,
27.9140958786011,0,0.1875,0.1875,0.1875,0.1875,0.1875,0.1875,,,
27.9160969257355,0,0.1875,0.1875,0.1875,0.1875,0.1875,0.1875,,,
27.9180998802185,0,0.1875,0.1875,0.1875,0.1875,0.1875,0.1875,,,
27.9200999736786,0,0.1875,0.1875,0.1875,0.1875,0.1875,0.1875,,,
27.9221029281616,0,0.1875,0.1875,0.1875,0.1875,0.1875,0.1875,,,
27.9241058826447,0,0.1875,0.1875,0.1875,0.1875,0.1875,0.1875,,,
27.9261059761047,0,0.1875,0.1875,0.1875,0.1875,0.1875,0.1875,,,
27.9281089305878,0,0.1875,0.1875,0.1875,0.1875,0.1875,0.1875,,,
27.9301090240479,0,0.1875,0.1875,0.1875,0.1875,0.1875,0.1875,,,
27.9321119785309,0,0.1875,0.1875,0.1875,0.1875,0.1875,0.1875,,,
27.934112071991,0,0.1875,0.1875,0.1875,0.1875,0.1875,0.1875,,,
27.936115026474,0,0.1875,0.1875,0.1875,0.1875,0.1875,0.1875,,,
27.938117980957,0,0.1875,0.1875,0.1875,0.1875,0.1875,0.1875,,,
27.9401180744171,0,0.1875,0.1875,0.1875,0.1875,0.1875,0.1875,,,
27.9421210289001,0,0.1875,0.1875,0.1875,0.1875,0.1875,0.1875,,,
27.9441220760345,0,0.1875,0.1875,0.1875,0.1875,0.1875,0.1875,,,
27.9461240768433,0,0.1875,0.1875,0.1875,0.1875,0.1875,0.1875,,,
27.9481248855591,0,0.1875,0.1875,0.1875,0.1875,0.1875,0.1875,,,
27.9501280784607,0,0.1875,0.1875,0.1875,0.1875,0.1875,0.1875,,,
27.9521279335022,0,0.1875,0.1875,0.1875,0.1875,0.1875,0.1875,,,
27.9541308879852,0,0.1875,0.1875,0.1875,0.1875,0.1875,0.1875,,,
27.9561340808868,0,0.1875,0.1875,0.1875,0.1875,0.1875,0.1875,,,
27.9581339359283,0,0.1875,0.1875,0.1875,0.1875,0.1875,0.1875,,,
27.9601368904114,0,0.1875,0.1875,0.1875,0.1875,0.1875,0.1875,,,
27.9621369838715,0,0.1875,0.1875,0.1875,0.1875,0.1875,0.1875,,,
27.9641399383545,0,0.1875,0.1875,0.1875,0.1875,0.1875,0.1875,,,
27.9661400318146,0,0.1875,0.1875,0.1875,0.1875,0.1875,0.1875,,,
27.9681429862976,0,0.1875,0.1875,0.1875,0.1875,0.1875,0.1875,,,
27.9701459407806,0,0.1875,0.1875,0.1875,0.1875,0.1875,0.1875,,,
27.9721460342407,0,0.1875,0.1875,0.1875,0.1875,0.1875,0.1875,,,
27.9741489887238,0,0.1875,0.1875,0.1875,0.1875,0.1875,0.1875,,,
27.9761490821838,0,0.1875,0.1875,0.1875,0.1875,0.1875,0.1875,,,
27.9781520366669,0,0.1875,0.1875,0.1875,0.1875,0.1875,0.1875,,,
27.9801518917084,0,0.1875,0.1875,0.1875,0.1875,0.1875,0.1875,,,
27.98215508461,0,0.1875,0.1875,0.1875,0.1875,0.1875,0.1875,,,
27.984158039093,0,0.1875,0.1875,0.1875,0.1875,0.1875,0.1875,,,
27.9861578941345,0,0.1875,0.1875,0.1875,0.1875,0.1875,0.1875,,,
27.9881610870361,0,0.1875,0.1875,0.1875,0.1875,0.1875,0.1875,,,
27.990161895752,0,0.1875,0.1875,0.1875,0.1875,0.1875,0.1875,,,
27.9921638965607,0,0.1875,0.1875,0.1875,0.1875,0.1875,0.1875,,,
27.9941670894623,0,0.1875,0.1875,0.1875,0.1875,0.1875,0.1875,,,
27.9961669445038,0,0.1875,0.1875,0.1875,0.1875,0.1875,0.1875,,,
27.9981698989868,0,0.1875,0.1875,0.1875,0.1875,0.1875,0.1875,,,
28.0001709461212,0,0.1875,0.1875,0.1875,0.1875,0.1875,0.1875,,,
28.0021729469299,0,0.1875,0.1875,0.1875,0.1875,0.1875,0.1875,,,
28.0041739940643,0,0.1875,0.1875,0.1875,0.1875,0.1875,0.1875,,,
28.0061769485474,0,0.1875,0.1875,0.1875,0.1875,0.1875,0.1875,,,
28.0081789493561,0,0.1875,0.1875,0.1875,0.1875,0.1875,0.1875,,,
28.0101799964905,0,0.1875,0.1875,0.1875,0.1875,0.1875,0.1875,,,
28.0121819972992,0,0.1875,0.1875,0.1875,0.1875,0.1875,0.1875,,,
28.0141830444336,0,0.1875,0.1875,0.1875,0.1875,0.1875,0.1875,,,
28.0161859989166,0,0.1875,0.1875,0.1875,0.1875,0.1875,0.1875,,,
28.0181879997253,0,0.1875,0.1875,0.1875,0.1875,0.1875,0.1875,,,
28.0201890468597,0,0.1875,0.1875,0.1875,0.1875,0.1875,0.1875,,,
28.0221910476685,0,0.1875,0.1875,0.1875,0.1875,0.1875,0.1875,,,
28.0241920948029,0,0.1875,0.1875,0.1875,0.1875,0.1875,0.1875,,,
28.0261950492859,0,0.1875,0.1875,0.1875,0.1875,0.1875,0.1875,,,
28.0281970500946,0,0.1875,0.1875,0.1875,0.1875,0.1875,0.1875,,,
28.030198097229,0,0.1875,0.1875,0.1875,0.1875,0.1875,0.1875,,,
28.0322000980377,0,0.1875,0.1875,0.1875,0.1875,0.1875,0.1875,,,
28.0342009067535,0,0.1875,0.1875,0.1875,0.1875,0.1875,0.1875,,,
28.0362040996552,0,0.1875,0.1875,0.1875,0.1875,0.1875,0.1875,,,
28.0382039546967,0,0.1875,0.1875,0.1875,0.1875,0.1875,0.1875,,,
28.0402069091797,0,0.1875,0.1875,0.1875,0.1875,0.1875,0.1875,,,
28.0422101020813,0,0.1875,0.1875,0.1875,0.1875,0.1875,0.1875,,,
28.0442099571228,0,0.1875,0.1875,0.1875,0.1875,0.1875,0.1875,,,
28.0462129116058,0,0.1875,0.1875,0.1875,0.1875,0.1875,0.1875,,,
28.0482130050659,0,0.1875,0.1875,0.1875,0.1875,0.1875,0.1875,,,
28.050215959549,0,0.1875,0.1875,0.1875,0.1875,0.1875,0.1875,,,
28.052218914032,0,0.1875,0.1875,0.1875,0.1875,0.1875,0.1875,,,
28.0542190074921,0,0.1875,0.1875,0.1875,0.1875,0.1875,0.1875,,,
28.0562219619751,0,0.1875,0.1875,0.1875,0.1875,0.1875,0.1875,,,
28.0582220554352,0,0.1875,0.1875,0.1875,0.1875,0.1875,0.1875,,,
28.0602250099182,0,0.1875,0.1875,0.1875,0.1875,0.1875,0.1875,,,
28.0622248649597,0,0.1875,0.1875,0.1875,0.1875,0.1875,0.1875,,,
28.0642280578613,0,0.1875,0.1875,0.1875,0.1875,0.1875,0.1875,,,
28.0662310123444,0,0.1875,0.1875,0.1875,0.1875,0.1875,0.1875,,,
28.0682308673859,0,0.1875,0.1875,0.1875,0.1875,0.1875,0.1875,,,
28.0702340602875,0,0.1875,0.1875,0.1875,0.1875,0.1875,0.1875,,,
28.0722348690033,0,0.1875,0.1875,0.1875,0.1875,0.1875,0.1875,,,
28.074236869812,0,0.1875,0.1875,0.1875,0.1875,0.1875,0.1875,,,
28.0762379169464,0,0.1875,0.1875,0.1875,0.1875,0.1875,0.1875,,,
28.0782408714294,0,0.1875,0.1875,0.1875,0.1875,0.1875,0.1875,,,
28.08034491539,0,0.1875,0.1875,0.1875,0.1875,0.1875,0.1875,,,
28.0823469161987,0,0.1875,0.1875,0.1875,0.1875,0.1875,0.1875,,,
28.0843498706818,0,0.1875,0.1875,0.1875,0.1875,0.1875,0.1875,,,
28.0863499641418,0,0.1875,0.1875,0.1875,0.1875,0.1875,0.1875,,,
28.0883529186249,0,0.1875,0.1875,0.1875,0.1875,0.1875,0.1875,,,
28.090353012085,0,0.1875,0.1875,0.1875,0.1875,0.1875,0.1875,,,
28.092355966568,0,0.1875,0.1875,0.1875,0.1875,0.1875,0.1875,,,
28.094358921051,0,0.1875,0.1875,0.1875,0.1875,0.1875,0.1875,,,
28.0963590145111,0,0.1875,0.1875,0.1875,0.1875,0.1875,0.1875,,,
28.0983619689941,0,0.1875,0.1875,0.1875,0.1875,0.1875,0.1875,,,
28.1003649234772,0,0.1875,0.1875,0.1875,0.1875,0.1875,0.1875,,,
28.1023650169373,0,0.1875,0.1875,0.1875,0.1875,0.1875,0.1875,,,
28.1043679714203,0,0.1875,0.1875,0.1875,0.1875,0.1875,0.1875,,,
28.1063709259033,0,0.1875,0.1875,0.1875,0.1875,0.1875,0.1875,,,
28.1083710193634,0,0.1875,0.1875,0.1875,0.1875,0.1875,0.1875,,,
28.1103739738464,0,0.1875,0.1875,0.1875,0.1875,0.1875,0.1875,,,
28.1123740673065,0,0.1875,0.1875,0.1875,0.1875,0.1875,0.1875,,,
28.1143770217896,0,0.1875,0.1875,0.1875,0.1875,0.1875,0.1875,,,
28.1163768768311,0,0.1875,0.1875,0.1875,0.1875,0.1875,0.1875,,,
28.1183800697327,0,0.1875,0.1875,0.1875,0.1875,0.1875,0.1875,,,
28.1203830242157,0,0.1875,0.1875,0.1875,0.1875,0.1875,0.1875,,,
28.1223828792572,0,0.1875,0.1875,0.1875,0.1875,0.1875,0.1875,,,
28.1243860721588,0,0.1875,0.1875,0.1875,0.1875,0.1875,0.1875,,,
28.1263859272003,0,0.1875,0.1875,0.1875,0.1875,0.1875,0.1875,,,
28.1283888816834,0,0.1875,0.1875,0.1875,0.1875,0.1875,0.1875,,,
28.130392074585,0,0.1875,0.1875,0.1875,0.1875,0.1875,0.1875,,,
28.1323919296265,0,0.1875,0.1875,0.1875,0.1875,0.1875,0.1875,,,
28.1343948841095,0,0.1875,0.1875,0.1875,0.1875,0.1875,0.1875,,,
28.1363949775696,0,0.1875,0.1875,0.1875,0.1875,0.1875,0.1875,,,
28.1383979320526,0,0.1875,0.1875,0.1875,0.1875,0.1875,0.1875,,,
28.1404008865356,0,0.1875,0.1875,0.1875,0.1875,0.1875,0.1875,,,
28.14240193367,0,0.1875,0.1875,0.1875,0.1875,0.1875,0.1875,,,
28.1444039344788,0,0.1875,0.1875,0.1875,0.1875,0.1875,0.1875,,,
28.1464049816132,0,0.1875,0.1875,0.1875,0.1875,0.1875,0.1875,,,
28.1484079360962,0,0.1875,0.1875,0.1875,0.1875,0.1875,0.1875,,,
28.1504080295563,0,0.1875,0.1875,0.1875,0.1875,0.1875,0.1875,,,
28.1524109840393,0,0.1875,0.1875,0.1875,0.1875,0.1875,0.1875,,,
28.1544139385223,0,0.1875,0.1875,0.1875,0.1875,0.1875,0.1875,,,
28.1564140319824,0,0.1875,0.1875,0.1875,0.1875,0.1875,0.1875,,,
28.1584169864655,0,0.1875,0.1875,0.1875,0.1875,0.1875,0.1875,,,
28.1604170799255,0,0.1875,0.1875,0.1875,0.1875,0.1875,0.1875,,,
28.1624200344086,0,0.1875,0.1875,0.1875,0.1875,0.1875,0.1875,,,
28.1644229888916,0,0.1875,0.1875,0.1875,0.1875,0.1875,0.1875,,,
28.1664230823517,0,0.1875,0.1875,0.1875,0.1875,0.1875,0.1875,,,
28.1684260368347,0,0.1875,0.1875,0.1875,0.1875,0.1875,0.1875,,,
28.1704258918762,0,0.1875,0.1875,0.1875,0.1875,0.1875,0.1875,,,
28.1724290847778,0,0.1875,0.1875,0.1875,0.1875,0.1875,0.1875,,,
28.1744320392609,0,0.1875,0.1875,0.1875,0.1875,0.1875,0.1875,,,
28.1764318943024,0,0.1875,0.1875,0.1875,0.1875,0.1875,0.1875,,,
28.178435087204,0,0.1875,0.1875,0.1875,0.1875,0.1875,0.1875,,,
28.1804370880127,0,0.1875,0.1875,0.1875,0.1875,0.1875,0.1875,,,
28.1824378967285,0,0.1875,0.1875,0.1875,0.1875,0.1875,0.1875,,,
28.1844398975372,0,0.1875,0.1875,0.1875,0.1875,0.1875,0.1875,,,
28.1864409446716,0,0.1875,0.1875,0.1875,0.1875,0.1875,0.1875,,,
28.1884438991547,0,0.1875,0.1875,0.1875,0.1875,0.1875,0.1875,,,
28.1904439926147,0,0.1875,0.1875,0.1875,0.1875,0.1875,0.1875,,,
28.1924469470978,0,0.1875,0.1875,0.1875,0.1875,0.1875,0.1875,,,
28.1944499015808,0,0.1875,0.1875,0.1875,0.1875,0.1875,0.1875,,,
28.1964499950409,0,0.1875,0.1875,0.1875,0.1875,0.1875,0.1875,,,
28.1984529495239,0,0.1875,0.1875,0.1875,0.1875,0.1875,0.1875,,,
28.2004549503326,0,0.1875,0.1875,0.1875,0.1875,0.1875,0.1875,,,
28.202455997467,0,0.1875,0.1875,0.1875,0.1875,0.1875,0.1875,,,
28.2044579982758,0,0.1875,0.1875,0.1875,0.1875,0.1875,0.1875,,,
28.2064590454102,0,0.1875,0.1875,0.1875,0.1875,0.1875,0.1875,,,
28.2084619998932,0,0.1875,0.1875,0.1875,0.1875,0.1875,0.1875,,,
28.2104640007019,0,0.1875,0.1875,0.1875,0.1875,0.1875,0.1875,,,
28.2124650478363,0,0.1875,0.1875,0.1875,0.1875,0.1875,0.1875,,,
28.214467048645,0,0.1875,0.1875,0.1875,0.1875,0.1875,0.1875,,,
28.2164680957794,0,0.1875,0.1875,0.1875,0.1875,0.1875,0.1875,,,
28.2184710502625,0,0.1875,0.1875,0.1875,0.1875,0.1875,0.1875,,,
28.220470905304,0,0.1875,0.1875,0.1875,0.1875,0.1875,0.1875,,,
28.2224740982056,0,0.1875,0.1875,0.1875,0.1875,0.1875,0.1875,,,
28.2244770526886,0,0.1875,0.1875,0.1875,0.1875,0.1875,0.1875,,,
28.2264769077301,0,0.1875,0.1875,0.1875,0.1875,0.1875,0.1875,,,
28.2284801006317,0,0.1875,0.1875,0.1875,0.1875,0.1875,0.1875,,,
28.2304799556732,0,0.1875,0.1875,0.1875,0.1875,0.1875,0.1875,,,
28.2324829101563,0,0.1875,0.1875,0.1875,0.1875,0.1875,0.1875,,,
28.234484910965,0,0.1875,0.1875,0.1875,0.1875,0.1875,0.1875,,,
28.2364859580994,0,0.1875,0.1875,0.1875,0.1875,0.1875,0.1875,,,
28.2384879589081,0,0.1875,0.1875,0.1875,0.1875,0.1875,0.1875,,,
28.2404890060425,0,0.1875,0.1875,0.1875,0.1875,0.1875,0.1875,,,
28.2424919605255,0,0.1875,0.1875,0.1875,0.1875,0.1875,0.1875,,,
28.2444949150085,0,0.1875,0.1875,0.1875,0.1875,0.1875,0.1875,,,
28.2464950084686,0,0.1875,0.1875,0.1875,0.1875,0.1875,0.1875,,,
28.2484979629517,0,0.1875,0.1875,0.1875,0.1875,0.1875,0.1875,,,
28.2504980564117,0,0.1875,0.1875,0.1875,0.1875,0.1875,0.1875,,,
28.2525010108948,0,0.1875,0.1875,0.1875,0.1875,0.1875,0.1875,,,
28.2545039653778,0,0.1875,0.1875,0.1875,0.1875,0.1875,0.1875,,,
28.2565040588379,0,0.1875,0.1875,0.1875,0.1875,0.1875,0.1875,,,
28.2585070133209,0,0.1875,0.1875,0.1875,0.1875,0.1875,0.1875,,,
28.2605068683624,0,0.1875,0.1875,0.1875,0.1875,0.1875,0.1875,,,
28.262510061264,0,0.1875,0.1875,0.1875,0.1875,0.1875,0.1875,,,
28.2645099163055,0,0.1875,0.1875,0.1875,0.1875,0.1875,0.1875,,,
28.2665128707886,0,0.1875,0.1875,0.1875,0.1875,0.1875,0.1875,,,
28.2685160636902,0,0.1875,0.1875,0.1875,0.1875,0.1875,0.1875,,,
28.2705159187317,0,0.1875,0.1875,0.1875,0.1875,0.1875,0.1875,,,
28.2725188732147,0,0.1875,0.1875,0.1875,0.1875,0.1875,0.1875,,,
28.2745189666748,0,0.1875,0.1875,0.1875,0.1875,0.1875,0.1875,,,
28.2765219211578,0,0.1875,0.1875,0.1875,0.1875,0.1875,0.1875,,,
28.2785248756409,0,0.1875,0.1875,0.1875,0.1875,0.1875,0.1875,,,
28.280524969101,0,0.1875,0.1875,0.1875,0.1875,0.1875,0.1875,,,
28.282527923584,0,0.1875,0.1875,0.1875,0.1875,0.1875,0.1875,,,
28.2845280170441,0,0.1875,0.1875,0.1875,0.1875,0.1875,0.1875,,,
28.2865309715271,0,0.1875,0.1875,0.1875,0.1875,0.1875,0.1875,,,
28.2885310649872,0,0.1875,0.1875,0.1875,0.1875,0.1875,0.1875,,,
28.2905340194702,0,0.1875,0.1875,0.1875,0.1875,0.1875,0.1875,,,
28.2925369739532,0,0.1875,0.1875,0.1875,0.1875,0.1875,0.1875,,,
28.2945370674133,0,0.1875,0.1875,0.1875,0.1875,0.1875,0.1875,,,
28.2965400218964,0,0.1875,0.1875,0.1875,0.1875,0.1875,0.1875,,,
28.2985398769379,0,0.1875,0.1875,0.1875,0.1875,0.1875,0.1875,,,
28.3005430698395,0,0.1875,0.1875,0.1875,0.1875,0.1875,0.1875,,,
28.3025460243225,0,0.1875,0.1875,0.1875,0.1875,0.1875,0.1875,,,
28.304545879364,0,0.1875,0.1875,0.1875,0.1875,0.1875,0.1875,,,
28.3065490722656,0,0.1875,0.1875,0.1875,0.1875,0.1875,0.1875,,,
28.3085520267487,0,0.1875,0.1875,0.1875,0.1875,0.1875,0.1875,,,
28.3105518817902,0,0.1875,0.1875,0.1875,0.1875,0.1875,0.1875,,,
28.3125550746918,0,0.1875,0.1875,0.1875,0.1875,0.1875,0.1875,,,
28.3145549297333,0,0.1875,0.1875,0.1875,0.1875,0.1875,0.1875,,,
28.3165578842163,0,0.1875,0.1875,0.1875,0.1875,0.1875,0.1875,,,
28.3185579776764,0,0.1875,0.1875,0.1875,0.1875,0.1875,0.1875,,,
28.3205609321594,0,0.1875,0.1875,0.1875,0.1875,0.1875,0.1875,,,
28.3225638866425,0,0.1875,0.1875,0.1875,0.1875,0.1875,0.1875,,,
28.3245639801025,0,0.1875,0.1875,0.1875,0.1875,0.1875,0.1875,,,
28.3265669345856,0,0.1875,0.1875,0.1875,0.1875,0.1875,0.1875,,,
28.3285670280457,0,0.1875,0.1875,0.1875,0.1875,0.1875,0.1875,,,
28.3305699825287,0,0.1875,0.1875,0.1875,0.1875,0.1875,0.1875,,,
28.3325700759888,0,0.1875,0.1875,0.1875,0.1875,0.1875,0.1875,,,
28.3345730304718,0,0.1875,0.1875,0.1875,0.1875,0.1875,0.1875,,,
28.3365759849548,0,0.1875,0.1875,0.1875,0.1875,0.1875,0.1875,,,
28.3385760784149,0,0.1875,0.1875,0.1875,0.1875,0.1875,0.1875,,,
28.3405790328979,0,0.1875,0.1875,0.1875,0.1875,0.1875,0.1875,,,
28.3425800800323,0,0.1875,0.1875,0.1875,0.1875,0.1875,0.1875,,,
28.3445820808411,0,0.1875,0.1875,0.1875,0.1875,0.1875,0.1875,,,
28.3465850353241,0,0.1875,0.1875,0.1875,0.1875,0.1875,0.1875,,,
28.3485848903656,0,0.1875,0.1875,0.1875,0.1875,0.1875,0.1875,,,
28.3505880832672,0,0.1875,0.1875,0.1875,0.1875,0.1875,0.1875,,,
28.3525879383087,0,0.1875,0.1875,0.1875,0.1875,0.1875,0.1875,,,
28.3545908927917,0,0.1875,0.1875,0.1875,0.1875,0.1875,0.1875,,,
28.3565940856934,0,0.1875,0.1875,0.1875,0.1875,0.1875,0.1875,,,
28.3585939407349,0,0.1875,0.1875,0.1875,0.1875,0.1875,0.1875,,,
28.3605968952179,0,0.1875,0.1875,0.1875,0.1875,0.1875,0.1875,,,
28.3625979423523,0,0.1875,0.1875,0.1875,0.1875,0.1875,0.1875,,,
28.364599943161,0,0.1875,0.1875,0.1875,0.1875,0.1875,0.1875,,,
28.3666009902954,0,0.1875,0.1875,0.1875,0.1875,0.1875,0.1875,,,
28.3686039447784,0,0.1875,0.1875,0.1875,0.1875,0.1875,0.1875,,,
28.3706059455872,0,0.1875,0.1875,0.1875,0.1875,0.1875,0.1875,,,
28.3726069927216,0,0.1875,0.1875,0.1875,0.1875,0.1875,0.1875,,,
28.3746089935303,0,0.1875,0.1875,0.1875,0.1875,0.1875,0.1875,,,
28.3766119480133,0,0.1875,0.1875,0.1875,0.1875,0.1875,0.1875,,,
28.3786120414734,0,0.1875,0.1875,0.1875,0.1875,0.1875,0.1875,,,
28.3806149959564,0,0.1875,0.1875,0.1875,0.1875,0.1875,0.1875,,,
28.3826160430908,0,0.1875,0.1875,0.1875,0.1875,0.1875,0.1875,,,
28.3846180438995,0,0.1875,0.1875,0.1875,0.1875,0.1875,0.1875,,,
28.3866190910339,0,0.1875,0.1875,0.1875,0.1875,0.1875,0.1875,,,
28.388622045517,0,0.1875,0.1875,0.1875,0.1875,0.1875,0.1875,,,
28.3906240463257,0,0.1875,0.1875,0.1875,0.1875,0.1875,0.1875,,,
28.3926250934601,0,0.1875,0.1875,0.1875,0.1875,0.1875,0.1875,,,
28.3946280479431,0,0.1875,0.1875,0.1875,0.1875,0.1875,0.1875,,,
28.3966279029846,0,0.1875,0.1875,0.1875,0.1875,0.1875,0.1875,,,
28.3986310958862,0,0.1875,0.1875,0.1875,0.1875,0.1875,0.1875,,,
28.4006309509277,0,0.1875,0.1875,0.1875,0.1875,0.1875,0.1875,,,
28.4026339054108,0,0.1875,0.1875,0.1875,0.1875,0.1875,0.1875,,,
28.4046370983124,0,0.1875,0.1875,0.1875,0.1875,0.1875,0.1875,,,
28.4066369533539,0,0.1875,0.1875,0.1875,0.1875,0.1875,0.1875,,,
28.4086399078369,0,0.1875,0.1875,0.1875,0.1875,0.1875,0.1875,,,
28.410640001297,0,0.1875,0.1875,0.1875,0.1875,0.1875,0.1875,,,
28.41264295578,0,0.1875,0.1875,0.1875,0.1875,0.1875,0.1875,,,
28.4146449565887,0,0.1875,0.1875,0.1875,0.1875,0.1875,0.1875,,,
28.4166460037231,0,0.1875,0.1875,0.1875,0.1875,0.1875,0.1875,,,
28.4186489582062,0,0.1875,0.1875,0.1875,0.1875,0.1875,0.1875,,,
28.4206490516663,0,0.1875,0.1875,0.1875,0.1875,0.1875,0.1875,,,
28.4226520061493,0,0.1875,0.1875,0.1875,0.1875,0.1875,0.1875,,,
28.4246520996094,0,0.1875,0.1875,0.1875,0.1875,0.1875,0.1875,,,
28.4266550540924,0,0.1875,0.1875,0.1875,0.1875,0.1875,0.1875,,,
28.4286549091339,0,0.1875,0.1875,0.1875,0.1875,0.1875,0.1875,,,
28.4306581020355,0,0.1875,0.1875,0.1875,0.1875,0.1875,0.1875,,,
28.4326610565186,0,0.1875,0.1875,0.1875,0.1875,0.1875,0.1875,,,
28.4346609115601,0,0.1875,0.1875,0.1875,0.1875,0.1875,0.1875,,,
28.4366638660431,0,0.1875,0.1875,0.1875,0.1875,0.1875,0.1875,,,
28.4386639595032,0,0.1875,0.1875,0.1875,0.1875,0.1875,0.1875,,,
28.4406669139862,0,0.1875,0.1875,0.1875,0.1875,0.1875,0.1875,,,
28.4426670074463,0,0.1875,0.1875,0.1875,0.1875,0.1875,0.1875,,,
28.4446699619293,0,0.1875,0.1875,0.1875,0.1875,0.1875,0.1875,,,
28.4466729164124,0,0.1875,0.1875,0.1875,0.1875,0.1875,0.1875,,,
28.4486730098724,0,0.1875,0.1875,0.1875,0.1875,0.1875,0.1875,,,
28.4506759643555,0,0.1875,0.1875,0.1875,0.1875,0.1875,0.1875,,,
28.4526770114899,0,0.1875,0.1875,0.1875,0.1875,0.1875,0.1875,,,
28.4546790122986,0,0.1875,0.1875,0.1875,0.1875,0.1875,0.1875,,,
28.456680059433,0,0.1875,0.1875,0.1875,0.1875,0.1875,0.1875,,,
28.458683013916,0,0.1875,0.1875,0.1875,0.1875,0.1875,0.1875,,,
28.4606850147247,0,0.1875,0.1875,0.1875,0.1875,0.1875,0.1875,,,
28.4626860618591,0,0.1875,0.1875,0.1875,0.1875,0.1875,0.1875,,,
28.4646880626678,0,0.1875,0.1875,0.1875,0.1875,0.1875,0.1875,,,
28.4666888713837,0,0.1875,0.1875,0.1875,0.1875,0.1875,0.1875,,,
28.4686920642853,0,0.1875,0.1875,0.1875,0.1875,0.1875,0.1875,,,
28.4706919193268,0,0.1875,0.1875,0.1875,0.1875,0.1875,0.1875,,,
28.4726948738098,0,0.1875,0.1875,0.1875,0.1875,0.1875,0.1875,,,
28.4746980667114,0,0.1875,0.1875,0.1875,0.1875,0.1875,0.1875,,,
28.4766979217529,0,0.1875,0.1875,0.1875,0.1875,0.1875,0.1875,,,
28.478700876236,0,0.1875,0.1875,0.1875,0.1875,0.1875,0.1875,,,
28.480700969696,0,0.1875,0.1875,0.1875,0.1875,0.1875,0.1875,,,
28.4827039241791,0,0.1875,0.1875,0.1875,0.1875,0.1875,0.1875,,,
28.4847068786621,0,0.1875,0.1875,0.1875,0.1875,0.1875,0.1875,,,
28.4867069721222,0,0.1875,0.1875,0.1875,0.1875,0.1875,0.1875,,,
28.4887099266052,0,0.1875,0.1875,0.1875,0.1875,0.1875,0.1875,,,
28.4907100200653,0,0.1875,0.1875,0.1875,0.1875,0.1875,0.1875,,,
28.4927129745483,0,0.1875,0.1875,0.1875,0.1875,0.1875,0.1875,,,
28.4947130680084,0,0.1875,0.1875,0.1875,0.1875,0.1875,0.1875,,,
28.4967160224915,0,0.1875,0.1875,0.1875,0.1875,0.1875,0.1875,,,
28.4987189769745,0,0.1875,0.1875,0.1875,0.1875,0.1875,0.1875,,,
28.5007190704346,0,0.1875,0.1875,0.1875,0.1875,0.1875,0.1875,,,
28.5027220249176,0,0.1875,0.1875,0.1875,0.1875,0.1875,0.1875,,,
28.5047218799591,0,0.1875,0.1875,0.1875,0.1875,0.1875,0.1875,,,
28.5067250728607,0,0.1875,0.1875,0.1875,0.1875,0.1875,0.1875,,,
28.5087280273438,0,0.1875,0.1875,0.1875,0.1875,0.1875,0.1875,,,
28.5107278823853,0,0.1875,0.1875,0.1875,0.1875,0.1875,0.1875,,,
28.5127310752869,0,0.1875,0.1875,0.1875,0.1875,0.1875,0.1875,,,
28.5147309303284,0,0.1875,0.1875,0.1875,0.1875,0.1875,0.1875,,,
28.5167338848114,0,0.1875,0.1875,0.1875,0.1875,0.1875,0.1875,,,
28.518737077713,0,0.1875,0.1875,0.1875,0.1875,0.1875,0.1875,,,
28.5207369327545,0,0.1875,0.1875,0.1875,0.1875,0.1875,0.1875,,,
28.5227398872375,0,0.1875,0.1875,0.1875,0.1875,0.1875,0.1875,,,
28.5247399806976,0,0.1875,0.1875,0.1875,0.1875,0.1875,0.1875,,,
28.5267429351807,0,0.1875,0.1875,0.1875,0.1875,0.1875,0.1875,,,
28.5287458896637,0,0.1875,0.1875,0.1875,0.1875,0.1875,0.1875,,,
28.5307459831238,0,0.1875,0.1875,0.1875,0.1875,0.1875,0.1875,,,
28.5327489376068,0,0.1875,0.1875,0.1875,0.1875,0.1875,0.1875,,,
28.5347490310669,0,0.1875,0.1875,0.1875,0.1875,0.1875,0.1875,,,
28.5367519855499,0,0.1875,0.1875,0.1875,0.1875,0.1875,0.1875,,,
28.538754940033,0,0.1875,0.1875,0.1875,0.1875,0.1875,0.1875,,,
28.540755033493,0,0.1875,0.1875,0.1875,0.1875,0.1875,0.1875,,,
28.5427579879761,0,0.1875,0.1875,0.1875,0.1875,0.1875,0.1875,,,
28.5447580814362,0,0.1875,0.1875,0.1875,0.1875,0.1875,0.1875,,,
28.5467610359192,0,0.1875,0.1875,0.1875,0.1875,0.1875,0.1875,,,
28.5487639904022,0,0.1875,0.1875,0.1875,0.1875,0.1875,0.1875,,,
28.5507640838623,0,0.1875,0.1875,0.1875,0.1875,0.1875,0.1875,,,
28.5527670383453,0,0.1875,0.1875,0.1875,0.1875,0.1875,0.1875,,,
28.5547668933868,0,0.1875,0.1875,0.1875,0.1875,0.1875,0.1875,,,
28.5567700862885,0,0.1875,0.1875,0.1875,0.1875,0.1875,0.1875,,,
28.5587730407715,0,0.1875,0.1875,0.1875,0.1875,0.1875,0.1875,,,
28.560772895813,0,0.1875,0.1875,0.1875,0.1875,0.1875,0.1875,,,
28.5627760887146,0,0.1875,0.1875,0.1875,0.1875,0.1875,0.1875,,,
28.5647759437561,0,0.1875,0.1875,0.1875,0.1875,0.1875,0.1875,,,
28.5667788982391,0,0.1875,0.1875,0.1875,0.1875,0.1875,0.1875,,,
28.5687789916992,0,0.1875,0.1875,0.1875,0.1875,0.1875,0.1875,,,
28.5707819461823,0,0.1875,0.1875,0.1875,0.1875,0.1875,0.1875,,,
28.5727849006653,0,0.1875,0.1875,0.1875,0.1875,0.1875,0.1875,,,
28.5747849941254,0,0.1875,0.1875,0.1875,0.1875,0.1875,0.1875,,,
28.5767879486084,0,0.1875,0.1875,0.1875,0.1875,0.1875,0.1875,,,
28.5787889957428,0,0.1875,0.1875,0.1875,0.1875,0.1875,0.1875,,,
28.5807909965515,0,0.1875,0.1875,0.1875,0.1875,0.1875,0.1875,,,
28.5827898979187,0,0.1875,0.1875,0.1875,0.1875,0.1875,0.1875,,,
28.5847930908203,0,0.1875,0.1875,0.1875,0.1875,0.1875,0.1875,,,
28.5867938995361,0,0.1875,0.1875,0.1875,0.1875,0.1875,0.1875,,,
28.5887959003448,0,0.1875,0.1875,0.1875,0.1875,0.1875,0.1875,,,
28.5907969474792,0,0.1875,0.1875,0.1875,0.1875,0.1875,0.1875,,,
28.5927999019623,0,0.1875,0.1875,0.1875,0.1875,0.1875,0.1875,,,
28.594801902771,0,0.1875,0.1875,0.1875,0.1875,0.1875,0.1875,,,
28.5968029499054,0,0.1875,0.1875,0.1875,0.1875,0.1875,0.1875,,,
28.5988059043884,0,0.1875,0.1875,0.1875,0.1875,0.1875,0.1875,,,
28.6008059978485,0,0.1875,0.1875,0.1875,0.1875,0.1875,0.1875,,,
28.6028089523315,0,0.1875,0.1875,0.1875,0.1875,0.1875,0.1875,,,
28.6048109531403,0,0.1875,0.1875,0.1875,0.1875,0.1875,0.1875,,,
28.606812953949,0,0.1875,0.1875,0.1875,0.1875,0.1875,0.1875,,,
28.6088130474091,0,0.1875,0.1875,0.1875,0.1875,0.1875,0.1875,,,
28.6108150482178,0,0.1875,0.1875,0.1875,0.1875,0.1875,0.1875,,,
28.6128180027008,0,0.1875,0.1875,0.1875,0.1875,0.1875,0.1875,,,
28.6148190498352,0,0.1875,0.1875,0.1875,0.1875,0.1875,0.1875,,,
28.6168220043182,0,0.1875,0.1875,0.1875,0.1875,0.1875,0.1875,,,
28.6188220977783,0,0.1875,0.1875,0.1875,0.1875,0.1875,0.1875,,,
28.6208250522614,0,0.1875,0.1875,0.1875,0.1875,0.1875,0.1875,,,
28.6228249073029,0,0.1875,0.1875,0.1875,0.1875,0.1875,0.1875,,,
28.6248281002045,0,0.1875,0.1875,0.1875,0.1875,0.1875,0.1875,,,
28.6268289089203,0,0.1875,0.1875,0.1875,0.1875,0.1875,0.1875,,,
28.628830909729,0,0.1875,0.1875,0.1875,0.1875,0.1875,0.1875,,,
28.6308341026306,0,0.1875,0.1875,0.1875,0.1875,0.1875,0.1875,,,
28.6328349113464,0,0.1875,0.1875,0.1875,0.1875,0.1875,0.1875,,,
28.6348378658295,0,0.1875,0.1875,0.1875,0.1875,0.1875,0.1875,,,
28.6368379592896,0,0.1875,0.1875,0.1875,0.1875,0.1875,0.1875,,,
28.6388409137726,0,0.1875,0.1875,0.1875,0.1875,0.1875,0.1875,,,
28.6408410072327,0,0.1875,0.1875,0.1875,0.1875,0.1875,0.1875,,,
28.6428439617157,0,0.1875,0.1875,0.1875,0.1875,0.1875,0.1875,,,
28.6448440551758,0,0.1875,0.1875,0.1875,0.1875,0.1875,0.1875,,,
28.6468470096588,0,0.1875,0.1875,0.1875,0.1875,0.1875,0.1875,,,
28.6488490104675,0,0.1875,0.1875,0.1875,0.1875,0.1875,0.1875,,,
28.6508519649506,0,0.1875,0.1875,0.1875,0.1875,0.1875,0.1875,,,
28.6528520584106,0,0.1875,0.1875,0.1875,0.1875,0.1875,0.1875,,,
28.6548550128937,0,0.1875,0.1875,0.1875,0.1875,0.1875,0.1875,,,
28.6568548679352,0,0.1875,0.1875,0.1875,0.1875,0.1875,0.1875,,,
28.6588580608368,0,0.1875,0.1875,0.1875,0.1875,0.1875,0.1875,,,
28.6608610153198,0,0.1875,0.1875,0.1875,0.1875,0.1875,0.1875,,,
28.6628608703613,0,0.1875,0.1875,0.1875,0.1875,0.1875,0.1875,,,
28.6648640632629,0,0.1875,0.1875,0.1875,0.1875,0.1875,0.1875,,,
28.6668639183044,0,0.1875,0.1875,0.1875,0.1875,0.1875,0.1875,,,
28.6688668727875,0,0.1875,0.1875,0.1875,0.1875,0.1875,0.1875,,,
28.6708688735962,0,0.1875,0.1875,0.1875,0.1875,0.1875,0.1875,,,
28.6728720664978,0,0.1875,0.1875,0.1875,0.1875,0.1875,0.1875,,,
28.6748719215393,0,0.1875,0.1875,0.1875,0.1875,0.1875,0.1875,,,
28.6768748760223,0,0.1875,0.1875,0.1875,0.1875,0.1875,0.1875,,,
28.6788768768311,0,0.1875,0.1875,0.1875,0.1875,0.1875,0.1875,,,
28.6808779239655,0,0.1875,0.1875,0.1875,0.1875,0.1875,0.1875,,,
28.6828799247742,0,0.1875,0.1875,0.1875,0.1875,0.1875,0.1875,,,
28.6848809719086,0,0.1875,0.1875,0.1875,0.1875,0.1875,0.1875,,,
28.6868829727173,0,0.1875,0.1875,0.1875,0.1875,0.1875,0.1875,,,
28.6888859272003,0,0.1875,0.1875,0.1875,0.1875,0.1875,0.1875,,,
28.6908860206604,0,0.1875,0.1875,0.1875,0.1875,0.1875,0.1875,,,
28.6928889751434,0,0.1875,0.1875,0.1875,0.1875,0.1875,0.1875,,,
28.6948909759521,0,0.1875,0.1875,0.1875,0.1875,0.1875,0.1875,,,
28.6968920230865,0,0.1875,0.1875,0.1875,0.1875,0.1875,0.1875,,,
28.6988940238953,0,0.1875,0.1875,0.1875,0.1875,0.1875,0.1875,,,
28.7008969783783,0,0.1875,0.1875,0.1875,0.1875,0.1875,0.1875,,,
28.7028970718384,0,0.1875,0.1875,0.1875,0.1875,0.1875,0.1875,,,
28.7048990726471,0,0.1875,0.1875,0.1875,0.1875,0.1875,0.1875,,,
28.7069020271301,0,0.1875,0.1875,0.1875,0.1875,0.1875,0.1875,,,
28.7089018821716,0,0.1875,0.1875,0.1875,0.1875,0.1875,0.1875,,,
28.7109050750732,0,0.1875,0.1875,0.1875,0.1875,0.1875,0.1875,,,
28.7129080295563,0,0.1875,0.1875,0.1875,0.1875,0.1875,0.1875,,,
28.7149078845978,0,0.1875,0.1875,0.1875,0.1875,0.1875,0.1875,,,
28.7169110774994,0,0.1875,0.1875,0.1875,0.1875,0.1875,0.1875,,,
28.7189140319824,0,0.1875,0.1875,0.1875,0.1875,0.1875,0.1875,,,
28.7209138870239,0,0.1875,0.1875,0.1875,0.1875,0.1875,0.1875,,,
28.7229158878326,0,0.1875,0.1875,0.1875,0.1875,0.1875,0.1875,,,
28.724916934967,0,0.1875,0.1875,0.1875,0.1875,0.1875,0.1875,,,
28.7269189357758,0,0.1875,0.1875,0.1875,0.1875,0.1875,0.1875,,,
28.7289218902588,0,0.1875,0.1875,0.1875,0.1875,0.1875,0.1875,,,
28.7309219837189,0,0.1875,0.1875,0.1875,0.1875,0.1875,0.1875,,,
28.7329249382019,0,0.1875,0.1875,0.1875,0.1875,0.1875,0.1875,,,
28.7349278926849,0,0.1875,0.1875,0.1875,0.1875,0.1875,0.1875,,,
28.736927986145,0,0.1875,0.1875,0.1875,0.1875,0.1875,0.1875,,,
28.7389299869537,0,0.1875,0.1875,0.1875,0.1875,0.1875,0.1875,,,
28.7409329414368,0,0.1875,0.1875,0.1875,0.1875,0.1875,0.1875,,,
28.7429358959198,0,0.1875,0.1875,0.1875,0.1875,0.1875,0.1875,,,
28.7449359893799,0,0.1875,0.1875,0.1875,0.1875,0.1875,0.1875,,,
28.7469379901886,0,0.1875,0.1875,0.1875,0.1875,0.1875,0.1875,,,
28.7489409446716,0,0.1875,0.1875,0.1875,0.1875,0.1875,0.1875,,,
28.7509410381317,0,0.1875,0.1875,0.1875,0.1875,0.1875,0.1875,,,
28.7529439926147,0,0.1875,0.1875,0.1875,0.1875,0.1875,0.1875,,,
28.7549450397491,0,0.1875,0.1875,0.1875,0.1875,0.1875,0.1875,,,
28.756952047348,0,0.1875,0.1875,0.1875,0.1875,0.1875,0.1875,,,
28.7589530944824,0,0.1875,0.1875,0.1875,0.1875,0.1875,0.1875,,,
28.7609560489655,0,0.1875,0.1875,0.1875,0.1875,0.1875,0.1875,,,
28.762955904007,0,0.1875,0.1875,0.1875,0.1875,0.1875,0.1875,,,
28.764955997467,0,0.1875,0.1875,0.1875,0.1875,0.1875,0.1875,,,
28.7669560909271,0,0.1875,0.1875,0.1875,0.1875,0.1875,0.1875,,,
28.7689590454102,0,0.1875,0.1875,0.1875,0.1875,0.1875,0.1875,,,
28.7709589004517,0,0.1875,0.1875,0.1875,0.1875,0.1875,0.1875,,,
28.7729620933533,0,0.1875,0.1875,0.1875,0.1875,0.1875,0.1875,,,
28.7749619483948,0,0.1875,0.1875,0.1875,0.1875,0.1875,0.1875,,,
28.7769649028778,0,0.1875,0.1875,0.1875,0.1875,0.1875,0.1875,,,
28.7789680957794,0,0.1875,0.1875,0.1875,0.1875,0.1875,0.1875,,,
28.7809689044952,0,0.1875,0.1875,0.1875,0.1875,0.1875,0.1875,,,
28.782970905304,0,0.1875,0.1875,0.1875,0.1875,0.1875,0.1875,,,
28.7849719524384,0,0.1875,0.1875,0.1875,0.1875,0.1875,0.1875,,,
28.7869739532471,0,0.1875,0.1875,0.1875,0.1875,0.1875,0.1875,,,
28.7889750003815,0,0.1875,0.1875,0.1875,0.1875,0.1875,0.1875,,,
28.7909779548645,0,0.1875,0.1875,0.1875,0.1875,0.1875,0.1875,,,
28.7929799556732,0,0.1875,0.1875,0.1875,0.1875,0.1875,0.1875,,,
28.7949810028076,0,0.1875,0.1875,0.1875,0.1875,0.1875,0.1875,,,
28.7969830036163,0,0.1875,0.1875,0.1875,0.1875,0.1875,0.1875,,,
28.7989840507507,0,0.1875,0.1875,0.1875,0.1875,0.1875,0.1875,,,
28.8009870052338,0,0.1875,0.1875,0.1875,0.1875,0.1875,0.1875,,,
28.8029890060425,0,0.1875,0.1875,0.1875,0.1875,0.1875,0.1875,,,
28.8049900531769,0,0.1875,0.1875,0.1875,0.1875,0.1875,0.1875,,,
28.8069930076599,0,0.1875,0.1875,0.1875,0.1875,0.1875,0.1875,,,
28.80899310112,0,0.1875,0.1875,0.1875,0.1875,0.1875,0.1875,,,
28.810996055603,0,0.1875,0.1875,0.1875,0.1875,0.1875,0.1875,,,
28.8129990100861,0,0.1875,0.1875,0.1875,0.1875,0.1875,0.1875,,,
28.8149988651276,0,0.1875,0.1875,0.1875,0.1875,0.1875,0.1875,,,
28.8170020580292,0,0.1875,0.1875,0.1875,0.1875,0.1875,0.1875,,,
28.8190019130707,0,0.1875,0.1875,0.1875,0.1875,0.1875,0.1875,,,
28.8210048675537,0,0.1875,0.1875,0.1875,0.1875,0.1875,0.1875,,,
28.8230080604553,0,0.1875,0.1875,0.1875,0.1875,0.1875,0.1875,,,
28.8250079154968,0,0.1875,0.1875,0.1875,0.1875,0.1875,0.1875,,,
28.8270108699799,0,0.1875,0.1875,0.1875,0.1875,0.1875,0.1875,,,
28.8290109634399,0,0.1875,0.1875,0.1875,0.1875,0.1875,0.1875,,,
28.831013917923,0,0.1875,0.1875,0.1875,0.1875,0.1875,0.1875,,,
28.8330140113831,0,0.1875,0.1875,0.1875,0.1875,0.1875,0.1875,,,
28.8350169658661,0,0.1875,0.1875,0.1875,0.1875,0.1875,0.1875,,,
28.8370199203491,0,0.1875,0.1875,0.1875,0.1875,0.1875,0.1875,,,
28.8390200138092,0,0.1875,0.1875,0.1875,0.1875,0.1875,0.1875,,,
28.8410229682922,0,0.1875,0.1875,0.1875,0.1875,0.1875,0.1875,,,
28.8430230617523,0,0.1875,0.1875,0.1875,0.1875,0.1875,0.1875,,,
28.8450260162354,0,0.1875,0.1875,0.1875,0.1875,0.1875,0.1875,,,
28.8470289707184,0,0.1875,0.1875,0.1875,0.1875,0.1875,0.1875,,,
28.8490290641785,0,0.1875,0.1875,0.1875,0.1875,0.1875,0.1875,,,
28.8510320186615,0,0.1875,0.1875,0.1875,0.1875,0.1875,0.1875,,,
28.853031873703,0,0.1875,0.1875,0.1875,0.1875,0.1875,0.1875,,,
28.8550350666046,0,0.1875,0.1875,0.1875,0.1875,0.1875,0.1875,,,
28.8570358753204,0,0.1875,0.1875,0.1875,0.1875,0.1875,0.1875,,,
28.8590378761292,0,0.1875,0.1875,0.1875,0.1875,0.1875,0.1875,,,
28.8610410690308,0,0.1875,0.1875,0.1875,0.1875,0.1875,0.1875,,,
28.8630418777466,0,0.1875,0.1875,0.1875,0.1875,0.1875,0.1875,,,
28.8650438785553,0,0.1875,0.1875,0.1875,0.1875,0.1875,0.1875,,,
28.8670449256897,0,0.1875,0.1875,0.1875,0.1875,0.1875,0.1875,,,
28.8690469264984,0,0.1875,0.1875,0.1875,0.1875,0.1875,0.1875,,,
28.8710498809814,0,0.1875,0.1875,0.1875,0.1875,0.1875,0.1875,,,
28.8730499744415,0,0.1875,0.1875,0.1875,0.1875,0.1875,0.1875,,,
28.8750529289246,0,0.1875,0.1875,0.1875,0.1875,0.1875,0.1875,,,
28.8770530223846,0,0.1875,0.1875,0.1875,0.1875,0.1875,0.1875,,,
28.8790559768677,0,0.1875,0.1875,0.1875,0.1875,0.1875,0.1875,,,
28.8810589313507,0,0.1875,0.1875,0.1875,0.1875,0.1875,0.1875,,,
28.8830590248108,0,0.1875,0.1875,0.1875,0.1875,0.1875,0.1875,,,
28.8850619792938,0,0.1875,0.1875,0.1875,0.1875,0.1875,0.1875,,,
28.8870620727539,0,0.1875,0.1875,0.1875,0.1875,0.1875,0.1875,,,
28.8890650272369,0,0.1875,0.1875,0.1875,0.1875,0.1875,0.1875,,,
28.89106798172,0,0.1875,0.1875,0.1875,0.1875,0.1875,0.1875,,,
28.8930680751801,0,0.1875,0.1875,0.1875,0.1875,0.1875,0.1875,,,
28.8950710296631,0,0.1875,0.1875,0.1875,0.1875,0.1875,0.1875,,,
28.8970720767975,0,0.1875,0.1875,0.1875,0.1875,0.1875,0.1875,,,
28.8990740776062,0,0.1875,0.1875,0.1875,0.1875,0.1875,0.1875,,,
28.9010770320892,0,0.1875,0.1875,0.1875,0.1875,0.1875,0.1875,,,
28.9030768871307,0,0.1875,0.1875,0.1875,0.1875,0.1875,0.1875,,,
28.9050800800323,0,0.1875,0.1875,0.1875,0.1875,0.1875,0.1875,,,
28.9070799350739,0,0.1875,0.1875,0.1875,0.1875,0.1875,0.1875,,,
28.9090828895569,0,0.1875,0.1875,0.1875,0.1875,0.1875,0.1875,,,
28.9110860824585,0,0.1875,0.1875,0.1875,0.1875,0.1875,0.1875,,,
28.9130859375,0,0.1875,0.1875,0.1875,0.1875,0.1875,0.1875,,,
28.915088891983,0,0.1875,0.1875,0.1875,0.1875,0.1875,0.1875,,,
28.9170899391174,0,0.1875,0.1875,0.1875,0.1875,0.1875,0.1875,,,
28.9190919399261,0,0.1875,0.1875,0.1875,0.1875,0.1875,0.1875,,,
28.9210929870605,0,0.1875,0.1875,0.1875,0.1875,0.1875,0.1875,,,
28.9230949878693,0,0.1875,0.1875,0.1875,0.1875,0.1875,0.1875,,,
28.9250979423523,0,0.1875,0.1875,0.1875,0.1875,0.1875,0.1875,,,
28.9270980358124,0,0.1875,0.1875,0.1875,0.1875,0.1875,0.1875,,,
28.9291009902954,0,0.1875,0.1875,0.1875,0.1875,0.1875,0.1875,,,
28.9311020374298,0,0.1875,0.1875,0.1875,0.1875,0.1875,0.1875,,,
28.9331049919128,0,0.1875,0.1875,0.1875,0.1875,0.1875,0.1875,,,
28.9351069927216,0,0.1875,0.1875,0.1875,0.1875,0.1875,0.1875,,,
28.937108039856,0,0.1875,0.1875,0.1875,0.1875,0.1875,0.1875,,,
28.9391100406647,0,0.1875,0.1875,0.1875,0.1875,0.1875,0.1875,,,
28.9411110877991,0,0.1875,0.1875,0.1875,0.1875,0.1875,0.1875,,,
28.9431130886078,0,0.1875,0.1875,0.1875,0.1875,0.1875,0.1875,,,
28.9451160430908,0,0.1875,0.1875,0.1875,0.1875,0.1875,0.1875,,,
28.9471170902252,0,0.1875,0.1875,0.1875,0.1875,0.1875,0.1875,,,
28.9491200447083,0,0.1875,0.1875,0.1875,0.1875,0.1875,0.1875,,,
28.9511198997498,0,0.1875,0.1875,0.1875,0.1875,0.1875,0.1875,,,
28.9531230926514,0,0.1875,0.1875,0.1875,0.1875,0.1875,0.1875,,,
28.9551229476929,0,0.1875,0.1875,0.1875,0.1875,0.1875,0.1875,,,
28.9571259021759,0,0.1875,0.1875,0.1875,0.1875,0.1875,0.1875,,,
28.9591290950775,0,0.1875,0.1875,0.1875,0.1875,0.1875,0.1875,,,
28.961128950119,0,0.1875,0.1875,0.1875,0.1875,0.1875,0.1875,,,
28.9631319046021,0,0.1875,0.1875,0.1875,0.1875,0.1875,0.1875,,,
28.9651319980621,0,0.1875,0.1875,0.1875,0.1875,0.1875,0.1875,,,
28.9671349525452,0,0.1875,0.1875,0.1875,0.1875,0.1875,0.1875,,,
28.9691359996796,0,0.1875,0.1875,0.1875,0.1875,0.1875,0.1875,,,
28.9711380004883,0,0.1875,0.1875,0.1875,0.1875,0.1875,0.1875,,,
28.9731409549713,0,0.1875,0.1875,0.1875,0.1875,0.1875,0.1875,,,
28.9751410484314,0,0.1875,0.1875,0.1875,0.1875,0.1875,0.1875,,,
28.9771440029144,0,0.1875,0.1875,0.1875,0.1875,0.1875,0.1875,,,
28.9791450500488,0,0.1875,0.1875,0.1875,0.1875,0.1875,0.1875,,,
28.9811470508575,0,0.1875,0.1875,0.1875,0.1875,0.1875,0.1875,,,
28.9831480979919,0,0.1875,0.1875,0.1875,0.1875,0.1875,0.1875,,,
28.985151052475,0,0.1875,0.1875,0.1875,0.1875,0.1875,0.1875,,,
28.9871530532837,0,0.1875,0.1875,0.1875,0.1875,0.1875,0.1875,,,
28.9891541004181,0,0.1875,0.1875,0.1875,0.1875,0.1875,0.1875,,,
28.9911561012268,0,0.1875,0.1875,0.1875,0.1875,0.1875,0.1875,,,
28.9931569099426,0,0.1875,0.1875,0.1875,0.1875,0.1875,0.1875,,,
28.9951601028442,0,0.1875,0.1875,0.1875,0.1875,0.1875,0.1875,,,
28.9971618652344,0,0.1875,0.1875,0.1875,0.1875,0.1875,0.1875,,,
28.9991629123688,0,0.1875,0.1875,0.1875,0.1875,0.1875,0.1875,,,
29.0011658668518,0,0.1875,0.1875,0.1875,0.1875,0.1875,0.1875,,,
29.0031659603119,0,0.1875,0.1875,0.1875,0.1875,0.1875,0.1875,,,
29.0051689147949,0,0.1875,0.1875,0.1875,0.1875,0.1875,0.1875,,,
29.007169008255,0,0.1875,0.1875,0.1875,0.1875,0.1875,0.1875,,,
29.009171962738,0,0.1875,0.1875,0.1875,0.1875,0.1875,0.1875,,,
29.0111749172211,0,0.1875,0.1875,0.1875,0.1875,0.1875,0.1875,,,
29.0131750106812,0,0.1875,0.1875,0.1875,0.1875,0.1875,0.1875,,,
29.0151779651642,0,0.1875,0.1875,0.1875,0.1875,0.1875,0.1875,,,
29.0171780586243,0,0.1875,0.1875,0.1875,0.1875,0.1875,0.1875,,,
29.0191810131073,0,0.1875,0.1875,0.1875,0.1875,0.1875,0.1875,,,
29.0211808681488,0,0.1875,0.1875,0.1875,0.1875,0.1875,0.1875,,,
29.0231840610504,0,0.1875,0.1875,0.1875,0.1875,0.1875,0.1875,,,
29.0251870155334,0,0.1875,0.1875,0.1875,0.1875,0.1875,0.1875,,,
29.027186870575,0,0.1875,0.1875,0.1875,0.1875,0.1875,0.1875,,,
29.0291900634766,0,0.1875,0.1875,0.1875,0.1875,0.1875,0.1875,,,
29.0311899185181,0,0.1875,0.1875,0.1875,0.1875,0.1875,0.1875,,,
29.0331928730011,0,0.1875,0.1875,0.1875,0.1875,0.1875,0.1875,,,
29.0351939201355,0,0.1875,0.1875,0.1875,0.1875,0.1875,0.1875,,,
29.0371959209442,0,0.1875,0.1875,0.1875,0.1875,0.1875,0.1875,,,
29.0391988754272,0,0.1875,0.1875,0.1875,0.1875,0.1875,0.1875,,,
29.0411999225616,0,0.1875,0.1875,0.1875,0.1875,0.1875,0.1875,,,
29.0432019233704,0,0.1875,0.1875,0.1875,0.1875,0.1875,0.1875,,,
29.0452029705048,0,0.1875,0.1875,0.1875,0.1875,0.1875,0.1875,,,
29.0472049713135,0,0.1875,0.1875,0.1875,0.1875,0.1875,0.1875,,,
29.0492060184479,0,0.1875,0.1875,0.1875,0.1875,0.1875,0.1875,,,
29.0512080192566,0,0.1875,0.1875,0.1875,0.1875,0.1875,0.1875,,,
29.0532109737396,0,0.1875,0.1875,0.1875,0.1875,0.1875,0.1875,,,
29.0552110671997,0,0.1875,0.1875,0.1875,0.1875,0.1875,0.1875,,,
29.0572140216827,0,0.1875,0.1875,0.1875,0.1875,0.1875,0.1875,,,
29.0592150688171,0,0.1875,0.1875,0.1875,0.1875,0.1875,0.1875,,,
29.0612180233002,0,0.1875,0.1875,0.1875,0.1875,0.1875,0.1875,,,
29.0632178783417,0,0.1875,0.1875,0.1875,0.1875,0.1875,0.1875,,,
29.0652210712433,0,0.1875,0.1875,0.1875,0.1875,0.1875,0.1875,,,
29.067223072052,0,0.1875,0.1875,0.1875,0.1875,0.1875,0.1875,,,
29.0692238807678,0,0.1875,0.1875,0.1875,0.1875,0.1875,0.1875,,,
29.0712270736694,0,0.1875,0.1875,0.1875,0.1875,0.1875,0.1875,,,
29.0732269287109,0,0.1875,0.1875,0.1875,0.1875,0.1875,0.1875,,,
29.075229883194,0,0.1875,0.1875,0.1875,0.1875,0.1875,0.1875,,,
29.0772299766541,0,0.1875,0.1875,0.1875,0.1875,0.1875,0.1875,,,
29.0792329311371,0,0.1875,0.1875,0.1875,0.1875,0.1875,0.1875,,,
29.0811700820923,0,0.1875,0.1875,0.1875,0.1875,0.1875,0.1875,,,
29.0831708908081,0,0.1875,0.1875,0.1875,0.1875,0.1875,0.1875,,,
29.0851728916168,0,0.1875,0.1875,0.1875,0.1875,0.1875,0.1875,,,
29.0871739387512,0,0.1875,0.1875,0.1875,0.1875,0.1875,0.1875,,,
29.0891768932343,0,0.1875,0.1875,0.1875,0.1875,0.1875,0.1875,,,
29.0911769866943,0,0.1875,0.1875,0.1875,0.1875,0.1875,0.1875,,,
29.0931799411774,0,0.1875,0.1875,0.1875,0.1875,0.1875,0.1875,,,
29.0951819419861,0,0.1875,0.1875,0.1875,0.1875,0.1875,0.1875,,,
29.0971829891205,0,0.1875,0.1875,0.1875,0.1875,0.1875,0.1875,,,
29.0991859436035,0,0.1875,0.1875,0.1875,0.1875,0.1875,0.1875,,,
29.1011860370636,0,0.1875,0.1875,0.1875,0.1875,0.1875,0.1875,,,
29.1031889915466,0,0.1875,0.1875,0.1875,0.1875,0.1875,0.1875,,,
29.1051890850067,0,0.1875,0.1875,0.1875,0.1875,0.1875,0.1875,,,
29.1071920394897,0,0.1875,0.1875,0.1875,0.1875,0.1875,0.1875,,,
29.1091949939728,0,0.1875,0.1875,0.1875,0.1875,0.1875,0.1875,,,
29.1111950874329,0,0.1875,0.1875,0.1875,0.1875,0.1875,0.1875,,,
29.1131980419159,0,0.1875,0.1875,0.1875,0.1875,0.1875,0.1875,,,
29.1151978969574,0,0.1875,0.1875,0.1875,0.1875,0.1875,0.1875,,,
29.117201089859,0,0.1875,0.1875,0.1875,0.1875,0.1875,0.1875,,,
29.1192009449005,0,0.1875,0.1875,0.1875,0.1875,0.1875,0.1875,,,
29.1212038993835,0,0.1875,0.1875,0.1875,0.1875,0.1875,0.1875,,,
29.1232070922852,0,0.1875,0.1875,0.1875,0.1875,0.1875,0.1875,,,
29.1252069473267,0,0.1875,0.1875,0.1875,0.1875,0.1875,0.1875,,,
29.1272099018097,0,0.1875,0.1875,0.1875,0.1875,0.1875,0.1875,,,
29.1292099952698,0,0.1875,0.1875,0.1875,0.1875,0.1875,0.1875,,,
29.1312129497528,0,0.1875,0.1875,0.1875,0.1875,0.1875,0.1875,,,
29.1332159042358,0,0.1875,0.1875,0.1875,0.1875,0.1875,0.1875,,,
29.1352159976959,0,0.1875,0.1875,0.1875,0.1875,0.1875,0.1875,,,
29.137218952179,0,0.1875,0.1875,0.1875,0.1875,0.1875,0.1875,,,
29.1392199993134,0,0.1875,0.1875,0.1875,0.1875,0.1875,0.1875,,,
29.1412220001221,0,0.1875,0.1875,0.1875,0.1875,0.1875,0.1875,,,
29.1432230472565,0,0.1875,0.1875,0.1875,0.1875,0.1875,0.1875,,,
29.1452250480652,0,0.1875,0.1875,0.1875,0.1875,0.1875,0.1875,,,
29.1472280025482,0,0.1875,0.1875,0.1875,0.1875,0.1875,0.1875,,,
29.1492290496826,0,0.1875,0.1875,0.1875,0.1875,0.1875,0.1875,,,
29.1512310504913,0,0.1875,0.1875,0.1875,0.1875,0.1875,0.1875,,,
29.1532320976257,0,0.1875,0.1875,0.1875,0.1875,0.1875,0.1875,,,
29.1552350521088,0,0.1875,0.1875,0.1875,0.1875,0.1875,0.1875,,,
29.1572370529175,0,0.1875,0.1875,0.1875,0.1875,0.1875,0.1875,,,
29.1592381000519,0,0.1875,0.1875,0.1875,0.1875,0.1875,0.1875,,,
29.1612410545349,0,0.1875,0.1875,0.1875,0.1875,0.1875,0.1875,,,
29.1632409095764,0,0.1875,0.1875,0.1875,0.1875,0.1875,0.1875,,,
29.165244102478,0,0.1875,0.1875,0.1875,0.1875,0.1875,0.1875,,,
29.1672461032867,0,0.1875,0.1875,0.1875,0.1875,0.1875,0.1875,,,
29.1692469120026,0,0.1875,0.1875,0.1875,0.1875,0.1875,0.1875,,,
29.1712498664856,0,0.1875,0.1875,0.1875,0.1875,0.1875,0.1875,,,
29.1732499599457,0,0.1875,0.1875,0.1875,0.1875,0.1875,0.1875,,,
29.1752529144287,0,0.1875,0.1875,0.1875,0.1875,0.1875,0.1875,,,
29.1772549152374,0,0.1875,0.1875,0.1875,0.1875,0.1875,0.1875,,,
29.1792559623718,0,0.1875,0.1875,0.1875,0.1875,0.1875,0.1875,,,
29.1812579631805,0,0.1875,0.1875,0.1875,0.1875,0.1875,0.1875,,,
29.1832590103149,0,0.1875,0.1875,0.1875,0.1875,0.1875,0.1875,,,
29.1852610111237,0,0.1875,0.1875,0.1875,0.1875,0.1875,0.1875,,,
29.1872620582581,0,0.1875,0.1875,0.1875,0.1875,0.1875,0.1875,,,
29.1892650127411,0,0.1875,0.1875,0.1875,0.1875,0.1875,0.1875,,,
29.1912670135498,0,0.1875,0.1875,0.1875,0.1875,0.1875,0.1875,,,
29.1932680606842,0,0.1875,0.1875,0.1875,0.1875,0.1875,0.1875,,,
29.1952700614929,0,0.1875,0.1875,0.1875,0.1875,0.1875,0.1875,,,
29.1972708702087,0,0.1875,0.1875,0.1875,0.1875,0.1875,0.1875,,,
29.1992728710175,0,0.1875,0.1875,0.1875,0.1875,0.1875,0.1875,,,
29.2012760639191,0,0.1875,0.1875,0.1875,0.1875,0.1875,0.1875,,,
29.2032759189606,0,0.1875,0.1875,0.1875,0.1875,0.1875,0.1875,,,
29.2052788734436,0,0.1875,0.1875,0.1875,0.1875,0.1875,0.1875,,,
29.207279920578,0,0.1875,0.1875,0.1875,0.1875,0.1875,0.1875,,,
29.2092819213867,0,0.1875,0.1875,0.1875,0.1875,0.1875,0.1875,,,
29.2112848758698,0,0.1875,0.1875,0.1875,0.1875,0.1875,0.1875,,,
29.2132849693298,0,0.1875,0.1875,0.1875,0.1875,0.1875,0.1875,,,
29.2152879238129,0,0.1875,0.1875,0.1875,0.1875,0.1875,0.1875,,,
29.2172889709473,0,0.1875,0.1875,0.1875,0.1875,0.1875,0.1875,,,
29.219290971756,0,0.1875,0.1875,0.1875,0.1875,0.1875,0.1875,,,
29.2212920188904,0,0.1875,0.1875,0.1875,0.1875,0.1875,0.1875,,,
29.2232949733734,0,0.1875,0.1875,0.1875,0.1875,0.1875,0.1875,,,
29.2252969741821,0,0.1875,0.1875,0.1875,0.1875,0.1875,0.1875,,,
29.2272980213165,0,0.1875,0.1875,0.1875,0.1875,0.1875,0.1875,,,
29.2293009757996,0,0.1875,0.1875,0.1875,0.1875,0.1875,0.1875,,,
29.2313010692596,0,0.1875,0.1875,0.1875,0.1875,0.1875,0.1875,,,
29.2333040237427,0,0.1875,0.1875,0.1875,0.1875,0.1875,0.1875,,,
29.2353060245514,0,0.1875,0.1875,0.1875,0.1875,0.1875,0.1875,,,
29.2373070716858,0,0.1875,0.1875,0.1875,0.1875,0.1875,0.1875,,,
29.2393100261688,0,0.1875,0.1875,0.1875,0.1875,0.1875,0.1875,,,
29.2413098812103,0,0.1875,0.1875,0.1875,0.1875,0.1875,0.1875,,,
29.2433130741119,0,0.1875,0.1875,0.1875,0.1875,0.1875,0.1875,,,
29.2453129291534,0,0.1875,0.1875,0.1875,0.1875,0.1875,0.1875,,,
29.2473158836365,0,0.1875,0.1875,0.1875,0.1875,0.1875,0.1875,,,
29.2493190765381,0,0.1875,0.1875,0.1875,0.1875,0.1875,0.1875,,,
29.2513189315796,0,0.1875,0.1875,0.1875,0.1875,0.1875,0.1875,,,
29.2533218860626,0,0.1875,0.1875,0.1875,0.1875,0.1875,0.1875,,,
29.2553219795227,0,0.1875,0.1875,0.1875,0.1875,0.1875,0.1875,,,
29.2573249340057,0,0.1875,0.1875,0.1875,0.1875,0.1875,0.1875,,,
29.2593250274658,0,0.1875,0.1875,0.1875,0.1875,0.1875,0.1875,,,
29.2613279819489,0,0.1875,0.1875,0.1875,0.1875,0.1875,0.1875,,,
29.2633309364319,0,0.1875,0.1875,0.1875,0.1875,0.1875,0.1875,,,
29.265331029892,0,0.1875,0.1875,0.1875,0.1875,0.1875,0.1875,,,
29.267333984375,0,0.1875,0.1875,0.1875,0.1875,0.1875,0.1875,,,
29.2693340778351,0,0.1875,0.1875,0.1875,0.1875,0.1875,0.1875,,,
29.2713370323181,0,0.1875,0.1875,0.1875,0.1875,0.1875,0.1875,,,
29.2733399868011,0,0.1875,0.1875,0.1875,0.1875,0.1875,0.1875,,,
29.2753400802612,0,0.1875,0.1875,0.1875,0.1875,0.1875,0.1875,,,
29.2773430347443,0,0.1875,0.1875,0.1875,0.1875,0.1875,0.1875,,,
29.2793428897858,0,0.1875,0.1875,0.1875,0.1875,0.1875,0.1875,,,
29.2813460826874,0,0.1875,0.1875,0.1875,0.1875,0.1875,0.1875,,,
29.2833490371704,0,0.1875,0.1875,0.1875,0.1875,0.1875,0.1875,,,
29.2853488922119,0,0.1875,0.1875,0.1875,0.1875,0.1875,0.1875,,,
29.2873520851135,0,0.1875,0.1875,0.1875,0.1875,0.1875,0.1875,,,
29.289351940155,0,0.1875,0.1875,0.1875,0.1875,0.1875,0.1875,,,
29.2913548946381,0,0.1875,0.1875,0.1875,0.1875,0.1875,0.1875,,,
29.2933559417725,0,0.1875,0.1875,0.1875,0.1875,0.1875,0.1875,,,
29.2953579425812,0,0.1875,0.1875,0.1875,0.1875,0.1875,0.1875,,,
29.2973608970642,0,0.1875,0.1875,0.1875,0.1875,0.1875,0.1875,,,
29.2993609905243,0,0.1875,0.1875,0.1875,0.1875,0.1875,0.1875,,,
29.3013639450073,0,0.1875,0.1875,0.1875,0.1875,0.1875,0.1875,,,
29.3033649921417,0,0.1875,0.1875,0.1875,0.1875,0.1875,0.1875,,,
29.3053669929504,0,0.1875,0.1875,0.1875,0.1875,0.1875,0.1875,,,
29.3073699474335,0,0.1875,0.1875,0.1875,0.1875,0.1875,0.1875,,,
29.3093709945679,0,0.1875,0.1875,0.1875,0.1875,0.1875,0.1875,,,
29.3113729953766,0,0.1875,0.1875,0.1875,0.1875,0.1875,0.1875,,,
29.313374042511,0,0.1875,0.1875,0.1875,0.1875,0.1875,0.1875,,,
29.3153760433197,0,0.1875,0.1875,0.1875,0.1875,0.1875,0.1875,,,
29.3173789978027,0,0.1875,0.1875,0.1875,0.1875,0.1875,0.1875,,,
29.3193800449371,0,0.1875,0.1875,0.1875,0.1875,0.1875,0.1875,,,
29.3213820457459,0,0.1875,0.1875,0.1875,0.1875,0.1875,0.1875,,,
29.3233830928802,0,0.1875,0.1875,0.1875,0.1875,0.1875,0.1875,,,
29.325385093689,0,0.1875,0.1875,0.1875,0.1875,0.1875,0.1875,,,
29.3273859024048,0,0.1875,0.1875,0.1875,0.1875,0.1875,0.1875,,,
29.3293890953064,0,0.1875,0.1875,0.1875,0.1875,0.1875,0.1875,,,
29.3313910961151,0,0.1875,0.1875,0.1875,0.1875,0.1875,0.1875,,,
29.3333919048309,0,0.1875,0.1875,0.1875,0.1875,0.1875,0.1875,,,
29.3353950977325,0,0.1875,0.1875,0.1875,0.1875,0.1875,0.1875,,,
29.337394952774,0,0.1875,0.1875,0.1875,0.1875,0.1875,0.1875,,,
29.3393979072571,0,0.1875,0.1875,0.1875,0.1875,0.1875,0.1875,,,
29.3413980007172,0,0.1875,0.1875,0.1875,0.1875,0.1875,0.1875,,,
29.3434009552002,0,0.1875,0.1875,0.1875,0.1875,0.1875,0.1875,,,
29.3454039096832,0,0.1875,0.1875,0.1875,0.1875,0.1875,0.1875,,,
29.3474040031433,0,0.1875,0.1875,0.1875,0.1875,0.1875,0.1875,,,
29.3494069576263,0,0.1875,0.1875,0.1875,0.1875,0.1875,0.1875,,,
29.3514070510864,0,0.1875,0.1875,0.1875,0.1875,0.1875,0.1875,,,
29.3534100055695,0,0.1875,0.1875,0.1875,0.1875,0.1875,0.1875,,,
29.3554129600525,0,0.1875,0.1875,0.1875,0.1875,0.1875,0.1875,,,
29.3574130535126,0,0.1875,0.1875,0.1875,0.1875,0.1875,0.1875,,,
29.3594160079956,0,0.1875,0.1875,0.1875,0.1875,0.1875,0.1875,,,
29.36141705513,0,0.1875,0.1875,0.1875,0.1875,0.1875,0.1875,,,
29.363420009613,0,0.1875,0.1875,0.1875,0.1875,0.1875,0.1875,,,
29.3654201030731,0,0.1875,0.1875,0.1875,0.1875,0.1875,0.1875,,,
29.3674230575562,0,0.1875,0.1875,0.1875,0.1875,0.1875,0.1875,,,
29.3694229125977,0,0.1875,0.1875,0.1875,0.1875,0.1875,0.1875,,,
29.3714258670807,0,0.1875,0.1875,0.1875,0.1875,0.1875,0.1875,,,
29.3734278678894,0,0.1875,0.1875,0.1875,0.1875,0.1875,0.1875,,,
29.3754289150238,0,0.1875,0.1875,0.1875,0.1875,0.1875,0.1875,,,
29.3774318695068,0,0.1875,0.1875,0.1875,0.1875,0.1875,0.1875,,,
29.3794319629669,0,0.1875,0.1875,0.1875,0.1875,0.1875,0.1875,,,
29.38143491745,0,0.1875,0.1875,0.1875,0.1875,0.1875,0.1875,,,
29.38343501091,0,0.1875,0.1875,0.1875,0.1875,0.1875,0.1875,,,
29.3854379653931,0,0.1875,0.1875,0.1875,0.1875,0.1875,0.1875,,,
29.3874409198761,0,0.1875,0.1875,0.1875,0.1875,0.1875,0.1875,,,
29.3894410133362,0,0.1875,0.1875,0.1875,0.1875,0.1875,0.1875,,,
29.3914439678192,0,0.1875,0.1875,0.1875,0.1875,0.1875,0.1875,,,
29.3934440612793,0,0.1875,0.1875,0.1875,0.1875,0.1875,0.1875,,,
29.3954470157623,0,0.1875,0.1875,0.1875,0.1875,0.1875,0.1875,,,
29.3974499702454,0,0.1875,0.1875,0.1875,0.1875,0.1875,0.1875,,,
29.3994500637054,0,0.1875,0.1875,0.1875,0.1875,0.1875,0.1875,,,
29.4014530181885,0,0.1875,0.1875,0.1875,0.1875,0.1875,0.1875,,,
29.40345287323,0,0.1875,0.1875,0.1875,0.1875,0.1875,0.1875,,,
29.4054560661316,0,0.1875,0.1875,0.1875,0.1875,0.1875,0.1875,,,
29.4074559211731,0,0.1875,0.1875,0.1875,0.1875,0.1875,0.1875,,,
29.4094588756561,0,0.1875,0.1875,0.1875,0.1875,0.1875,0.1875,,,
29.4114620685577,0,0.1875,0.1875,0.1875,0.1875,0.1875,0.1875,,,
29.4134619235992,0,0.1875,0.1875,0.1875,0.1875,0.1875,0.1875,,,
29.4154648780823,0,0.1875,0.1875,0.1875,0.1875,0.1875,0.1875,,,
29.4174649715424,0,0.1875,0.1875,0.1875,0.1875,0.1875,0.1875,,,
29.4194679260254,0,0.1875,0.1875,0.1875,0.1875,0.1875,0.1875,,,
29.4214699268341,0,0.1875,0.1875,0.1875,0.1875,0.1875,0.1875,,,
29.4234709739685,0,0.1875,0.1875,0.1875,0.1875,0.1875,0.1875,,,
29.4254739284515,0,0.1875,0.1875,0.1875,0.1875,0.1875,0.1875,,,
29.4274740219116,0,0.1875,0.1875,0.1875,0.1875,0.1875,0.1875,,,
29.4294769763947,0,0.1875,0.1875,0.1875,0.1875,0.1875,0.1875,,,
29.4314770698547,0,0.1875,0.1875,0.1875,0.1875,0.1875,0.1875,,,
29.4334800243378,0,0.1875,0.1875,0.1875,0.1875,0.1875,0.1875,,,
29.4354798793793,0,0.1875,0.1875,0.1875,0.1875,0.1875,0.1875,,,
29.4374830722809,0,0.1875,0.1875,0.1875,0.1875,0.1875,0.1875,,,
29.4394860267639,0,0.1875,0.1875,0.1875,0.1875,0.1875,0.1875,,,
29.4414858818054,0,0.1875,0.1875,0.1875,0.1875,0.1875,0.1875,,,
29.443489074707,0,0.1875,0.1875,0.1875,0.1875,0.1875,0.1875,,,
29.4454889297485,0,0.1875,0.1875,0.1875,0.1875,0.1875,0.1875,,,
29.4474918842316,0,0.1875,0.1875,0.1875,0.1875,0.1875,0.1875,,,
29.4494950771332,0,0.1875,0.1875,0.1875,0.1875,0.1875,0.1875,,,
29.4514949321747,0,0.1875,0.1875,0.1875,0.1875,0.1875,0.1875,,,
29.4534978866577,0,0.1875,0.1875,0.1875,0.1875,0.1875,0.1875,,,
29.4554979801178,0,0.1875,0.1875,0.1875,0.1875,0.1875,0.1875,,,
29.4575009346008,0,0.1875,0.1875,0.1875,0.1875,0.1875,0.1875,,,
29.4595010280609,0,0.1875,0.1875,0.1875,0.1875,0.1875,0.1875,,,
29.4615039825439,0,0.1875,0.1875,0.1875,0.1875,0.1875,0.1875,,,
29.463506937027,0,0.1875,0.1875,0.1875,0.1875,0.1875,0.1875,,,
29.4655070304871,0,0.1875,0.1875,0.1875,0.1875,0.1875,0.1875,,,
29.4675099849701,0,0.1875,0.1875,0.1875,0.1875,0.1875,0.1875,,,
29.4695110321045,0,0.1875,0.1875,0.1875,0.1875,0.1875,0.1875,,,
29.4715139865875,0,0.1875,0.1875,0.1875,0.1875,0.1875,0.1875,,,
29.4735140800476,0,0.1875,0.1875,0.1875,0.1875,0.1875,0.1875,,,
29.4755170345306,0,0.1875,0.1875,0.1875,0.1875,0.1875,0.1875,,,
29.4775199890137,0,0.1875,0.1875,0.1875,0.1875,0.1875,0.1875,,,
29.4795200824738,0,0.1875,0.1875,0.1875,0.1875,0.1875,0.1875,,,
29.4815230369568,0,0.1875,0.1875,0.1875,0.1875,0.1875,0.1875,,,
29.4835228919983,0,0.1875,0.1875,0.1875,0.1875,0.1875,0.1875,,,
29.4855260848999,0,0.1875,0.1875,0.1875,0.1875,0.1875,0.1875,,,
29.4875259399414,0,0.1875,0.1875,0.1875,0.1875,0.1875,0.1875,,,
29.4895288944244,0,0.1875,0.1875,0.1875,0.1875,0.1875,0.1875,,,
29.4915299415588,0,0.1875,0.1875,0.1875,0.1875,0.1875,0.1875,,,
29.4935328960419,0,0.1875,0.1875,0.1875,0.1875,0.1875,0.1875,,,
29.495532989502,0,0.1875,0.1875,0.1875,0.1875,0.1875,0.1875,,,
29.497535943985,0,0.1875,0.1875,0.1875,0.1875,0.1875,0.1875,,,
29.4995360374451,0,0.1875,0.1875,0.1875,0.1875,0.1875,0.1875,,,
29.5015389919281,0,0.1875,0.1875,0.1875,0.1875,0.1875,0.1875,,,
29.5035390853882,0,0.1875,0.1875,0.1875,0.1875,0.1875,0.1875,,,
29.5055420398712,0,0.1875,0.1875,0.1875,0.1875,0.1875,0.1875,,,
29.5075449943542,0,0.1875,0.1875,0.1875,0.1875,0.1875,0.1875,,,
29.5095450878143,0,0.1875,0.1875,0.1875,0.1875,0.1875,0.1875,,,
29.5115480422974,0,0.1875,0.1875,0.1875,0.1875,0.1875,0.1875,,,
29.5135478973389,0,0.1875,0.1875,0.1875,0.1875,0.1875,0.1875,,,
29.5155510902405,0,0.1875,0.1875,0.1875,0.1875,0.1875,0.1875,,,
29.5175518989563,0,0.1875,0.1875,0.1875,0.1875,0.1875,0.1875,,,
29.519553899765,0,0.1875,0.1875,0.1875,0.1875,0.1875,0.1875,,,
29.5215570926666,0,0.1875,0.1875,0.1875,0.1875,0.1875,0.1875,,,
29.5235569477081,0,0.1875,0.1875,0.1875,0.1875,0.1875,0.1875,,,
29.5255599021912,0,0.1875,0.1875,0.1875,0.1875,0.1875,0.1875,,,
29.5275599956512,0,0.1875,0.1875,0.1875,0.1875,0.1875,0.1875,,,
29.5295629501343,0,0.1875,0.1875,0.1875,0.1875,0.1875,0.1875,,,
29.5315639972687,0,0.1875,0.1875,0.1875,0.1875,0.1875,0.1875,,,
29.5335659980774,0,0.1875,0.1875,0.1875,0.1875,0.1875,0.1875,,,
29.5355670452118,0,0.1875,0.1875,0.1875,0.1875,0.1875,0.1875,,,
29.5375690460205,0,0.1875,0.1875,0.1875,0.1875,0.1875,0.1875,,,
29.5395720005035,0,0.1875,0.1875,0.1875,0.1875,0.1875,0.1875,,,
29.5415730476379,0,0.1875,0.1875,0.1875,0.1875,0.1875,0.1875,,,
29.5435750484467,0,0.1875,0.1875,0.1875,0.1875,0.1875,0.1875,,,
29.5455760955811,0,0.1875,0.1875,0.1875,0.1875,0.1875,0.1875,,,
29.5475780963898,0,0.1875,0.1875,0.1875,0.1875,0.1875,0.1875,,,
29.5495789051056,0,0.1875,0.1875,0.1875,0.1875,0.1875,0.1875,,,
29.5515820980072,0,0.1875,0.1875,0.1875,0.1875,0.1875,0.1875,,,
29.5535819530487,0,0.1875,0.1875,0.1875,0.1875,0.1875,0.1875,,,
29.5555849075317,0,0.1875,0.1875,0.1875,0.1875,0.1875,0.1875,,,
29.5575850009918,0,0.1875,0.1875,0.1875,0.1875,0.1875,0.1875,,,
29.5595879554749,0,0.1875,0.1875,0.1875,0.1875,0.1875,0.1875,,,
29.5615909099579,0,0.1875,0.1875,0.1875,0.1875,0.1875,0.1875,,,
29.563591003418,0,0.1875,0.1875,0.1875,0.1875,0.1875,0.1875,,,
29.565593957901,0,0.1875,0.1875,0.1875,0.1875,0.1875,0.1875,,,
29.5675950050354,0,0.1875,0.1875,0.1875,0.1875,0.1875,0.1875,,,
29.5695970058441,0,0.1875,0.1875,0.1875,0.1875,0.1875,0.1875,,,
29.5715980529785,0,0.1875,0.1875,0.1875,0.1875,0.1875,0.1875,,,
29.5736010074615,0,0.1875,0.1875,0.1875,0.1875,0.1875,0.1875,,,
29.5756011009216,0,0.1875,0.1875,0.1875,0.1875,0.1875,0.1875,,,
29.5776040554047,0,0.1875,0.1875,0.1875,0.1875,0.1875,0.1875,,,
29.5796070098877,0,0.1875,0.1875,0.1875,0.1875,0.1875,0.1875,,,
29.5815150737762,0,0.1875,0.1875,0.1875,0.1875,0.1875,0.1875,,,
29.583517074585,0,0.1875,0.1875,0.1875,0.1875,0.1875,0.1875,,,
29.5855178833008,0,0.1875,0.1875,0.1875,0.1875,0.1875,0.1875,,,
29.5875198841095,0,0.1875,0.1875,0.1875,0.1875,0.1875,0.1875,,,
29.5895209312439,0,0.1875,0.1875,0.1875,0.1875,0.1875,0.1875,,,
29.5915238857269,0,0.1875,0.1875,0.1875,0.1875,0.1875,0.1875,,,
29.593523979187,0,0.1875,0.1875,0.1875,0.1875,0.1875,0.1875,,,
29.59552693367,0,0.1875,0.1875,0.1875,0.1875,0.1875,0.1875,,,
29.5975298881531,0,0.1875,0.1875,0.1875,0.1875,0.1875,0.1875,,,
29.5995299816132,0,0.1875,0.1875,0.1875,0.1875,0.1875,0.1875,,,
29.6015329360962,0,0.1875,0.1875,0.1875,0.1875,0.1875,0.1875,,,
29.6035330295563,0,0.1875,0.1875,0.1875,0.1875,0.1875,0.1875,,,
29.6055359840393,0,0.1875,0.1875,0.1875,0.1875,0.1875,0.1875,,,
29.6075360774994,0,0.1875,0.1875,0.1875,0.1875,0.1875,0.1875,,,
29.6095390319824,0,0.1875,0.1875,0.1875,0.1875,0.1875,0.1875,,,
29.6115419864655,0,0.1875,0.1875,0.1875,0.1875,0.1875,0.1875,,,
29.6135420799255,0,0.1875,0.1875,0.1875,0.1875,0.1875,0.1875,,,
29.6155450344086,0,0.1875,0.1875,0.1875,0.1875,0.1875,0.1875,,,
29.6175448894501,0,0.1875,0.1875,0.1875,0.1875,0.1875,0.1875,,,
29.6195480823517,0,0.1875,0.1875,0.1875,0.1875,0.1875,0.1875,,,
29.6215479373932,0,0.1875,0.1875,0.1875,0.1875,0.1875,0.1875,,,
29.6235508918762,0,0.1875,0.1875,0.1875,0.1875,0.1875,0.1875,,,
29.6255509853363,0,0.1875,0.1875,0.1875,0.1875,0.1875,0.1875,,,
29.6275539398193,0,0.1875,0.1875,0.1875,0.1875,0.1875,0.1875,,,
29.6295540332794,0,0.1875,0.1875,0.1875,0.1875,0.1875,0.1875,,,
29.6315569877625,0,0.1875,0.1875,0.1875,0.1875,0.1875,0.1875,,,
29.6335580348969,0,0.1875,0.1875,0.1875,0.1875,0.1875,0.1875,,,
29.6355600357056,0,0.1875,0.1875,0.1875,0.1875,0.1875,0.1875,,,
29.63756108284,0,0.1875,0.1875,0.1875,0.1875,0.1875,0.1875,,,
29.639564037323,0,0.1875,0.1875,0.1875,0.1875,0.1875,0.1875,,,
29.6415660381317,0,0.1875,0.1875,0.1875,0.1875,0.1875,0.1875,,,
29.6435670852661,0,0.1875,0.1875,0.1875,0.1875,0.1875,0.1875,,,
29.6455690860748,0,0.1875,0.1875,0.1875,0.1875,0.1875,0.1875,,,
29.6475698947906,0,0.1875,0.1875,0.1875,0.1875,0.1875,0.1875,,,
29.6495730876923,0,0.1875,0.1875,0.1875,0.1875,0.1875,0.1875,,,
29.6515729427338,0,0.1875,0.1875,0.1875,0.1875,0.1875,0.1875,,,
29.6535758972168,0,0.1875,0.1875,0.1875,0.1875,0.1875,0.1875,,,
29.6555759906769,0,0.1875,0.1875,0.1875,0.1875,0.1875,0.1875,,,
29.6575789451599,0,0.1875,0.1875,0.1875,0.1875,0.1875,0.1875,,,
29.6595818996429,0,0.1875,0.1875,0.1875,0.1875,0.1875,0.1875,,,
29.661581993103,0,0.1875,0.1875,0.1875,0.1875,0.1875,0.1875,,,
29.6635849475861,0,0.1875,0.1875,0.1875,0.1875,0.1875,0.1875,,,
29.6655850410461,0,0.1875,0.1875,0.1875,0.1875,0.1875,0.1875,,,
29.6675879955292,0,0.1875,0.1875,0.1875,0.1875,0.1875,0.1875,,,
29.6695880889893,0,0.1875,0.1875,0.1875,0.1875,0.1875,0.1875,,,
29.6715910434723,0,0.1875,0.1875,0.1875,0.1875,0.1875,0.1875,,,
29.6735939979553,0,0.1875,0.1875,0.1875,0.1875,0.1875,0.1875,,,
29.6755940914154,0,0.1875,0.1875,0.1875,0.1875,0.1875,0.1875,,,
29.6775970458984,0,0.1875,0.1875,0.1875,0.1875,0.1875,0.1875,,,
29.6795969009399,0,0.1875,0.1875,0.1875,0.1875,0.1875,0.1875,,,
29.6816000938416,0,0.1875,0.1875,0.1875,0.1875,0.1875,0.1875,,,
29.6835999488831,0,0.1875,0.1875,0.1875,0.1875,0.1875,0.1875,,,
29.6856029033661,0,0.1875,0.1875,0.1875,0.1875,0.1875,0.1875,,,
29.6876029968262,0,0.1875,0.1875,0.1875,0.1875,0.1875,0.1875,,,
29.6896059513092,0,0.1875,0.1875,0.1875,0.1875,0.1875,0.1875,,,
29.6916089057922,0,0.1875,0.1875,0.1875,0.1875,0.1875,0.1875,,,
29.6936089992523,0,0.1875,0.1875,0.1875,0.1875,0.1875,0.1875,,,
29.6956119537354,0,0.1875,0.1875,0.1875,0.1875,0.1875,0.1875,,,
29.6976120471954,0,0.1875,0.1875,0.1875,0.1875,0.1875,0.1875,,,
29.6996150016785,0,0.1875,0.1875,0.1875,0.1875,0.1875,0.1875,,,
29.7016150951386,0,0.1875,0.1875,0.1875,0.1875,0.1875,0.1875,,,
29.7036180496216,0,0.1875,0.1875,0.1875,0.1875,0.1875,0.1875,,,
29.7056210041046,0,0.1875,0.1875,0.1875,0.1875,0.1875,0.1875,,,
29.7076210975647,0,0.1875,0.1875,0.1875,0.1875,0.1875,0.1875,,,
29.7096240520477,0,0.1875,0.1875,0.1875,0.1875,0.1875,0.1875,,,
29.7116239070892,0,0.1875,0.1875,0.1875,0.1875,0.1875,0.1875,,,
29.7136270999908,0,0.1875,0.1875,0.1875,0.1875,0.1875,0.1875,,,
29.7156279087067,0,0.1875,0.1875,0.1875,0.1875,0.1875,0.1875,,,
29.7176299095154,0,0.1875,0.1875,0.1875,0.1875,0.1875,0.1875,,,
29.7196309566498,0,0.1875,0.1875,0.1875,0.1875,0.1875,0.1875,,,
29.7216329574585,0,0.1875,0.1875,0.1875,0.1875,0.1875,0.1875,,,
29.7236359119415,0,0.1875,0.1875,0.1875,0.1875,0.1875,0.1875,,,
29.7256360054016,0,0.1875,0.1875,0.1875,0.1875,0.1875,0.1875,,,
29.7276389598846,0,0.1875,0.1875,0.1875,0.1875,0.1875,0.1875,,,
29.729640007019,0,0.1875,0.1875,0.1875,0.1875,0.1875,0.1875,,,
29.7316420078278,0,0.1875,0.1875,0.1875,0.1875,0.1875,0.1875,,,
29.7336430549622,0,0.1875,0.1875,0.1875,0.1875,0.1875,0.1875,,,
29.7356450557709,0,0.1875,0.1875,0.1875,0.1875,0.1875,0.1875,,,
29.7376480102539,0,0.1875,0.1875,0.1875,0.1875,0.1875,0.1875,,,
29.7396478652954,0,0.1875,0.1875,0.1875,0.1875,0.1875,0.1875,,,
29.741651058197,0,0.1875,0.1875,0.1875,0.1875,0.1875,0.1875,,,
29.7436518669128,0,0.1875,0.1875,0.1875,0.1875,0.1875,0.1875,,,
29.7456538677216,0,0.1875,0.1875,0.1875,0.1875,0.1875,0.1875,,,
29.7476558685303,0,0.1875,0.1875,0.1875,0.1875,0.1875,0.1875,,,
29.7496559619904,0,0.1875,0.1875,0.1875,0.1875,0.1875,0.1875,,,
29.7516579627991,0,0.1875,0.1875,0.1875,0.1875,0.1875,0.1875,,,
29.7536609172821,0,0.1875,0.1875,0.1875,0.1875,0.1875,0.1875,,,
29.7556619644165,0,0.1875,0.1875,0.1875,0.1875,0.1875,0.1875,,,
29.7576649188995,0,0.1875,0.1875,0.1875,0.1875,0.1875,0.1875,,,
29.7596650123596,0,0.1875,0.1875,0.1875,0.1875,0.1875,0.1875,,,
29.7616679668427,0,0.1875,0.1875,0.1875,0.1875,0.1875,0.1875,,,
29.7636680603027,0,0.1875,0.1875,0.1875,0.1875,0.1875,0.1875,,,
29.7656710147858,0,0.1875,0.1875,0.1875,0.1875,0.1875,0.1875,,,
29.7676720619202,0,0.1875,0.1875,0.1875,0.1875,0.1875,0.1875,,,
29.7696750164032,0,0.1875,0.1875,0.1875,0.1875,0.1875,0.1875,,,
29.7716748714447,0,0.1875,0.1875,0.1875,0.1875,0.1875,0.1875,,,
29.7736780643463,0,0.1875,0.1875,0.1875,0.1875,0.1875,0.1875,,,
29.7756779193878,0,0.1875,0.1875,0.1875,0.1875,0.1875,0.1875,,,
29.7776808738709,0,0.1875,0.1875,0.1875,0.1875,0.1875,0.1875,,,
29.7796819210052,0,0.1875,0.1875,0.1875,0.1875,0.1875,0.1875,,,
29.7816848754883,0,0.1875,0.1875,0.1875,0.1875,0.1875,0.1875,,,
29.7836849689484,0,0.1875,0.1875,0.1875,0.1875,0.1875,0.1875,,,
29.7856879234314,0,0.1875,0.1875,0.1875,0.1875,0.1875,0.1875,,,
29.7876908779144,0,0.1875,0.1875,0.1875,0.1875,0.1875,0.1875,,,
29.7896909713745,0,0.1875,0.1875,0.1875,0.1875,0.1875,0.1875,,,
29.7916939258575,0,0.1875,0.1875,0.1875,0.1875,0.1875,0.1875,,,
29.7936949729919,0,0.1875,0.1875,0.1875,0.1875,0.1875,0.1875,,,
29.795697927475,0,0.1875,0.1875,0.1875,0.1875,0.1875,0.1875,,,
29.7976980209351,0,0.1875,0.1875,0.1875,0.1875,0.1875,0.1875,,,
29.7997009754181,0,0.1875,0.1875,0.1875,0.1875,0.1875,0.1875,,,
29.8017010688782,0,0.1875,0.1875,0.1875,0.1875,0.1875,0.1875,,,
29.8037040233612,0,0.1875,0.1875,0.1875,0.1875,0.1875,0.1875,,,
29.8057050704956,0,0.1875,0.1875,0.1875,0.1875,0.1875,0.1875,,,
29.8077070713043,0,0.1875,0.1875,0.1875,0.1875,0.1875,0.1875,,,
29.8097078800201,0,0.1875,0.1875,0.1875,0.1875,0.1875,0.1875,,,
29.8117110729218,0,0.1875,0.1875,0.1875,0.1875,0.1875,0.1875,,,
29.8137118816376,0,0.1875,0.1875,0.1875,0.1875,0.1875,0.1875,,,
29.8157150745392,0,0.1875,0.1875,0.1875,0.1875,0.1875,0.1875,,,
29.8177149295807,0,0.1875,0.1875,0.1875,0.1875,0.1875,0.1875,,,
29.8197178840637,0,0.1875,0.1875,0.1875,0.1875,0.1875,0.1875,,,
29.8217198848724,0,0.1875,0.1875,0.1875,0.1875,0.1875,0.1875,,,
29.8237199783325,0,0.1875,0.1875,0.1875,0.1875,0.1875,0.1875,,,
29.8257229328156,0,0.1875,0.1875,0.1875,0.1875,0.1875,0.1875,,,
29.82772397995,0,0.1875,0.1875,0.1875,0.1875,0.1875,0.1875,,,
29.8297259807587,0,0.1875,0.1875,0.1875,0.1875,0.1875,0.1875,,,
29.8317289352417,0,0.1875,0.1875,0.1875,0.1875,0.1875,0.1875,,,
29.8337290287018,0,0.1875,0.1875,0.1875,0.1875,0.1875,0.1875,,,
29.8357319831848,0,0.1875,0.1875,0.1875,0.1875,0.1875,0.1875,,,
29.8377339839935,0,0.1875,0.1875,0.1875,0.1875,0.1875,0.1875,,,
29.8397350311279,0,0.1875,0.1875,0.1875,0.1875,0.1875,0.1875,,,
29.8417370319366,0,0.1875,0.1875,0.1875,0.1875,0.1875,0.1875,,,
29.843738079071,0,0.1875,0.1875,0.1875,0.1875,0.1875,0.1875,,,
29.8457400798798,0,0.1875,0.1875,0.1875,0.1875,0.1875,0.1875,,,
29.8477399349213,0,0.1875,0.1875,0.1875,0.1875,0.1875,0.1875,,,
29.8497428894043,0,0.1875,0.1875,0.1875,0.1875,0.1875,0.1875,,,
29.8517460823059,0,0.1875,0.1875,0.1875,0.1875,0.1875,0.1875,,,
29.8537459373474,0,0.1875,0.1875,0.1875,0.1875,0.1875,0.1875,,,
29.8557479381561,0,0.1875,0.1875,0.1875,0.1875,0.1875,0.1875,,,
29.8577508926392,0,0.1875,0.1875,0.1875,0.1875,0.1875,0.1875,,,
29.8597519397736,0,0.1875,0.1875,0.1875,0.1875,0.1875,0.1875,,,
29.8617539405823,0,0.1875,0.1875,0.1875,0.1875,0.1875,0.1875,,,
29.8637540340424,0,0.1875,0.1875,0.1875,0.1875,0.1875,0.1875,,,
29.8657560348511,0,0.1875,0.1875,0.1875,0.1875,0.1875,0.1875,,,
29.8677589893341,0,0.1875,0.1875,0.1875,0.1875,0.1875,0.1875,,,
29.8697590827942,0,0.1875,0.1875,0.1875,0.1875,0.1875,0.1875,,,
29.8717620372772,0,0.1875,0.1875,0.1875,0.1875,0.1875,0.1875,,,
29.8737640380859,0,0.1875,0.1875,0.1875,0.1875,0.1875,0.1875,,,
29.8757650852203,0,0.1875,0.1875,0.1875,0.1875,0.1875,0.1875,,,
29.8777680397034,0,0.1875,0.1875,0.1875,0.1875,0.1875,0.1875,,,
29.8797678947449,0,0.1875,0.1875,0.1875,0.1875,0.1875,0.1875,,,
29.8817710876465,0,0.1875,0.1875,0.1875,0.1875,0.1875,0.1875,,,
29.8837730884552,0,0.1875,0.1875,0.1875,0.1875,0.1875,0.1875,,,
29.885773897171,0,0.1875,0.1875,0.1875,0.1875,0.1875,0.1875,,,
29.8877758979797,0,0.1875,0.1875,0.1875,0.1875,0.1875,0.1875,,,
29.8897790908813,0,0.1875,0.1875,0.1875,0.1875,0.1875,0.1875,,,
29.8917789459229,0,0.1875,0.1875,0.1875,0.1875,0.1875,0.1875,,,
29.8937809467316,0,0.1875,0.1875,0.1875,0.1875,0.1875,0.1875,,,
29.8957839012146,0,0.1875,0.1875,0.1875,0.1875,0.1875,0.1875,,,
29.8977839946747,0,0.1875,0.1875,0.1875,0.1875,0.1875,0.1875,,,
29.8997869491577,0,0.1875,0.1875,0.1875,0.1875,0.1875,0.1875,,,
29.9017879962921,0,0.1875,0.1875,0.1875,0.1875,0.1875,0.1875,,,
29.903795003891,0,0.1875,0.1875,0.1875,0.1875,0.1875,0.1875,,,
29.9057960510254,0,0.1875,0.1875,0.1875,0.1875,0.1875,0.1875,,,
29.9077980518341,0,0.1875,0.1875,0.1875,0.1875,0.1875,0.1875,,,
29.9097990989685,0,0.1875,0.1875,0.1875,0.1875,0.1875,0.1875,,,
29.91179895401,0,0.1875,0.1875,0.1875,0.1875,0.1875,0.1875,,,
29.9137990474701,0,0.1875,0.1875,0.1875,0.1875,0.1875,0.1875,,,
29.9158000946045,0,0.1875,0.1875,0.1875,0.1875,0.1875,0.1875,,,
29.9178020954132,0,0.1875,0.1875,0.1875,0.1875,0.1875,0.1875,,,
29.9198050498962,0,0.1875,0.1875,0.1875,0.1875,0.1875,0.1875,,,
29.9218060970306,0,0.1875,0.1875,0.1875,0.1875,0.1875,0.1875,,,
29.9238080978394,0,0.1875,0.1875,0.1875,0.1875,0.1875,0.1875,,,
29.9258089065552,0,0.1875,0.1875,0.1875,0.1875,0.1875,0.1875,,,
29.9278120994568,0,0.1875,0.1875,0.1875,0.1875,0.1875,0.1875,,,
29.9298119544983,0,0.1875,0.1875,0.1875,0.1875,0.1875,0.1875,,,
29.9318149089813,0,0.1875,0.1875,0.1875,0.1875,0.1875,0.1875,,,
29.9338181018829,0,0.1875,0.1875,0.1875,0.1875,0.1875,0.1875,,,
29.9358179569244,0,0.1875,0.1875,0.1875,0.1875,0.1875,0.1875,,,
29.9378209114075,0,0.1875,0.1875,0.1875,0.1875,0.1875,0.1875,,,
29.9398210048676,0,0.1875,0.1875,0.1875,0.1875,0.1875,0.1875,,,
29.9418239593506,0,0.1875,0.1875,0.1875,0.1875,0.1875,0.1875,,,
29.9438240528107,0,0.1875,0.1875,0.1875,0.1875,0.1875,0.1875,,,
29.9458270072937,0,0.1875,0.1875,0.1875,0.1875,0.1875,0.1875,,,
29.9478299617767,0,0.1875,0.1875,0.1875,0.1875,0.1875,0.1875,,,
29.9498300552368,0,0.1875,0.1875,0.1875,0.1875,0.1875,0.1875,,,
29.9518330097198,0,0.1875,0.1875,0.1875,0.1875,0.1875,0.1875,,,
29.9538331031799,0,0.1875,0.1875,0.1875,0.1875,0.1875,0.1875,,,
29.955836057663,0,0.1875,0.1875,0.1875,0.1875,0.1875,0.1875,,,
29.957839012146,0,0.1875,0.1875,0.1875,0.1875,0.1875,0.1875,,,
29.9598388671875,0,0.1875,0.1875,0.1875,0.1875,0.1875,0.1875,,,
29.9618420600891,0,0.1875,0.1875,0.1875,0.1875,0.1875,0.1875,,,
29.9638419151306,0,0.1875,0.1875,0.1875,0.1875,0.1875,0.1875,,,
29.9658448696136,0,0.1875,0.1875,0.1875,0.1875,0.1875,0.1875,,,
29.9678449630737,0,0.1875,0.1875,0.1875,0.1875,0.1875,0.1875,,,
29.9698479175568,0,0.1875,0.1875,0.1875,0.1875,0.1875,0.1875,,,
29.9718508720398,0,0.1875,0.1875,0.1875,0.1875,0.1875,0.1875,,,
29.9738509654999,0,0.1875,0.1875,0.1875,0.1875,0.1875,0.1875,,,
29.9758539199829,0,0.1875,0.1875,0.1875,0.1875,0.1875,0.1875,,,
29.977854013443,0,0.1875,0.1875,0.1875,0.1875,0.1875,0.1875,,,
29.979856967926,0,0.1875,0.1875,0.1875,0.1875,0.1875,0.1875,,,
29.9818570613861,0,0.1875,0.1875,0.1875,0.1875,0.1875,0.1875,,,
29.9838600158691,0,0.1875,0.1875,0.1875,0.1875,0.1875,0.1875,,,
29.9858629703522,0,0.1875,0.1875,0.1875,0.1875,0.1875,0.1875,,,
29.9878640174866,0,0.1875,0.1875,0.1875,0.1875,0.1875,0.1875,,,
29.9898660182953,0,0.1875,0.1875,0.1875,0.1875,0.1875,0.1875,,,
29.9918670654297,0,0.1875,0.1875,0.1875,0.1875,0.1875,0.1875,,,
29.9938700199127,0,0.1875,0.1875,0.1875,0.1875,0.1875,0.1875,,,
29.9958698749542,0,0.1875,0.1875,0.1875,0.1875,0.1875,0.1875,,,
29.9978730678558,0,0.1875,0.1875,0.1875,0.1875,0.1875,0.1875,,,
29.9998760223389,0,0.1875,0.1875,0.1875,0.1875,0.1875,0.1875,,,
30.0018758773804,0,0.1875,0.1875,0.1875,0.1875,0.1875,0.1875,,,
30.003879070282,0,0.1875,0.1875,0.1875,0.1875,0.1875,0.1875,,,
30.0058789253235,0,0.1875,0.1875,0.1875,0.1875,0.1875,0.1875,,,
30.0078818798065,0,0.1875,0.1875,0.1875,0.1875,0.1875,0.1875,,,
30.0098819732666,0,0.1875,0.1875,0.1875,0.1875,0.1875,0.1875,,,
30.0118849277496,0,0.1875,0.1875,0.1875,0.1875,0.1875,0.1875,,,
30.0138850212097,0,0.1875,0.1875,0.1875,0.1875,0.1875,0.1875,,,
30.0158879756927,0,0.1875,0.1875,0.1875,0.1875,0.1875,0.1875,,,
30.0178909301758,0,0.1875,0.1875,0.1875,0.1875,0.1875,0.1875,,,
30.0198910236359,0,0.1875,0.1875,0.1875,0.1875,0.1875,0.1875,,,
30.0218939781189,0,0.1875,0.1875,0.1875,0.1875,0.1875,0.1875,,,
30.0238950252533,0,0.1875,0.1875,0.1875,0.1875,0.1875,0.1875,,,
30.025897026062,0,0.1875,0.1875,0.1875,0.1875,0.1875,0.1875,,,
30.0278980731964,0,0.1875,0.1875,0.1875,0.1875,0.1875,0.1875,,,
30.0299010276794,0,0.1875,0.1875,0.1875,0.1875,0.1875,0.1875,,,
30.0319030284882,0,0.1875,0.1875,0.1875,0.1875,0.1875,0.1875,,,
30.0339040756226,0,0.1875,0.1875,0.1875,0.1875,0.1875,0.1875,,,
30.0359060764313,0,0.1875,0.1875,0.1875,0.1875,0.1875,0.1875,,,
30.0379068851471,0,0.1875,0.1875,0.1875,0.1875,0.1875,0.1875,,,
30.0399100780487,0,0.1875,0.1875,0.1875,0.1875,0.1875,0.1875,,,
30.0419099330902,0,0.1875,0.1875,0.1875,0.1875,0.1875,0.1875,,,
30.0439128875732,0,0.1875,0.1875,0.1875,0.1875,0.1875,0.1875,,,
30.045914888382,0,0.1875,0.1875,0.1875,0.1875,0.1875,0.1875,,,
30.0479159355164,0,0.1875,0.1875,0.1875,0.1875,0.1875,0.1875,,,
30.0499179363251,0,0.1875,0.1875,0.1875,0.1875,0.1875,0.1875,,,
30.0519189834595,0,0.1875,0.1875,0.1875,0.1875,0.1875,0.1875,,,
30.0539219379425,0,0.1875,0.1875,0.1875,0.1875,0.1875,0.1875,,,
30.0559239387512,0,0.1875,0.1875,0.1875,0.1875,0.1875,0.1875,,,
30.0579249858856,0,0.1875,0.1875,0.1875,0.1875,0.1875,0.1875,,,
30.0599279403687,0,0.1875,0.1875,0.1875,0.1875,0.1875,0.1875,,,
30.0619280338287,0,0.1875,0.1875,0.1875,0.1875,0.1875,0.1875,,,
30.0639309883118,0,0.1875,0.1875,0.1875,0.1875,0.1875,0.1875,,,
30.0659329891205,0,0.1875,0.1875,0.1875,0.1875,0.1875,0.1875,,,
30.0679340362549,0,0.1875,0.1875,0.1875,0.1875,0.1875,0.1875,,,
30.0699369907379,0,0.1875,0.1875,0.1875,0.1875,0.1875,0.1875,,,
30.071937084198,0,0.1875,0.1875,0.1875,0.1875,0.1875,0.1875,,,
30.073940038681,0,0.1875,0.1875,0.1875,0.1875,0.1875,0.1875,,,
30.0759429931641,0,0.1875,0.1875,0.1875,0.1875,0.1875,0.1875,,,
30.077929019928,0,0.1875,0.1875,0.1875,0.1875,0.1875,0.1875,,,
30.0799288749695,0,0.1875,0.1875,0.1875,0.1875,0.1875,0.1875,,,
30.0819320678711,0,0.1875,0.1875,0.1875,0.1875,0.1875,0.1875,,,
30.0839350223541,0,0.1875,0.1875,0.1875,0.1875,0.1875,0.1875,,,
30.0859348773956,0,0.1875,0.1875,0.1875,0.1875,0.1875,0.1875,,,
30.0879380702972,0,0.1875,0.1875,0.1875,0.1875,0.1875,0.1875,,,
30.0899379253387,0,0.1875,0.1875,0.1875,0.1875,0.1875,0.1875,,,
30.0919408798218,0,0.1875,0.1875,0.1875,0.1875,0.1875,0.1875,,,
30.0939440727234,0,0.1875,0.1875,0.1875,0.1875,0.1875,0.1875,,,
30.0959439277649,0,0.1875,0.1875,0.1875,0.1875,0.1875,0.1875,,,
30.0979468822479,0,0.1875,0.1875,0.1875,0.1875,0.1875,0.1875,,,
30.099946975708,0,0.1875,0.1875,0.1875,0.1875,0.1875,0.1875,,,
30.101949930191,0,0.1875,0.1875,0.1875,0.1875,0.1875,0.1875,,,
30.1039528846741,0,0.1875,0.1875,0.1875,0.1875,0.1875,0.1875,,,
30.1059529781342,0,0.1875,0.1875,0.1875,0.1875,0.1875,0.1875,,,
30.1079559326172,0,0.1875,0.1875,0.1875,0.1875,0.1875,0.1875,,,
30.1099560260773,0,0.1875,0.1875,0.1875,0.1875,0.1875,0.1875,,,
30.1119589805603,0,0.1875,0.1875,0.1875,0.1875,0.1875,0.1875,,,
30.1139619350433,0,0.1875,0.1875,0.1875,0.1875,0.1875,0.1875,,,
30.1159620285034,0,0.1875,0.1875,0.1875,0.1875,0.1875,0.1875,,,
30.1179649829865,0,0.1875,0.1875,0.1875,0.1875,0.1875,0.1875,,,
30.1199650764465,0,0.1875,0.1875,0.1875,0.1875,0.1875,0.1875,,,
30.1219680309296,0,0.1875,0.1875,0.1875,0.1875,0.1875,0.1875,,,
30.1239709854126,0,0.1875,0.1875,0.1875,0.1875,0.1875,0.1875,,,
30.1259710788727,0,0.1875,0.1875,0.1875,0.1875,0.1875,0.1875,,,
30.1279740333557,0,0.1875,0.1875,0.1875,0.1875,0.1875,0.1875,,,
30.1299750804901,0,0.1875,0.1875,0.1875,0.1875,0.1875,0.1875,,,
30.1319770812988,0,0.1875,0.1875,0.1875,0.1875,0.1875,0.1875,,,
30.1339800357819,0,0.1875,0.1875,0.1875,0.1875,0.1875,0.1875,,,
30.1359798908234,0,0.1875,0.1875,0.1875,0.1875,0.1875,0.1875,,,
30.137983083725,0,0.1875,0.1875,0.1875,0.1875,0.1875,0.1875,,,
30.139986038208,0,0.1875,0.1875,0.1875,0.1875,0.1875,0.1875,,,
30.1419858932495,0,0.1875,0.1875,0.1875,0.1875,0.1875,0.1875,,,
30.1439890861511,0,0.1875,0.1875,0.1875,0.1875,0.1875,0.1875,,,
30.1459889411926,0,0.1875,0.1875,0.1875,0.1875,0.1875,0.1875,,,
30.1479918956757,0,0.1875,0.1875,0.1875,0.1875,0.1875,0.1875,,,
30.1499950885773,0,0.1875,0.1875,0.1875,0.1875,0.1875,0.1875,,,
30.1519949436188,0,0.1875,0.1875,0.1875,0.1875,0.1875,0.1875,,,
30.1539978981018,0,0.1875,0.1875,0.1875,0.1875,0.1875,0.1875,,,
30.1560010910034,0,0.1875,0.1875,0.1875,0.1875,0.1875,0.1875,,,
30.1580009460449,0,0.1875,0.1875,0.1875,0.1875,0.1875,0.1875,,,
30.160003900528,0,0.1875,0.1875,0.1875,0.1875,0.1875,0.1875,,,
30.162003993988,0,0.1875,0.1875,0.1875,0.1875,0.1875,0.1875,,,
30.1640069484711,0,0.1875,0.1875,0.1875,0.1875,0.1875,0.1875,,,
30.1660089492798,0,0.1875,0.1875,0.1875,0.1875,0.1875,0.1875,,,
30.1680099964142,0,0.1875,0.1875,0.1875,0.1875,0.1875,0.1875,,,
30.1700129508972,0,0.1875,0.1875,0.1875,0.1875,0.1875,0.1875,,,
30.1720130443573,0,0.1875,0.1875,0.1875,0.1875,0.1875,0.1875,,,
30.1740159988403,0,0.1875,0.1875,0.1875,0.1875,0.1875,0.1875,,,
30.1760160923004,0,0.1875,0.1875,0.1875,0.1875,0.1875,0.1875,,,
30.1780190467834,0,0.1875,0.1875,0.1875,0.1875,0.1875,0.1875,,,
30.1800220012665,0,0.1875,0.1875,0.1875,0.1875,0.1875,0.1875,,,
30.1820220947266,0,0.1875,0.1875,0.1875,0.1875,0.1875,0.1875,,,
30.1840250492096,0,0.1875,0.1875,0.1875,0.1875,0.1875,0.1875,,,
30.1860249042511,0,0.1875,0.1875,0.1875,0.1875,0.1875,0.1875,,,
30.1880280971527,0,0.1875,0.1875,0.1875,0.1875,0.1875,0.1875,,,
30.1900310516357,0,0.1875,0.1875,0.1875,0.1875,0.1875,0.1875,,,
30.1920309066772,0,0.1875,0.1875,0.1875,0.1875,0.1875,0.1875,,,
30.1940340995789,0,0.1875,0.1875,0.1875,0.1875,0.1875,0.1875,,,
30.1960339546204,0,0.1875,0.1875,0.1875,0.1875,0.1875,0.1875,,,
30.1980369091034,0,0.1875,0.1875,0.1875,0.1875,0.1875,0.1875,,,
30.200040102005,0,0.1875,0.1875,0.1875,0.1875,0.1875,0.1875,,,
30.2020399570465,0,0.1875,0.1875,0.1875,0.1875,0.1875,0.1875,,,
30.2040429115295,0,0.1875,0.1875,0.1875,0.1875,0.1875,0.1875,,,
30.2060430049896,0,0.1875,0.1875,0.1875,0.1875,0.1875,0.1875,,,
30.2080459594727,0,0.1875,0.1875,0.1875,0.1875,0.1875,0.1875,,,
30.2100489139557,0,0.1875,0.1875,0.1875,0.1875,0.1875,0.1875,,,
30.2120490074158,0,0.1875,0.1875,0.1875,0.1875,0.1875,0.1875,,,
30.2140519618988,0,0.1875,0.1875,0.1875,0.1875,0.1875,0.1875,,,
30.2160530090332,0,0.1875,0.1875,0.1875,0.1875,0.1875,0.1875,,,
30.2180550098419,0,0.1875,0.1875,0.1875,0.1875,0.1875,0.1875,,,
30.220057964325,0,0.1875,0.1875,0.1875,0.1875,0.1875,0.1875,,,
30.222058057785,0,0.1875,0.1875,0.1875,0.1875,0.1875,0.1875,,,
30.2240610122681,0,0.1875,0.1875,0.1875,0.1875,0.1875,0.1875,,,
30.2260639667511,0,0.1875,0.1875,0.1875,0.1875,0.1875,0.1875,,,
30.2280640602112,0,0.1875,0.1875,0.1875,0.1875,0.1875,0.1875,,,
30.2300670146942,0,0.1875,0.1875,0.1875,0.1875,0.1875,0.1875,,,
30.2320680618286,0,0.1875,0.1875,0.1875,0.1875,0.1875,0.1875,,,
30.2340700626373,0,0.1875,0.1875,0.1875,0.1875,0.1875,0.1875,,,
30.2360730171204,0,0.1875,0.1875,0.1875,0.1875,0.1875,0.1875,,,
30.2380740642548,0,0.1875,0.1875,0.1875,0.1875,0.1875,0.1875,,,
30.2400760650635,0,0.1875,0.1875,0.1875,0.1875,0.1875,0.1875,,,
30.2420768737793,0,0.1875,0.1875,0.1875,0.1875,0.1875,0.1875,,,
30.2440800666809,0,0.1875,0.1875,0.1875,0.1875,0.1875,0.1875,,,
30.2460799217224,0,0.1875,0.1875,0.1875,0.1875,0.1875,0.1875,,,
30.2480828762054,0,0.1875,0.1875,0.1875,0.1875,0.1875,0.1875,,,
30.2500848770142,0,0.1875,0.1875,0.1875,0.1875,0.1875,0.1875,,,
30.2520859241486,0,0.1875,0.1875,0.1875,0.1875,0.1875,0.1875,,,
30.2540879249573,0,0.1875,0.1875,0.1875,0.1875,0.1875,0.1875,,,
30.2560889720917,0,0.1875,0.1875,0.1875,0.1875,0.1875,0.1875,,,
30.2580909729004,0,0.1875,0.1875,0.1875,0.1875,0.1875,0.1875,,,
30.2600939273834,0,0.1875,0.1875,0.1875,0.1875,0.1875,0.1875,,,
30.2620940208435,0,0.1875,0.1875,0.1875,0.1875,0.1875,0.1875,,,
30.2640969753265,0,0.1875,0.1875,0.1875,0.1875,0.1875,0.1875,,,
30.2660980224609,0,0.1875,0.1875,0.1875,0.1875,0.1875,0.1875,,,
30.2681000232697,0,0.1875,0.1875,0.1875,0.1875,0.1875,0.1875,,,
30.2701029777527,0,0.1875,0.1875,0.1875,0.1875,0.1875,0.1875,,,
30.2721040248871,0,0.1875,0.1875,0.1875,0.1875,0.1875,0.1875,,,
30.2741060256958,0,0.1875,0.1875,0.1875,0.1875,0.1875,0.1875,,,
30.2761070728302,0,0.1875,0.1875,0.1875,0.1875,0.1875,0.1875,,,
30.2781090736389,0,0.1875,0.1875,0.1875,0.1875,0.1875,0.1875,,,
30.2801120281219,0,0.1875,0.1875,0.1875,0.1875,0.1875,0.1875,,,
30.2821130752563,0,0.1875,0.1875,0.1875,0.1875,0.1875,0.1875,,,
30.2841150760651,0,0.1875,0.1875,0.1875,0.1875,0.1875,0.1875,,,
30.2861158847809,0,0.1875,0.1875,0.1875,0.1875,0.1875,0.1875,,,
30.2881190776825,0,0.1875,0.1875,0.1875,0.1875,0.1875,0.1875,,,
30.2901210784912,0,0.1875,0.1875,0.1875,0.1875,0.1875,0.1875,,,
30.292121887207,0,0.1875,0.1875,0.1875,0.1875,0.1875,0.1875,,,
30.2941238880157,0,0.1875,0.1875,0.1875,0.1875,0.1875,0.1875,,,
30.2961249351501,0,0.1875,0.1875,0.1875,0.1875,0.1875,0.1875,,,
30.2981278896332,0,0.1875,0.1875,0.1875,0.1875,0.1875,0.1875,,,
30.3001310825348,0,0.1875,0.1875,0.1875,0.1875,0.1875,0.1875,,,
30.3021309375763,0,0.1875,0.1875,0.1875,0.1875,0.1875,0.1875,,,
30.3041338920593,0,0.1875,0.1875,0.1875,0.1875,0.1875,0.1875,,,
30.3061339855194,0,0.1875,0.1875,0.1875,0.1875,0.1875,0.1875,,,
30.3081369400024,0,0.1875,0.1875,0.1875,0.1875,0.1875,0.1875,,,
30.3101389408112,0,0.1875,0.1875,0.1875,0.1875,0.1875,0.1875,,,
30.3121399879456,0,0.1875,0.1875,0.1875,0.1875,0.1875,0.1875,,,
30.3141429424286,0,0.1875,0.1875,0.1875,0.1875,0.1875,0.1875,,,
30.3161430358887,0,0.1875,0.1875,0.1875,0.1875,0.1875,0.1875,,,
30.3181459903717,0,0.1875,0.1875,0.1875,0.1875,0.1875,0.1875,,,
30.3201479911804,0,0.1875,0.1875,0.1875,0.1875,0.1875,0.1875,,,
30.3221490383148,0,0.1875,0.1875,0.1875,0.1875,0.1875,0.1875,,,
30.3241510391235,0,0.1875,0.1875,0.1875,0.1875,0.1875,0.1875,,,
30.3261520862579,0,0.1875,0.1875,0.1875,0.1875,0.1875,0.1875,,,
30.3281540870667,0,0.1875,0.1875,0.1875,0.1875,0.1875,0.1875,,,
30.3301570415497,0,0.1875,0.1875,0.1875,0.1875,0.1875,0.1875,,,
30.3321580886841,0,0.1875,0.1875,0.1875,0.1875,0.1875,0.1875,,,
30.3341600894928,0,0.1875,0.1875,0.1875,0.1875,0.1875,0.1875,,,
30.3361608982086,0,0.1875,0.1875,0.1875,0.1875,0.1875,0.1875,,,
30.3381640911102,0,0.1875,0.1875,0.1875,0.1875,0.1875,0.1875,,,
30.3401639461517,0,0.1875,0.1875,0.1875,0.1875,0.1875,0.1875,,,
30.3421669006348,0,0.1875,0.1875,0.1875,0.1875,0.1875,0.1875,,,
30.3441689014435,0,0.1875,0.1875,0.1875,0.1875,0.1875,0.1875,,,
30.3461699485779,0,0.1875,0.1875,0.1875,0.1875,0.1875,0.1875,,,
30.3481729030609,0,0.1875,0.1875,0.1875,0.1875,0.1875,0.1875,,,
30.350172996521,0,0.1875,0.1875,0.1875,0.1875,0.1875,0.1875,,,
30.352175951004,0,0.1875,0.1875,0.1875,0.1875,0.1875,0.1875,,,
30.3541779518127,0,0.1875,0.1875,0.1875,0.1875,0.1875,0.1875,,,
30.3561789989471,0,0.1875,0.1875,0.1875,0.1875,0.1875,0.1875,,,
30.3581819534302,0,0.1875,0.1875,0.1875,0.1875,0.1875,0.1875,,,
30.3601820468903,0,0.1875,0.1875,0.1875,0.1875,0.1875,0.1875,,,
30.3621850013733,0,0.1875,0.1875,0.1875,0.1875,0.1875,0.1875,,,
30.3641879558563,0,0.1875,0.1875,0.1875,0.1875,0.1875,0.1875,,,
30.3661880493164,0,0.1875,0.1875,0.1875,0.1875,0.1875,0.1875,,,
30.3681910037994,0,0.1875,0.1875,0.1875,0.1875,0.1875,0.1875,,,
30.3701910972595,0,0.1875,0.1875,0.1875,0.1875,0.1875,0.1875,,,
30.3721940517426,0,0.1875,0.1875,0.1875,0.1875,0.1875,0.1875,,,
30.3741939067841,0,0.1875,0.1875,0.1875,0.1875,0.1875,0.1875,,,
30.3761970996857,0,0.1875,0.1875,0.1875,0.1875,0.1875,0.1875,,,
30.3782000541687,0,0.1875,0.1875,0.1875,0.1875,0.1875,0.1875,,,
30.3801999092102,0,0.1875,0.1875,0.1875,0.1875,0.1875,0.1875,,,
30.3822031021118,0,0.1875,0.1875,0.1875,0.1875,0.1875,0.1875,,,
30.3842039108276,0,0.1875,0.1875,0.1875,0.1875,0.1875,0.1875,,,
30.3862059116364,0,0.1875,0.1875,0.1875,0.1875,0.1875,0.1875,,,
30.3882088661194,0,0.1875,0.1875,0.1875,0.1875,0.1875,0.1875,,,
30.3902099132538,0,0.1875,0.1875,0.1875,0.1875,0.1875,0.1875,,,
30.3922119140625,0,0.1875,0.1875,0.1875,0.1875,0.1875,0.1875,,,
30.3942129611969,0,0.1875,0.1875,0.1875,0.1875,0.1875,0.1875,,,
30.3962149620056,0,0.1875,0.1875,0.1875,0.1875,0.1875,0.1875,,,
30.3982179164886,0,0.1875,0.1875,0.1875,0.1875,0.1875,0.1875,,,
30.400218963623,0,0.1875,0.1875,0.1875,0.1875,0.1875,0.1875,,,
30.4022209644318,0,0.1875,0.1875,0.1875,0.1875,0.1875,0.1875,,,
30.4042220115662,0,0.1875,0.1875,0.1875,0.1875,0.1875,0.1875,,,
30.4062249660492,0,0.1875,0.1875,0.1875,0.1875,0.1875,0.1875,,,
30.4082250595093,0,0.1875,0.1875,0.1875,0.1875,0.1875,0.1875,,,
30.4102280139923,0,0.1875,0.1875,0.1875,0.1875,0.1875,0.1875,,,
30.4122309684753,0,0.1875,0.1875,0.1875,0.1875,0.1875,0.1875,,,
30.4142310619354,0,0.1875,0.1875,0.1875,0.1875,0.1875,0.1875,,,
30.4162340164185,0,0.1875,0.1875,0.1875,0.1875,0.1875,0.1875,,,
30.41823387146,0,0.1875,0.1875,0.1875,0.1875,0.1875,0.1875,,,
30.4202370643616,0,0.1875,0.1875,0.1875,0.1875,0.1875,0.1875,,,
30.4222400188446,0,0.1875,0.1875,0.1875,0.1875,0.1875,0.1875,,,
30.4242398738861,0,0.1875,0.1875,0.1875,0.1875,0.1875,0.1875,,,
30.4262430667877,0,0.1875,0.1875,0.1875,0.1875,0.1875,0.1875,,,
30.4282429218292,0,0.1875,0.1875,0.1875,0.1875,0.1875,0.1875,,,
30.4302458763123,0,0.1875,0.1875,0.1875,0.1875,0.1875,0.1875,,,
30.4322459697723,0,0.1875,0.1875,0.1875,0.1875,0.1875,0.1875,,,
30.4342489242554,0,0.1875,0.1875,0.1875,0.1875,0.1875,0.1875,,,
30.4362518787384,0,0.1875,0.1875,0.1875,0.1875,0.1875,0.1875,,,
30.4382519721985,0,0.1875,0.1875,0.1875,0.1875,0.1875,0.1875,,,
30.4402549266815,0,0.1875,0.1875,0.1875,0.1875,0.1875,0.1875,,,
30.4422578811646,0,0.1875,0.1875,0.1875,0.1875,0.1875,0.1875,,,
30.4442579746246,0,0.1875,0.1875,0.1875,0.1875,0.1875,0.1875,,,
30.4462609291077,0,0.1875,0.1875,0.1875,0.1875,0.1875,0.1875,,,
30.4482610225677,0,0.1875,0.1875,0.1875,0.1875,0.1875,0.1875,,,
30.4502639770508,0,0.1875,0.1875,0.1875,0.1875,0.1875,0.1875,,,
30.4522650241852,0,0.1875,0.1875,0.1875,0.1875,0.1875,0.1875,,,
30.4542670249939,0,0.1875,0.1875,0.1875,0.1875,0.1875,0.1875,,,
30.4562699794769,0,0.1875,0.1875,0.1875,0.1875,0.1875,0.1875,,,
30.4582710266113,0,0.1875,0.1875,0.1875,0.1875,0.1875,0.1875,,,
30.46027302742,0,0.1875,0.1875,0.1875,0.1875,0.1875,0.1875,,,
30.4622740745544,0,0.1875,0.1875,0.1875,0.1875,0.1875,0.1875,,,
30.4642760753632,0,0.1875,0.1875,0.1875,0.1875,0.1875,0.1875,,,
30.4662790298462,0,0.1875,0.1875,0.1875,0.1875,0.1875,0.1875,,,
30.4682800769806,0,0.1875,0.1875,0.1875,0.1875,0.1875,0.1875,,,
30.4702820777893,0,0.1875,0.1875,0.1875,0.1875,0.1875,0.1875,,,
30.4722828865051,0,0.1875,0.1875,0.1875,0.1875,0.1875,0.1875,,,
30.4742860794067,0,0.1875,0.1875,0.1875,0.1875,0.1875,0.1875,,,
30.4762859344482,0,0.1875,0.1875,0.1875,0.1875,0.1875,0.1875,,,
30.4782888889313,0,0.1875,0.1875,0.1875,0.1875,0.1875,0.1875,,,
30.48029088974,0,0.1875,0.1875,0.1875,0.1875,0.1875,0.1875,,,
30.4822919368744,0,0.1875,0.1875,0.1875,0.1875,0.1875,0.1875,,,
30.4842948913574,0,0.1875,0.1875,0.1875,0.1875,0.1875,0.1875,,,
30.4862949848175,0,0.1875,0.1875,0.1875,0.1875,0.1875,0.1875,,,
30.4882979393005,0,0.1875,0.1875,0.1875,0.1875,0.1875,0.1875,,,
30.4902980327606,0,0.1875,0.1875,0.1875,0.1875,0.1875,0.1875,,,
30.4923009872437,0,0.1875,0.1875,0.1875,0.1875,0.1875,0.1875,,,
30.4943029880524,0,0.1875,0.1875,0.1875,0.1875,0.1875,0.1875,,,
30.4963040351868,0,0.1875,0.1875,0.1875,0.1875,0.1875,0.1875,,,
30.4983060359955,0,0.1875,0.1875,0.1875,0.1875,0.1875,0.1875,,,
30.5003089904785,0,0.1875,0.1875,0.1875,0.1875,0.1875,0.1875,,,
30.5023090839386,0,0.1875,0.1875,0.1875,0.1875,0.1875,0.1875,,,
30.5043120384216,0,0.1875,0.1875,0.1875,0.1875,0.1875,0.1875,,,
30.506313085556,0,0.1875,0.1875,0.1875,0.1875,0.1875,0.1875,,,
30.5083160400391,0,0.1875,0.1875,0.1875,0.1875,0.1875,0.1875,,,
30.5103158950806,0,0.1875,0.1875,0.1875,0.1875,0.1875,0.1875,,,
30.5123190879822,0,0.1875,0.1875,0.1875,0.1875,0.1875,0.1875,,,
30.5143210887909,0,0.1875,0.1875,0.1875,0.1875,0.1875,0.1875,,,
30.5163218975067,0,0.1875,0.1875,0.1875,0.1875,0.1875,0.1875,,,
30.5183238983154,0,0.1875,0.1875,0.1875,0.1875,0.1875,0.1875,,,
30.520327091217,0,0.1875,0.1875,0.1875,0.1875,0.1875,0.1875,,,
30.5223278999329,0,0.1875,0.1875,0.1875,0.1875,0.1875,0.1875,,,
30.5243299007416,0,0.1875,0.1875,0.1875,0.1875,0.1875,0.1875,,,
30.526330947876,0,0.1875,0.1875,0.1875,0.1875,0.1875,0.1875,,,
30.5283329486847,0,0.1875,0.1875,0.1875,0.1875,0.1875,0.1875,,,
30.5303359031677,0,0.1875,0.1875,0.1875,0.1875,0.1875,0.1875,,,
30.5323369503021,0,0.1875,0.1875,0.1875,0.1875,0.1875,0.1875,,,
30.5343389511108,0,0.1875,0.1875,0.1875,0.1875,0.1875,0.1875,,,
30.5363399982452,0,0.1875,0.1875,0.1875,0.1875,0.1875,0.1875,,,
30.5383429527283,0,0.1875,0.1875,0.1875,0.1875,0.1875,0.1875,,,
30.540344953537,0,0.1875,0.1875,0.1875,0.1875,0.1875,0.1875,,,
30.5423460006714,0,0.1875,0.1875,0.1875,0.1875,0.1875,0.1875,,,
30.5443489551544,0,0.1875,0.1875,0.1875,0.1875,0.1875,0.1875,,,
30.5463490486145,0,0.1875,0.1875,0.1875,0.1875,0.1875,0.1875,,,
30.5483520030975,0,0.1875,0.1875,0.1875,0.1875,0.1875,0.1875,,,
30.5503549575806,0,0.1875,0.1875,0.1875,0.1875,0.1875,0.1875,,,
30.5523550510406,0,0.1875,0.1875,0.1875,0.1875,0.1875,0.1875,,,
30.5543580055237,0,0.1875,0.1875,0.1875,0.1875,0.1875,0.1875,,,
30.5563580989838,0,0.1875,0.1875,0.1875,0.1875,0.1875,0.1875,,,
30.5583610534668,0,0.1875,0.1875,0.1875,0.1875,0.1875,0.1875,,,
30.5603640079498,0,0.1875,0.1875,0.1875,0.1875,0.1875,0.1875,,,
30.5623641014099,0,0.1875,0.1875,0.1875,0.1875,0.1875,0.1875,,,
30.5643670558929,0,0.1875,0.1875,0.1875,0.1875,0.1875,0.1875,,,
30.5663669109344,0,0.1875,0.1875,0.1875,0.1875,0.1875,0.1875,,,
30.5683698654175,0,0.1875,0.1875,0.1875,0.1875,0.1875,0.1875,,,
30.5703709125519,0,0.1875,0.1875,0.1875,0.1875,0.1875,0.1875,,,
30.5723738670349,0,0.1875,0.1875,0.1875,0.1875,0.1875,0.1875,,,
30.574373960495,0,0.1875,0.1875,0.1875,0.1875,0.1875,0.1875,,,
30.5763618946075,0,0.1875,0.1875,0.1875,0.1875,0.1875,0.1875,,,
30.5783619880676,0,0.1875,0.1875,0.1875,0.1875,0.1875,0.1875,,,
30.5803649425507,0,0.1875,0.1875,0.1875,0.1875,0.1875,0.1875,,,
30.5823650360107,0,0.1875,0.1875,0.1875,0.1875,0.1875,0.1875,,,
30.5843679904938,0,0.1875,0.1875,0.1875,0.1875,0.1875,0.1875,,,
30.5863680839539,0,0.1875,0.1875,0.1875,0.1875,0.1875,0.1875,,,
30.5883710384369,0,0.1875,0.1875,0.1875,0.1875,0.1875,0.1875,,,
30.5903739929199,0,0.1875,0.1875,0.1875,0.1875,0.1875,0.1875,,,
30.59237408638,0,0.1875,0.1875,0.1875,0.1875,0.1875,0.1875,,,
30.594377040863,0,0.1875,0.1875,0.1875,0.1875,0.1875,0.1875,,,
30.5963768959045,0,0.1875,0.1875,0.1875,0.1875,0.1875,0.1875,,,
30.5983800888062,0,0.1875,0.1875,0.1875,0.1875,0.1875,0.1875,,,
30.6003830432892,0,0.1875,0.1875,0.1875,0.1875,0.1875,0.1875,,,
30.6023828983307,0,0.1875,0.1875,0.1875,0.1875,0.1875,0.1875,,,
30.6043860912323,0,0.1875,0.1875,0.1875,0.1875,0.1875,0.1875,,,
30.6063859462738,0,0.1875,0.1875,0.1875,0.1875,0.1875,0.1875,,,
30.6083889007568,0,0.1875,0.1875,0.1875,0.1875,0.1875,0.1875,,,
30.6103920936584,0,0.1875,0.1875,0.1875,0.1875,0.1875,0.1875,,,
30.6123919487,0,0.1875,0.1875,0.1875,0.1875,0.1875,0.1875,,,
30.614394903183,0,0.1875,0.1875,0.1875,0.1875,0.1875,0.1875,,,
30.6163949966431,0,0.1875,0.1875,0.1875,0.1875,0.1875,0.1875,,,
30.6183979511261,0,0.1875,0.1875,0.1875,0.1875,0.1875,0.1875,,,
30.6204009056091,0,0.1875,0.1875,0.1875,0.1875,0.1875,0.1875,,,
30.6224019527435,0,0.1875,0.1875,0.1875,0.1875,0.1875,0.1875,,,
30.6244039535522,0,0.1875,0.1875,0.1875,0.1875,0.1875,0.1875,,,
30.6264050006866,0,0.1875,0.1875,0.1875,0.1875,0.1875,0.1875,,,
30.6284070014954,0,0.1875,0.1875,0.1875,0.1875,0.1875,0.1875,,,
30.6304099559784,0,0.1875,0.1875,0.1875,0.1875,0.1875,0.1875,,,
30.6324110031128,0,0.1875,0.1875,0.1875,0.1875,0.1875,0.1875,,,
30.6344130039215,0,0.1875,0.1875,0.1875,0.1875,0.1875,0.1875,,,
30.6364140510559,0,0.1875,0.1875,0.1875,0.1875,0.1875,0.1875,,,
30.6384170055389,0,0.1875,0.1875,0.1875,0.1875,0.1875,0.1875,,,
30.640417098999,0,0.1875,0.1875,0.1875,0.1875,0.1875,0.1875,,,
30.6424200534821,0,0.1875,0.1875,0.1875,0.1875,0.1875,0.1875,,,
30.6444230079651,0,0.1875,0.1875,0.1875,0.1875,0.1875,0.1875,,,
30.6464231014252,0,0.1875,0.1875,0.1875,0.1875,0.1875,0.1875,,,
30.6484260559082,0,0.1875,0.1875,0.1875,0.1875,0.1875,0.1875,,,
30.6504259109497,0,0.1875,0.1875,0.1875,0.1875,0.1875,0.1875,,,
30.6524288654327,0,0.1875,0.1875,0.1875,0.1875,0.1875,0.1875,,,
30.6544289588928,0,0.1875,0.1875,0.1875,0.1875,0.1875,0.1875,,,
30.6564319133759,0,0.1875,0.1875,0.1875,0.1875,0.1875,0.1875,,,
30.6584348678589,0,0.1875,0.1875,0.1875,0.1875,0.1875,0.1875,,,
30.660434961319,0,0.1875,0.1875,0.1875,0.1875,0.1875,0.1875,,,
30.662437915802,0,0.1875,0.1875,0.1875,0.1875,0.1875,0.1875,,,
30.6644380092621,0,0.1875,0.1875,0.1875,0.1875,0.1875,0.1875,,,
30.6664409637451,0,0.1875,0.1875,0.1875,0.1875,0.1875,0.1875,,,
30.6684439182281,0,0.1875,0.1875,0.1875,0.1875,0.1875,0.1875,,,
30.6704440116882,0,0.1875,0.1875,0.1875,0.1875,0.1875,0.1875,,,
30.6724469661713,0,0.1875,0.1875,0.1875,0.1875,0.1875,0.1875,,,
30.6744470596313,0,0.1875,0.1875,0.1875,0.1875,0.1875,0.1875,,,
30.6764500141144,0,0.1875,0.1875,0.1875,0.1875,0.1875,0.1875,,,
30.6784498691559,0,0.1875,0.1875,0.1875,0.1875,0.1875,0.1875,,,
30.6804530620575,0,0.1875,0.1875,0.1875,0.1875,0.1875,0.1875,,,
30.6824538707733,0,0.1875,0.1875,0.1875,0.1875,0.1875,0.1875,,,
30.684455871582,0,0.1875,0.1875,0.1875,0.1875,0.1875,0.1875,,,
30.6864590644836,0,0.1875,0.1875,0.1875,0.1875,0.1875,0.1875,,,
30.6884598731995,0,0.1875,0.1875,0.1875,0.1875,0.1875,0.1875,,,
30.6904618740082,0,0.1875,0.1875,0.1875,0.1875,0.1875,0.1875,,,
30.6924629211426,0,0.1875,0.1875,0.1875,0.1875,0.1875,0.1875,,,
30.6944649219513,0,0.1875,0.1875,0.1875,0.1875,0.1875,0.1875,,,
30.6964659690857,0,0.1875,0.1875,0.1875,0.1875,0.1875,0.1875,,,
30.6984689235687,0,0.1875,0.1875,0.1875,0.1875,0.1875,0.1875,,,
30.7004709243774,0,0.1875,0.1875,0.1875,0.1875,0.1875,0.1875,,,
30.7024719715118,0,0.1875,0.1875,0.1875,0.1875,0.1875,0.1875,,,
30.7044739723206,0,0.1875,0.1875,0.1875,0.1875,0.1875,0.1875,,,
30.706475019455,0,0.1875,0.1875,0.1875,0.1875,0.1875,0.1875,,,
30.7084770202637,0,0.1875,0.1875,0.1875,0.1875,0.1875,0.1875,,,
30.7104799747467,0,0.1875,0.1875,0.1875,0.1875,0.1875,0.1875,,,
30.7124800682068,0,0.1875,0.1875,0.1875,0.1875,0.1875,0.1875,,,
30.7144830226898,0,0.1875,0.1875,0.1875,0.1875,0.1875,0.1875,,,
30.7164840698242,0,0.1875,0.1875,0.1875,0.1875,0.1875,0.1875,,,
30.7184860706329,0,0.1875,0.1875,0.1875,0.1875,0.1875,0.1875,,,
30.720489025116,0,0.1875,0.1875,0.1875,0.1875,0.1875,0.1875,,,
30.7224900722504,0,0.1875,0.1875,0.1875,0.1875,0.1875,0.1875,,,
30.7244920730591,0,0.1875,0.1875,0.1875,0.1875,0.1875,0.1875,,,
30.7264928817749,0,0.1875,0.1875,0.1875,0.1875,0.1875,0.1875,,,
30.7284960746765,0,0.1875,0.1875,0.1875,0.1875,0.1875,0.1875,,,
30.730495929718,0,0.1875,0.1875,0.1875,0.1875,0.1875,0.1875,,,
30.7324988842011,0,0.1875,0.1875,0.1875,0.1875,0.1875,0.1875,,,
30.7344989776611,0,0.1875,0.1875,0.1875,0.1875,0.1875,0.1875,,,
30.7365019321442,0,0.1875,0.1875,0.1875,0.1875,0.1875,0.1875,,,
30.7385020256042,0,0.1875,0.1875,0.1875,0.1875,0.1875,0.1875,,,
30.7405049800873,0,0.1875,0.1875,0.1875,0.1875,0.1875,0.1875,,,
30.7425079345703,0,0.1875,0.1875,0.1875,0.1875,0.1875,0.1875,,,
30.7445080280304,0,0.1875,0.1875,0.1875,0.1875,0.1875,0.1875,,,
30.7465109825134,0,0.1875,0.1875,0.1875,0.1875,0.1875,0.1875,,,
30.7485110759735,0,0.1875,0.1875,0.1875,0.1875,0.1875,0.1875,,,
30.7505140304565,0,0.1875,0.1875,0.1875,0.1875,0.1875,0.1875,,,
30.752513885498,0,0.1875,0.1875,0.1875,0.1875,0.1875,0.1875,,,
30.7545170783997,0,0.1875,0.1875,0.1875,0.1875,0.1875,0.1875,,,
30.7565200328827,0,0.1875,0.1875,0.1875,0.1875,0.1875,0.1875,,,
30.7585198879242,0,0.1875,0.1875,0.1875,0.1875,0.1875,0.1875,,,
30.7605230808258,0,0.1875,0.1875,0.1875,0.1875,0.1875,0.1875,,,
30.7625238895416,0,0.1875,0.1875,0.1875,0.1875,0.1875,0.1875,,,
30.7645258903503,0,0.1875,0.1875,0.1875,0.1875,0.1875,0.1875,,,
30.7665269374847,0,0.1875,0.1875,0.1875,0.1875,0.1875,0.1875,,,
30.7685289382935,0,0.1875,0.1875,0.1875,0.1875,0.1875,0.1875,,,
30.7705318927765,0,0.1875,0.1875,0.1875,0.1875,0.1875,0.1875,,,
30.7725319862366,0,0.1875,0.1875,0.1875,0.1875,0.1875,0.1875,,,
30.7745349407196,0,0.1875,0.1875,0.1875,0.1875,0.1875,0.1875,,,
30.7765350341797,0,0.1875,0.1875,0.1875,0.1875,0.1875,0.1875,,,
30.7785379886627,0,0.1875,0.1875,0.1875,0.1875,0.1875,0.1875,,,
30.7805409431458,0,0.1875,0.1875,0.1875,0.1875,0.1875,0.1875,,,
30.7825410366058,0,0.1875,0.1875,0.1875,0.1875,0.1875,0.1875,,,
30.7845439910889,0,0.1875,0.1875,0.1875,0.1875,0.1875,0.1875,,,
30.786544084549,0,0.1875,0.1875,0.1875,0.1875,0.1875,0.1875,,,
30.788547039032,0,0.1875,0.1875,0.1875,0.1875,0.1875,0.1875,,,
30.7905480861664,0,0.1875,0.1875,0.1875,0.1875,0.1875,0.1875,,,
30.7925510406494,0,0.1875,0.1875,0.1875,0.1875,0.1875,0.1875,,,
30.7945530414581,0,0.1875,0.1875,0.1875,0.1875,0.1875,0.1875,,,
30.7965540885925,0,0.1875,0.1875,0.1875,0.1875,0.1875,0.1875,,,
30.7985570430756,0,0.1875,0.1875,0.1875,0.1875,0.1875,0.1875,,,
30.8005568981171,0,0.1875,0.1875,0.1875,0.1875,0.1875,0.1875,,,
30.8025600910187,0,0.1875,0.1875,0.1875,0.1875,0.1875,0.1875,,,
30.8045599460602,0,0.1875,0.1875,0.1875,0.1875,0.1875,0.1875,,,
30.8065629005432,0,0.1875,0.1875,0.1875,0.1875,0.1875,0.1875,,,
30.8085660934448,0,0.1875,0.1875,0.1875,0.1875,0.1875,0.1875,,,
30.8105659484863,0,0.1875,0.1875,0.1875,0.1875,0.1875,0.1875,,,
30.8125689029694,0,0.1875,0.1875,0.1875,0.1875,0.1875,0.1875,,,
30.8145689964294,0,0.1875,0.1875,0.1875,0.1875,0.1875,0.1875,,,
30.8165719509125,0,0.1875,0.1875,0.1875,0.1875,0.1875,0.1875,,,
30.8185720443726,0,0.1875,0.1875,0.1875,0.1875,0.1875,0.1875,,,
30.8205749988556,0,0.1875,0.1875,0.1875,0.1875,0.1875,0.1875,,,
30.8225750923157,0,0.1875,0.1875,0.1875,0.1875,0.1875,0.1875,,,
30.8245780467987,0,0.1875,0.1875,0.1875,0.1875,0.1875,0.1875,,,
30.8265810012817,0,0.1875,0.1875,0.1875,0.1875,0.1875,0.1875,,,
30.8285810947418,0,0.1875,0.1875,0.1875,0.1875,0.1875,0.1875,,,
30.8305840492249,0,0.1875,0.1875,0.1875,0.1875,0.1875,0.1875,,,
30.8325839042664,0,0.1875,0.1875,0.1875,0.1875,0.1875,0.1875,,,
30.834587097168,0,0.1875,0.1875,0.1875,0.1875,0.1875,0.1875,,,
30.8365869522095,0,0.1875,0.1875,0.1875,0.1875,0.1875,0.1875,,,
30.8385899066925,0,0.1875,0.1875,0.1875,0.1875,0.1875,0.1875,,,
30.8405909538269,0,0.1875,0.1875,0.1875,0.1875,0.1875,0.1875,,,
30.8425929546356,0,0.1875,0.1875,0.1875,0.1875,0.1875,0.1875,,,
30.8445959091187,0,0.1875,0.1875,0.1875,0.1875,0.1875,0.1875,,,
30.8465969562531,0,0.1875,0.1875,0.1875,0.1875,0.1875,0.1875,,,
30.8485989570618,0,0.1875,0.1875,0.1875,0.1875,0.1875,0.1875,,,
30.8506000041962,0,0.1875,0.1875,0.1875,0.1875,0.1875,0.1875,,,
30.8526029586792,0,0.1875,0.1875,0.1875,0.1875,0.1875,0.1875,,,
30.8546030521393,0,0.1875,0.1875,0.1875,0.1875,0.1875,0.1875,,,
30.8566060066223,0,0.1875,0.1875,0.1875,0.1875,0.1875,0.1875,,,
30.8586061000824,0,0.1875,0.1875,0.1875,0.1875,0.1875,0.1875,,,
30.8606090545654,0,0.1875,0.1875,0.1875,0.1875,0.1875,0.1875,,,
30.8626120090485,0,0.1875,0.1875,0.1875,0.1875,0.1875,0.1875,,,
30.8646121025085,0,0.1875,0.1875,0.1875,0.1875,0.1875,0.1875,,,
30.8666150569916,0,0.1875,0.1875,0.1875,0.1875,0.1875,0.1875,,,
30.8686149120331,0,0.1875,0.1875,0.1875,0.1875,0.1875,0.1875,,,
30.8706178665161,0,0.1875,0.1875,0.1875,0.1875,0.1875,0.1875,,,
30.8726179599762,0,0.1875,0.1875,0.1875,0.1875,0.1875,0.1875,,,
30.8746209144592,0,0.1875,0.1875,0.1875,0.1875,0.1875,0.1875,,,
30.8766210079193,0,0.1875,0.1875,0.1875,0.1875,0.1875,0.1875,,,
30.8786239624023,0,0.1875,0.1875,0.1875,0.1875,0.1875,0.1875,,,
30.8806250095367,0,0.1875,0.1875,0.1875,0.1875,0.1875,0.1875,,,
30.8826270103455,0,0.1875,0.1875,0.1875,0.1875,0.1875,0.1875,,,
30.8846280574799,0,0.1875,0.1875,0.1875,0.1875,0.1875,0.1875,,,
30.8866310119629,0,0.1875,0.1875,0.1875,0.1875,0.1875,0.1875,,,
30.8886339664459,0,0.1875,0.1875,0.1875,0.1875,0.1875,0.1875,,,
30.890634059906,0,0.1875,0.1875,0.1875,0.1875,0.1875,0.1875,,,
30.892637014389,0,0.1875,0.1875,0.1875,0.1875,0.1875,0.1875,,,
30.8946368694305,0,0.1875,0.1875,0.1875,0.1875,0.1875,0.1875,,,
30.8966400623322,0,0.1875,0.1875,0.1875,0.1875,0.1875,0.1875,,,
30.8986399173737,0,0.1875,0.1875,0.1875,0.1875,0.1875,0.1875,,,
30.9006428718567,0,0.1875,0.1875,0.1875,0.1875,0.1875,0.1875,,,
30.9026439189911,0,0.1875,0.1875,0.1875,0.1875,0.1875,0.1875,,,
30.9046468734741,0,0.1875,0.1875,0.1875,0.1875,0.1875,0.1875,,,
30.9066469669342,0,0.1875,0.1875,0.1875,0.1875,0.1875,0.1875,,,
30.9086499214172,0,0.1875,0.1875,0.1875,0.1875,0.1875,0.1875,,,
30.9106509685516,0,0.1875,0.1875,0.1875,0.1875,0.1875,0.1875,,,
30.9126539230347,0,0.1875,0.1875,0.1875,0.1875,0.1875,0.1875,,,
30.9146540164948,0,0.1875,0.1875,0.1875,0.1875,0.1875,0.1875,,,
30.9166569709778,0,0.1875,0.1875,0.1875,0.1875,0.1875,0.1875,,,
30.9186570644379,0,0.1875,0.1875,0.1875,0.1875,0.1875,0.1875,,,
30.9206600189209,0,0.1875,0.1875,0.1875,0.1875,0.1875,0.1875,,,
30.9226598739624,0,0.1875,0.1875,0.1875,0.1875,0.1875,0.1875,,,
30.924663066864,0,0.1875,0.1875,0.1875,0.1875,0.1875,0.1875,,,
30.9266638755798,0,0.1875,0.1875,0.1875,0.1875,0.1875,0.1875,,,
30.9286670684814,0,0.1875,0.1875,0.1875,0.1875,0.1875,0.1875,,,
30.9306669235229,0,0.1875,0.1875,0.1875,0.1875,0.1875,0.1875,,,
30.932669878006,0,0.1875,0.1875,0.1875,0.1875,0.1875,0.1875,,,
30.9346709251404,0,0.1875,0.1875,0.1875,0.1875,0.1875,0.1875,,,
30.9366729259491,0,0.1875,0.1875,0.1875,0.1875,0.1875,0.1875,,,
30.9386739730835,0,0.1875,0.1875,0.1875,0.1875,0.1875,0.1875,,,
30.9406769275665,0,0.1875,0.1875,0.1875,0.1875,0.1875,0.1875,,,
30.9426770210266,0,0.1875,0.1875,0.1875,0.1875,0.1875,0.1875,,,
30.9446799755096,0,0.1875,0.1875,0.1875,0.1875,0.1875,0.1875,,,
30.946681022644,0,0.1875,0.1875,0.1875,0.1875,0.1875,0.1875,,,
30.9486839771271,0,0.1875,0.1875,0.1875,0.1875,0.1875,0.1875,,,
30.9506840705872,0,0.1875,0.1875,0.1875,0.1875,0.1875,0.1875,,,
30.9526870250702,0,0.1875,0.1875,0.1875,0.1875,0.1875,0.1875,,,
30.9546868801117,0,0.1875,0.1875,0.1875,0.1875,0.1875,0.1875,,,
30.9566888809204,0,0.1875,0.1875,0.1875,0.1875,0.1875,0.1875,,,
30.958692073822,0,0.1875,0.1875,0.1875,0.1875,0.1875,0.1875,,,
30.9606928825378,0,0.1875,0.1875,0.1875,0.1875,0.1875,0.1875,,,
30.9626948833466,0,0.1875,0.1875,0.1875,0.1875,0.1875,0.1875,,,
30.964695930481,0,0.1875,0.1875,0.1875,0.1875,0.1875,0.1875,,,
30.9666979312897,0,0.1875,0.1875,0.1875,0.1875,0.1875,0.1875,,,
30.9686980247498,0,0.1875,0.1875,0.1875,0.1875,0.1875,0.1875,,,
30.9707009792328,0,0.1875,0.1875,0.1875,0.1875,0.1875,0.1875,,,
30.9727029800415,0,0.1875,0.1875,0.1875,0.1875,0.1875,0.1875,,,
30.9747040271759,0,0.1875,0.1875,0.1875,0.1875,0.1875,0.1875,,,
30.9767060279846,0,0.1875,0.1875,0.1875,0.1875,0.1875,0.1875,,,
30.9787058830261,0,0.1875,0.1875,0.1875,0.1875,0.1875,0.1875,,,
30.9807090759277,0,0.1875,0.1875,0.1875,0.1875,0.1875,0.1875,,,
30.9827120304108,0,0.1875,0.1875,0.1875,0.1875,0.1875,0.1875,,,
30.9847118854523,0,0.1875,0.1875,0.1875,0.1875,0.1875,0.1875,,,
30.9867150783539,0,0.1875,0.1875,0.1875,0.1875,0.1875,0.1875,,,
30.9887149333954,0,0.1875,0.1875,0.1875,0.1875,0.1875,0.1875,,,
30.9907169342041,0,0.1875,0.1875,0.1875,0.1875,0.1875,0.1875,,,
30.9927198886871,0,0.1875,0.1875,0.1875,0.1875,0.1875,0.1875,,,
30.9947199821472,0,0.1875,0.1875,0.1875,0.1875,0.1875,0.1875,,,
30.9967229366302,0,0.1875,0.1875,0.1875,0.1875,0.1875,0.1875,,,
30.9987258911133,0,0.1875,0.1875,0.1875,0.1875,0.1875,0.1875,,,
31.0007259845734,0,0.1875,0.1875,0.1875,0.1875,0.1875,0.1875,,,
31.0027279853821,0,0.1875,0.1875,0.1875,0.1875,0.1875,0.1875,,,
31.0047290325165,0,0.1875,0.1875,0.1875,0.1875,0.1875,0.1875,,,
31.0067310333252,0,0.1875,0.1875,0.1875,0.1875,0.1875,0.1875,,,
31.0087339878082,0,0.1875,0.1875,0.1875,0.1875,0.1875,0.1875,,,
31.0107340812683,0,0.1875,0.1875,0.1875,0.1875,0.1875,0.1875,,,
31.0127370357513,0,0.1875,0.1875,0.1875,0.1875,0.1875,0.1875,,,
31.0147368907928,0,0.1875,0.1875,0.1875,0.1875,0.1875,0.1875,,,
31.0167400836945,0,0.1875,0.1875,0.1875,0.1875,0.1875,0.1875,,,
31.0187420845032,0,0.1875,0.1875,0.1875,0.1875,0.1875,0.1875,,,
31.020742893219,0,0.1875,0.1875,0.1875,0.1875,0.1875,0.1875,,,
31.0227448940277,0,0.1875,0.1875,0.1875,0.1875,0.1875,0.1875,,,
31.0247480869293,0,0.1875,0.1875,0.1875,0.1875,0.1875,0.1875,,,
31.0267479419708,0,0.1875,0.1875,0.1875,0.1875,0.1875,0.1875,,,
31.0287508964539,0,0.1875,0.1875,0.1875,0.1875,0.1875,0.1875,,,
31.0307528972626,0,0.1875,0.1875,0.1875,0.1875,0.1875,0.1875,,,
31.032753944397,0,0.1875,0.1875,0.1875,0.1875,0.1875,0.1875,,,
31.03475689888,0,0.1875,0.1875,0.1875,0.1875,0.1875,0.1875,,,
31.0367569923401,0,0.1875,0.1875,0.1875,0.1875,0.1875,0.1875,,,
31.0387649536133,0,0.1875,0.1875,0.1875,0.1875,0.1875,0.1875,,,
31.0407650470734,0,0.1875,0.1875,0.1875,0.1875,0.1875,0.1875,,,
31.0427680015564,0,0.1875,0.1875,0.1875,0.1875,0.1875,0.1875,,,
31.0447680950165,0,0.1875,0.1875,0.1875,0.1875,0.1875,0.1875,,,
31.046767950058,0,0.1875,0.1875,0.1875,0.1875,0.1875,0.1875,,,
31.0487680435181,0,0.1875,0.1875,0.1875,0.1875,0.1875,0.1875,,,
31.0507690906525,0,0.1875,0.1875,0.1875,0.1875,0.1875,0.1875,,,
31.0527710914612,0,0.1875,0.1875,0.1875,0.1875,0.1875,0.1875,,,
31.054771900177,0,0.1875,0.1875,0.1875,0.1875,0.1875,0.1875,,,
31.0567750930786,0,0.1875,0.1875,0.1875,0.1875,0.1875,0.1875,,,
31.0587749481201,0,0.1875,0.1875,0.1875,0.1875,0.1875,0.1875,,,
31.0607779026031,0,0.1875,0.1875,0.1875,0.1875,0.1875,0.1875,,,
31.0627779960632,0,0.1875,0.1875,0.1875,0.1875,0.1875,0.1875,,,
31.0647809505463,0,0.1875,0.1875,0.1875,0.1875,0.1875,0.1875,,,
31.0667810440063,0,0.1875,0.1875,0.1875,0.1875,0.1875,0.1875,,,
31.0687839984894,0,0.1875,0.1875,0.1875,0.1875,0.1875,0.1875,,,
31.0707840919495,0,0.1875,0.1875,0.1875,0.1875,0.1875,0.1875,,,
31.0727870464325,0,0.1875,0.1875,0.1875,0.1875,0.1875,0.1875,,,
31.0747900009155,0,0.1875,0.1875,0.1875,0.1875,0.1875,0.1875,,,
31.0768260955811,0,0.1875,0.1875,0.1875,0.1875,0.1875,0.1875,,,
31.0788259506226,0,0.1875,0.1875,0.1875,0.1875,0.1875,0.1875,,,
31.0808289051056,0,0.1875,0.1875,0.1875,0.1875,0.1875,0.1875,,,
31.0828289985657,0,0.1875,0.1875,0.1875,0.1875,0.1875,0.1875,,,
31.0848319530487,0,0.1875,0.1875,0.1875,0.1875,0.1875,0.1875,,,
31.0868320465088,0,0.1875,0.1875,0.1875,0.1875,0.1875,0.1875,,,
31.0888350009918,0,0.1875,0.1875,0.1875,0.1875,0.1875,0.1875,,,
31.0908379554749,0,0.1875,0.1875,0.1875,0.1875,0.1875,0.1875,,,
31.0928390026093,0,0.1875,0.1875,0.1875,0.1875,0.1875,0.1875,,,
31.094841003418,0,0.1875,0.1875,0.1875,0.1875,0.1875,0.1875,,,
31.0968420505524,0,0.1875,0.1875,0.1875,0.1875,0.1875,0.1875,,,
31.0988450050354,0,0.1875,0.1875,0.1875,0.1875,0.1875,0.1875,,,
31.1008450984955,0,0.1875,0.1875,0.1875,0.1875,0.1875,0.1875,,,
31.1028480529785,0,0.1875,0.1875,0.1875,0.1875,0.1875,0.1875,,,
31.10484790802,0,0.1875,0.1875,0.1875,0.1875,0.1875,0.1875,,,
31.1068511009216,0,0.1875,0.1875,0.1875,0.1875,0.1875,0.1875,,,
31.1088509559631,0,0.1875,0.1875,0.1875,0.1875,0.1875,0.1875,,,
31.1108539104462,0,0.1875,0.1875,0.1875,0.1875,0.1875,0.1875,,,
31.1128568649292,0,0.1875,0.1875,0.1875,0.1875,0.1875,0.1875,,,
31.1148569583893,0,0.1875,0.1875,0.1875,0.1875,0.1875,0.1875,,,
31.1168599128723,0,0.1875,0.1875,0.1875,0.1875,0.1875,0.1875,,,
31.1188600063324,0,0.1875,0.1875,0.1875,0.1875,0.1875,0.1875,,,
31.1208629608154,0,0.1875,0.1875,0.1875,0.1875,0.1875,0.1875,,,
31.1228630542755,0,0.1875,0.1875,0.1875,0.1875,0.1875,0.1875,,,
31.1248660087585,0,0.1875,0.1875,0.1875,0.1875,0.1875,0.1875,,,
31.1268661022186,0,0.1875,0.1875,0.1875,0.1875,0.1875,0.1875,,,
31.1288690567017,0,0.1875,0.1875,0.1875,0.1875,0.1875,0.1875,,,
31.1308720111847,0,0.1875,0.1875,0.1875,0.1875,0.1875,0.1875,,,
31.1328718662262,0,0.1875,0.1875,0.1875,0.1875,0.1875,0.1875,,,
31.1348750591278,0,0.1875,0.1875,0.1875,0.1875,0.1875,0.1875,,,
31.1368758678436,0,0.1875,0.1875,0.1875,0.1875,0.1875,0.1875,,,
31.1388778686523,0,0.1875,0.1875,0.1875,0.1875,0.1875,0.1875,,,
31.1408789157867,0,0.1875,0.1875,0.1875,0.1875,0.1875,0.1875,,,
31.1428818702698,0,0.1875,0.1875,0.1875,0.1875,0.1875,0.1875,,,
31.1448850631714,0,0.1875,0.1875,0.1875,0.1875,0.1875,0.1875,,,
31.1468849182129,0,0.1875,0.1875,0.1875,0.1875,0.1875,0.1875,,,
31.1488878726959,0,0.1875,0.1875,0.1875,0.1875,0.1875,0.1875,,,
31.150887966156,0,0.1875,0.1875,0.1875,0.1875,0.1875,0.1875,,,
31.152890920639,0,0.1875,0.1875,0.1875,0.1875,0.1875,0.1875,,,
31.1548938751221,0,0.1875,0.1875,0.1875,0.1875,0.1875,0.1875,,,
31.1568939685822,0,0.1875,0.1875,0.1875,0.1875,0.1875,0.1875,,,
31.1588969230652,0,0.1875,0.1875,0.1875,0.1875,0.1875,0.1875,,,
31.1608979701996,0,0.1875,0.1875,0.1875,0.1875,0.1875,0.1875,,,
31.1628999710083,0,0.1875,0.1875,0.1875,0.1875,0.1875,0.1875,,,
31.1649010181427,0,0.1875,0.1875,0.1875,0.1875,0.1875,0.1875,,,
31.1669039726257,0,0.1875,0.1875,0.1875,0.1875,0.1875,0.1875,,,
31.1689059734344,0,0.1875,0.1875,0.1875,0.1875,0.1875,0.1875,,,
31.1709070205688,0,0.1875,0.1875,0.1875,0.1875,0.1875,0.1875,,,
31.1729090213776,0,0.1875,0.1875,0.1875,0.1875,0.1875,0.1875,,,
31.174910068512,0,0.1875,0.1875,0.1875,0.1875,0.1875,0.1875,,,
31.1769120693207,0,0.1875,0.1875,0.1875,0.1875,0.1875,0.1875,,,
31.1789150238037,0,0.1875,0.1875,0.1875,0.1875,0.1875,0.1875,,,
31.1809160709381,0,0.1875,0.1875,0.1875,0.1875,0.1875,0.1875,,,
31.1829180717468,0,0.1875,0.1875,0.1875,0.1875,0.1875,0.1875,,,
31.1849188804626,0,0.1875,0.1875,0.1875,0.1875,0.1875,0.1875,,,
31.1869220733643,0,0.1875,0.1875,0.1875,0.1875,0.1875,0.1875,,,
31.188924074173,0,0.1875,0.1875,0.1875,0.1875,0.1875,0.1875,,,
31.1909248828888,0,0.1875,0.1875,0.1875,0.1875,0.1875,0.1875,,,
31.1929268836975,0,0.1875,0.1875,0.1875,0.1875,0.1875,0.1875,,,
31.1949279308319,0,0.1875,0.1875,0.1875,0.1875,0.1875,0.1875,,,
31.1969299316406,0,0.1875,0.1875,0.1875,0.1875,0.1875,0.1875,,,
31.1989328861237,0,0.1875,0.1875,0.1875,0.1875,0.1875,0.1875,,,
31.2009339332581,0,0.1875,0.1875,0.1875,0.1875,0.1875,0.1875,,,
31.2029368877411,0,0.1875,0.1875,0.1875,0.1875,0.1875,0.1875,,,
31.2049369812012,0,0.1875,0.1875,0.1875,0.1875,0.1875,0.1875,,,
31.2069399356842,0,0.1875,0.1875,0.1875,0.1875,0.1875,0.1875,,,
31.2089400291443,0,0.1875,0.1875,0.1875,0.1875,0.1875,0.1875,,,
31.2109429836273,0,0.1875,0.1875,0.1875,0.1875,0.1875,0.1875,,,
31.2129459381104,0,0.1875,0.1875,0.1875,0.1875,0.1875,0.1875,,,
31.2149460315704,0,0.1875,0.1875,0.1875,0.1875,0.1875,0.1875,,,
31.2169489860535,0,0.1875,0.1875,0.1875,0.1875,0.1875,0.1875,,,
31.2189490795136,0,0.1875,0.1875,0.1875,0.1875,0.1875,0.1875,,,
31.2209520339966,0,0.1875,0.1875,0.1875,0.1875,0.1875,0.1875,,,
31.2229549884796,0,0.1875,0.1875,0.1875,0.1875,0.1875,0.1875,,,
31.2249550819397,0,0.1875,0.1875,0.1875,0.1875,0.1875,0.1875,,,
31.2269580364227,0,0.1875,0.1875,0.1875,0.1875,0.1875,0.1875,,,
31.2289578914642,0,0.1875,0.1875,0.1875,0.1875,0.1875,0.1875,,,
31.2309610843658,0,0.1875,0.1875,0.1875,0.1875,0.1875,0.1875,,,
31.2329618930817,0,0.1875,0.1875,0.1875,0.1875,0.1875,0.1875,,,
31.2349638938904,0,0.1875,0.1875,0.1875,0.1875,0.1875,0.1875,,,
31.236967086792,0,0.1875,0.1875,0.1875,0.1875,0.1875,0.1875,,,
31.2389678955078,0,0.1875,0.1875,0.1875,0.1875,0.1875,0.1875,,,
31.2409698963165,0,0.1875,0.1875,0.1875,0.1875,0.1875,0.1875,,,
31.2429709434509,0,0.1875,0.1875,0.1875,0.1875,0.1875,0.1875,,,
31.2449729442596,0,0.1875,0.1875,0.1875,0.1875,0.1875,0.1875,,,
31.246973991394,0,0.1875,0.1875,0.1875,0.1875,0.1875,0.1875,,,
31.2489769458771,0,0.1875,0.1875,0.1875,0.1875,0.1875,0.1875,,,
31.2509789466858,0,0.1875,0.1875,0.1875,0.1875,0.1875,0.1875,,,
31.2529799938202,0,0.1875,0.1875,0.1875,0.1875,0.1875,0.1875,,,
31.2549819946289,0,0.1875,0.1875,0.1875,0.1875,0.1875,0.1875,,,
31.2569830417633,0,0.1875,0.1875,0.1875,0.1875,0.1875,0.1875,,,
31.2589859962463,0,0.1875,0.1875,0.1875,0.1875,0.1875,0.1875,,,
31.2609860897064,0,0.1875,0.1875,0.1875,0.1875,0.1875,0.1875,,,
31.2629890441895,0,0.1875,0.1875,0.1875,0.1875,0.1875,0.1875,,,
31.2649919986725,0,0.1875,0.1875,0.1875,0.1875,0.1875,0.1875,,,
31.2669920921326,0,0.1875,0.1875,0.1875,0.1875,0.1875,0.1875,,,
31.2689950466156,0,0.1875,0.1875,0.1875,0.1875,0.1875,0.1875,,,
31.2709949016571,0,0.1875,0.1875,0.1875,0.1875,0.1875,0.1875,,,
31.2729980945587,0,0.1875,0.1875,0.1875,0.1875,0.1875,0.1875,,,
31.2749979496002,0,0.1875,0.1875,0.1875,0.1875,0.1875,0.1875,,,
31.2770009040833,0,0.1875,0.1875,0.1875,0.1875,0.1875,0.1875,,,
31.2790009975433,0,0.1875,0.1875,0.1875,0.1875,0.1875,0.1875,,,
31.2810039520264,0,0.1875,0.1875,0.1875,0.1875,0.1875,0.1875,,,
31.2830069065094,0,0.1875,0.1875,0.1875,0.1875,0.1875,0.1875,,,
31.2850069999695,0,0.1875,0.1875,0.1875,0.1875,0.1875,0.1875,,,
31.2870099544525,0,0.1875,0.1875,0.1875,0.1875,0.1875,0.1875,,,
31.2890100479126,0,0.1875,0.1875,0.1875,0.1875,0.1875,0.1875,,,
31.2910130023956,0,0.1875,0.1875,0.1875,0.1875,0.1875,0.1875,,,
31.29301404953,0,0.1875,0.1875,0.1875,0.1875,0.1875,0.1875,,,
31.2950160503387,0,0.1875,0.1875,0.1875,0.1875,0.1875,0.1875,,,
31.2970190048218,0,0.1875,0.1875,0.1875,0.1875,0.1875,0.1875,,,
31.2990190982819,0,0.1875,0.1875,0.1875,0.1875,0.1875,0.1875,,,
31.3010220527649,0,0.1875,0.1875,0.1875,0.1875,0.1875,0.1875,,,
31.3030230998993,0,0.1875,0.1875,0.1875,0.1875,0.1875,0.1875,,,
31.305025100708,0,0.1875,0.1875,0.1875,0.1875,0.1875,0.1875,,,
31.3070259094238,0,0.1875,0.1875,0.1875,0.1875,0.1875,0.1875,,,
31.3090291023254,0,0.1875,0.1875,0.1875,0.1875,0.1875,0.1875,,,
31.3110311031342,0,0.1875,0.1875,0.1875,0.1875,0.1875,0.1875,,,
31.31303191185,0,0.1875,0.1875,0.1875,0.1875,0.1875,0.1875,,,
31.315034866333,0,0.1875,0.1875,0.1875,0.1875,0.1875,0.1875,,,
31.3170349597931,0,0.1875,0.1875,0.1875,0.1875,0.1875,0.1875,,,
31.3190379142761,0,0.1875,0.1875,0.1875,0.1875,0.1875,0.1875,,,
31.3210399150848,0,0.1875,0.1875,0.1875,0.1875,0.1875,0.1875,,,
31.3230409622192,0,0.1875,0.1875,0.1875,0.1875,0.1875,0.1875,,,
31.325042963028,0,0.1875,0.1875,0.1875,0.1875,0.1875,0.1875,,,
31.3270440101624,0,0.1875,0.1875,0.1875,0.1875,0.1875,0.1875,,,
31.3290469646454,0,0.1875,0.1875,0.1875,0.1875,0.1875,0.1875,,,
31.3310489654541,0,0.1875,0.1875,0.1875,0.1875,0.1875,0.1875,,,
31.3330500125885,0,0.1875,0.1875,0.1875,0.1875,0.1875,0.1875,,,
31.3350529670715,0,0.1875,0.1875,0.1875,0.1875,0.1875,0.1875,,,
31.3370530605316,0,0.1875,0.1875,0.1875,0.1875,0.1875,0.1875,,,
31.3390560150146,0,0.1875,0.1875,0.1875,0.1875,0.1875,0.1875,,,
31.3410558700562,0,0.1875,0.1875,0.1875,0.1875,0.1875,0.1875,,,
31.3430590629578,0,0.1875,0.1875,0.1875,0.1875,0.1875,0.1875,,,
31.3450589179993,0,0.1875,0.1875,0.1875,0.1875,0.1875,0.1875,,,
31.3470618724823,0,0.1875,0.1875,0.1875,0.1875,0.1875,0.1875,,,
31.3490650653839,0,0.1875,0.1875,0.1875,0.1875,0.1875,0.1875,,,
31.3510649204254,0,0.1875,0.1875,0.1875,0.1875,0.1875,0.1875,,,
31.3530678749084,0,0.1875,0.1875,0.1875,0.1875,0.1875,0.1875,,,
31.3550679683685,0,0.1875,0.1875,0.1875,0.1875,0.1875,0.1875,,,
31.3570709228516,0,0.1875,0.1875,0.1875,0.1875,0.1875,0.1875,,,
31.3590729236603,0,0.1875,0.1875,0.1875,0.1875,0.1875,0.1875,,,
31.3610739707947,0,0.1875,0.1875,0.1875,0.1875,0.1875,0.1875,,,
31.3630769252777,0,0.1875,0.1875,0.1875,0.1875,0.1875,0.1875,,,
31.3650770187378,0,0.1875,0.1875,0.1875,0.1875,0.1875,0.1875,,,
31.3670799732208,0,0.1875,0.1875,0.1875,0.1875,0.1875,0.1875,,,
31.3690800666809,0,0.1875,0.1875,0.1875,0.1875,0.1875,0.1875,,,
31.3710830211639,0,0.1875,0.1875,0.1875,0.1875,0.1875,0.1875,,,
31.373085975647,0,0.1875,0.1875,0.1875,0.1875,0.1875,0.1875,,,
31.3750860691071,0,0.1875,0.1875,0.1875,0.1875,0.1875,0.1875,,,
31.3770890235901,0,0.1875,0.1875,0.1875,0.1875,0.1875,0.1875,,,
31.3790888786316,0,0.1875,0.1875,0.1875,0.1875,0.1875,0.1875,,,
31.3810920715332,0,0.1875,0.1875,0.1875,0.1875,0.1875,0.1875,,,
31.3830919265747,0,0.1875,0.1875,0.1875,0.1875,0.1875,0.1875,,,
31.3850948810577,0,0.1875,0.1875,0.1875,0.1875,0.1875,0.1875,,,
31.3870980739594,0,0.1875,0.1875,0.1875,0.1875,0.1875,0.1875,,,
31.3890979290009,0,0.1875,0.1875,0.1875,0.1875,0.1875,0.1875,,,
31.3911008834839,0,0.1875,0.1875,0.1875,0.1875,0.1875,0.1875,,,
31.393100976944,0,0.1875,0.1875,0.1875,0.1875,0.1875,0.1875,,,
31.395103931427,0,0.1875,0.1875,0.1875,0.1875,0.1875,0.1875,,,
31.39710688591,0,0.1875,0.1875,0.1875,0.1875,0.1875,0.1875,,,
31.3991069793701,0,0.1875,0.1875,0.1875,0.1875,0.1875,0.1875,,,
31.4011099338531,0,0.1875,0.1875,0.1875,0.1875,0.1875,0.1875,,,
31.4031128883362,0,0.1875,0.1875,0.1875,0.1875,0.1875,0.1875,,,
31.4051129817963,0,0.1875,0.1875,0.1875,0.1875,0.1875,0.1875,,,
31.4071159362793,0,0.1875,0.1875,0.1875,0.1875,0.1875,0.1875,,,
31.4091160297394,0,0.1875,0.1875,0.1875,0.1875,0.1875,0.1875,,,
31.4111189842224,0,0.1875,0.1875,0.1875,0.1875,0.1875,0.1875,,,
31.4131190776825,0,0.1875,0.1875,0.1875,0.1875,0.1875,0.1875,,,
31.4151220321655,0,0.1875,0.1875,0.1875,0.1875,0.1875,0.1875,,,
31.4171249866486,0,0.1875,0.1875,0.1875,0.1875,0.1875,0.1875,,,
31.4191250801086,0,0.1875,0.1875,0.1875,0.1875,0.1875,0.1875,,,
31.4211280345917,0,0.1875,0.1875,0.1875,0.1875,0.1875,0.1875,,,
31.4231278896332,0,0.1875,0.1875,0.1875,0.1875,0.1875,0.1875,,,
31.4251310825348,0,0.1875,0.1875,0.1875,0.1875,0.1875,0.1875,,,
31.4271309375763,0,0.1875,0.1875,0.1875,0.1875,0.1875,0.1875,,,
31.4291338920593,0,0.1875,0.1875,0.1875,0.1875,0.1875,0.1875,,,
31.4311370849609,0,0.1875,0.1875,0.1875,0.1875,0.1875,0.1875,,,
31.4331369400024,0,0.1875,0.1875,0.1875,0.1875,0.1875,0.1875,,,
31.4351398944855,0,0.1875,0.1875,0.1875,0.1875,0.1875,0.1875,,,
31.4371399879456,0,0.1875,0.1875,0.1875,0.1875,0.1875,0.1875,,,
31.4391429424286,0,0.1875,0.1875,0.1875,0.1875,0.1875,0.1875,,,
31.4411430358887,0,0.1875,0.1875,0.1875,0.1875,0.1875,0.1875,,,
31.4431459903717,0,0.1875,0.1875,0.1875,0.1875,0.1875,0.1875,,,
31.4451489448547,0,0.1875,0.1875,0.1875,0.1875,0.1875,0.1875,,,
31.4471490383148,0,0.1875,0.1875,0.1875,0.1875,0.1875,0.1875,,,
31.4491519927979,0,0.1875,0.1875,0.1875,0.1875,0.1875,0.1875,,,
31.4511520862579,0,0.1875,0.1875,0.1875,0.1875,0.1875,0.1875,,,
31.453155040741,0,0.1875,0.1875,0.1875,0.1875,0.1875,0.1875,,,
31.4551548957825,0,0.1875,0.1875,0.1875,0.1875,0.1875,0.1875,,,
31.4571580886841,0,0.1875,0.1875,0.1875,0.1875,0.1875,0.1875,,,
31.4591610431671,0,0.1875,0.1875,0.1875,0.1875,0.1875,0.1875,,,
31.4611608982086,0,0.1875,0.1875,0.1875,0.1875,0.1875,0.1875,,,
31.4631640911102,0,0.1875,0.1875,0.1875,0.1875,0.1875,0.1875,,,
31.4651639461517,0,0.1875,0.1875,0.1875,0.1875,0.1875,0.1875,,,
31.4671669006348,0,0.1875,0.1875,0.1875,0.1875,0.1875,0.1875,,,
31.4691700935364,0,0.1875,0.1875,0.1875,0.1875,0.1875,0.1875,,,
31.4711699485779,0,0.1875,0.1875,0.1875,0.1875,0.1875,0.1875,,,
31.4731729030609,0,0.1875,0.1875,0.1875,0.1875,0.1875,0.1875,,,
31.4751739501953,0,0.1875,0.1875,0.1875,0.1875,0.1875,0.1875,,,
31.477175951004,0,0.1875,0.1875,0.1875,0.1875,0.1875,0.1875,,,
31.4791789054871,0,0.1875,0.1875,0.1875,0.1875,0.1875,0.1875,,,
31.4811799526215,0,0.1875,0.1875,0.1875,0.1875,0.1875,0.1875,,,
31.4831819534302,0,0.1875,0.1875,0.1875,0.1875,0.1875,0.1875,,,
31.4851830005646,0,0.1875,0.1875,0.1875,0.1875,0.1875,0.1875,,,
31.4871859550476,0,0.1875,0.1875,0.1875,0.1875,0.1875,0.1875,,,
31.4891860485077,0,0.1875,0.1875,0.1875,0.1875,0.1875,0.1875,,,
31.4911890029907,0,0.1875,0.1875,0.1875,0.1875,0.1875,0.1875,,,
31.4931919574738,0,0.1875,0.1875,0.1875,0.1875,0.1875,0.1875,,,
31.4951920509338,0,0.1875,0.1875,0.1875,0.1875,0.1875,0.1875,,,
31.4971950054169,0,0.1875,0.1875,0.1875,0.1875,0.1875,0.1875,,,
31.499195098877,0,0.1875,0.1875,0.1875,0.1875,0.1875,0.1875,,,
31.50119805336,0,0.1875,0.1875,0.1875,0.1875,0.1875,0.1875,,,
31.5031979084015,0,0.1875,0.1875,0.1875,0.1875,0.1875,0.1875,,,
31.5052011013031,0,0.1875,0.1875,0.1875,0.1875,0.1875,0.1875,,,
31.5072031021118,0,0.1875,0.1875,0.1875,0.1875,0.1875,0.1875,,,
31.5092039108276,0,0.1875,0.1875,0.1875,0.1875,0.1875,0.1875,,,
31.5112068653107,0,0.1875,0.1875,0.1875,0.1875,0.1875,0.1875,,,
31.5132069587708,0,0.1875,0.1875,0.1875,0.1875,0.1875,0.1875,,,
31.5152099132538,0,0.1875,0.1875,0.1875,0.1875,0.1875,0.1875,,,
31.5172100067139,0,0.1875,0.1875,0.1875,0.1875,0.1875,0.1875,,,
31.5192129611969,0,0.1875,0.1875,0.1875,0.1875,0.1875,0.1875,,,
31.521213054657,0,0.1875,0.1875,0.1875,0.1875,0.1875,0.1875,,,
31.52321600914,0,0.1875,0.1875,0.1875,0.1875,0.1875,0.1875,,,
31.525218963623,0,0.1875,0.1875,0.1875,0.1875,0.1875,0.1875,,,
31.5272190570831,0,0.1875,0.1875,0.1875,0.1875,0.1875,0.1875,,,
31.5292220115662,0,0.1875,0.1875,0.1875,0.1875,0.1875,0.1875,,,
31.5312218666077,0,0.1875,0.1875,0.1875,0.1875,0.1875,0.1875,,,
31.5332250595093,0,0.1875,0.1875,0.1875,0.1875,0.1875,0.1875,,,
31.5352280139923,0,0.1875,0.1875,0.1875,0.1875,0.1875,0.1875,,,
31.5372278690338,0,0.1875,0.1875,0.1875,0.1875,0.1875,0.1875,,,
31.5392310619354,0,0.1875,0.1875,0.1875,0.1875,0.1875,0.1875,,,
31.5412309169769,0,0.1875,0.1875,0.1875,0.1875,0.1875,0.1875,,,
31.54323387146,0,0.1875,0.1875,0.1875,0.1875,0.1875,0.1875,,,
31.5452370643616,0,0.1875,0.1875,0.1875,0.1875,0.1875,0.1875,,,
31.5472369194031,0,0.1875,0.1875,0.1875,0.1875,0.1875,0.1875,,,
31.5492398738861,0,0.1875,0.1875,0.1875,0.1875,0.1875,0.1875,,,
31.5512399673462,0,0.1875,0.1875,0.1875,0.1875,0.1875,0.1875,,,
31.5532429218292,0,0.1875,0.1875,0.1875,0.1875,0.1875,0.1875,,,
31.5552458763123,0,0.1875,0.1875,0.1875,0.1875,0.1875,0.1875,,,
31.5572459697723,0,0.1875,0.1875,0.1875,0.1875,0.1875,0.1875,,,
31.5592489242554,0,0.1875,0.1875,0.1875,0.1875,0.1875,0.1875,,,
31.5612499713898,0,0.1875,0.1875,0.1875,0.1875,0.1875,0.1875,,,
31.5632519721985,0,0.1875,0.1875,0.1875,0.1875,0.1875,0.1875,,,
31.5652530193329,0,0.1875,0.1875,0.1875,0.1875,0.1875,0.1875,,,
31.5672550201416,0,0.1875,0.1875,0.1875,0.1875,0.1875,0.1875,,,
31.5692579746246,0,0.1875,0.1875,0.1875,0.1875,0.1875,0.1875,,,
31.5712580680847,0,0.1875,0.1875,0.1875,0.1875,0.1875,0.1875,,,
31.5732979774475,0,0.1875,0.1875,0.1875,0.1875,0.1875,0.1875,,,
31.5753009319305,0,0.1875,0.1875,0.1875,0.1875,0.1875,0.1875,,,
31.5773010253906,0,0.1875,0.1875,0.1875,0.1875,0.1875,0.1875,,,
31.5793039798737,0,0.1875,0.1875,0.1875,0.1875,0.1875,0.1875,,,
31.5813040733337,0,0.1875,0.1875,0.1875,0.1875,0.1875,0.1875,,,
31.5833070278168,0,0.1875,0.1875,0.1875,0.1875,0.1875,0.1875,,,
31.5853080749512,0,0.1875,0.1875,0.1875,0.1875,0.1875,0.1875,,,
31.5873100757599,0,0.1875,0.1875,0.1875,0.1875,0.1875,0.1875,,,
31.5893130302429,0,0.1875,0.1875,0.1875,0.1875,0.1875,0.1875,,,
31.5913140773773,0,0.1875,0.1875,0.1875,0.1875,0.1875,0.1875,,,
31.593316078186,0,0.1875,0.1875,0.1875,0.1875,0.1875,0.1875,,,
31.5953168869019,0,0.1875,0.1875,0.1875,0.1875,0.1875,0.1875,,,
31.5973188877106,0,0.1875,0.1875,0.1875,0.1875,0.1875,0.1875,,,
31.5993220806122,0,0.1875,0.1875,0.1875,0.1875,0.1875,0.1875,,,
31.601322889328,0,0.1875,0.1875,0.1875,0.1875,0.1875,0.1875,,,
31.6033260822296,0,0.1875,0.1875,0.1875,0.1875,0.1875,0.1875,,,
31.6053259372711,0,0.1875,0.1875,0.1875,0.1875,0.1875,0.1875,,,
31.6073288917542,0,0.1875,0.1875,0.1875,0.1875,0.1875,0.1875,,,
31.6093289852142,0,0.1875,0.1875,0.1875,0.1875,0.1875,0.1875,,,
31.6113319396973,0,0.1875,0.1875,0.1875,0.1875,0.1875,0.1875,,,
31.6133348941803,0,0.1875,0.1875,0.1875,0.1875,0.1875,0.1875,,,
31.6153349876404,0,0.1875,0.1875,0.1875,0.1875,0.1875,0.1875,,,
31.6173379421234,0,0.1875,0.1875,0.1875,0.1875,0.1875,0.1875,,,
31.6193380355835,0,0.1875,0.1875,0.1875,0.1875,0.1875,0.1875,,,
31.6213409900665,0,0.1875,0.1875,0.1875,0.1875,0.1875,0.1875,,,
31.6233439445496,0,0.1875,0.1875,0.1875,0.1875,0.1875,0.1875,,,
31.6253440380096,0,0.1875,0.1875,0.1875,0.1875,0.1875,0.1875,,,
31.6273469924927,0,0.1875,0.1875,0.1875,0.1875,0.1875,0.1875,,,
31.6293470859528,0,0.1875,0.1875,0.1875,0.1875,0.1875,0.1875,,,
31.6313500404358,0,0.1875,0.1875,0.1875,0.1875,0.1875,0.1875,,,
31.6333520412445,0,0.1875,0.1875,0.1875,0.1875,0.1875,0.1875,,,
31.6353530883789,0,0.1875,0.1875,0.1875,0.1875,0.1875,0.1875,,,
31.6373550891876,0,0.1875,0.1875,0.1875,0.1875,0.1875,0.1875,,,
31.6393558979034,0,0.1875,0.1875,0.1875,0.1875,0.1875,0.1875,,,
31.6413590908051,0,0.1875,0.1875,0.1875,0.1875,0.1875,0.1875,,,
31.6433589458466,0,0.1875,0.1875,0.1875,0.1875,0.1875,0.1875,,,
31.6453619003296,0,0.1875,0.1875,0.1875,0.1875,0.1875,0.1875,,,
31.6473650932312,0,0.1875,0.1875,0.1875,0.1875,0.1875,0.1875,,,
31.6493649482727,0,0.1875,0.1875,0.1875,0.1875,0.1875,0.1875,,,
31.6513679027557,0,0.1875,0.1875,0.1875,0.1875,0.1875,0.1875,,,
31.6533679962158,0,0.1875,0.1875,0.1875,0.1875,0.1875,0.1875,,,
31.6553709506989,0,0.1875,0.1875,0.1875,0.1875,0.1875,0.1875,,,
31.6573710441589,0,0.1875,0.1875,0.1875,0.1875,0.1875,0.1875,,,
31.659373998642,0,0.1875,0.1875,0.1875,0.1875,0.1875,0.1875,,,
31.661376953125,0,0.1875,0.1875,0.1875,0.1875,0.1875,0.1875,,,
31.6633770465851,0,0.1875,0.1875,0.1875,0.1875,0.1875,0.1875,,,
31.6653800010681,0,0.1875,0.1875,0.1875,0.1875,0.1875,0.1875,,,
31.6673800945282,0,0.1875,0.1875,0.1875,0.1875,0.1875,0.1875,,,
31.6693830490112,0,0.1875,0.1875,0.1875,0.1875,0.1875,0.1875,,,
31.6713829040527,0,0.1875,0.1875,0.1875,0.1875,0.1875,0.1875,,,
31.6733860969543,0,0.1875,0.1875,0.1875,0.1875,0.1875,0.1875,,,
31.6753890514374,0,0.1875,0.1875,0.1875,0.1875,0.1875,0.1875,,,
31.6773889064789,0,0.1875,0.1875,0.1875,0.1875,0.1875,0.1875,,,
31.6793920993805,0,0.1875,0.1875,0.1875,0.1875,0.1875,0.1875,,,
31.681391954422,0,0.1875,0.1875,0.1875,0.1875,0.1875,0.1875,,,
31.683394908905,0,0.1875,0.1875,0.1875,0.1875,0.1875,0.1875,,,
31.6853981018066,0,0.1875,0.1875,0.1875,0.1875,0.1875,0.1875,,,
31.6873979568481,0,0.1875,0.1875,0.1875,0.1875,0.1875,0.1875,,,
31.6894009113312,0,0.1875,0.1875,0.1875,0.1875,0.1875,0.1875,,,
31.6914010047913,0,0.1875,0.1875,0.1875,0.1875,0.1875,0.1875,,,
31.6934039592743,0,0.1875,0.1875,0.1875,0.1875,0.1875,0.1875,,,
31.6954050064087,0,0.1875,0.1875,0.1875,0.1875,0.1875,0.1875,,,
31.6974070072174,0,0.1875,0.1875,0.1875,0.1875,0.1875,0.1875,,,
31.6994099617004,0,0.1875,0.1875,0.1875,0.1875,0.1875,0.1875,,,
31.7014110088348,0,0.1875,0.1875,0.1875,0.1875,0.1875,0.1875,,,
31.7034130096436,0,0.1875,0.1875,0.1875,0.1875,0.1875,0.1875,,,
31.705414056778,0,0.1875,0.1875,0.1875,0.1875,0.1875,0.1875,,,
31.707417011261,0,0.1875,0.1875,0.1875,0.1875,0.1875,0.1875,,,
31.7094168663025,0,0.1875,0.1875,0.1875,0.1875,0.1875,0.1875,,,
31.7114200592041,0,0.1875,0.1875,0.1875,0.1875,0.1875,0.1875,,,
31.7134220600128,0,0.1875,0.1875,0.1875,0.1875,0.1875,0.1875,,,
31.7154228687286,0,0.1875,0.1875,0.1875,0.1875,0.1875,0.1875,,,
31.7174248695374,0,0.1875,0.1875,0.1875,0.1875,0.1875,0.1875,,,
31.7194259166718,0,0.1875,0.1875,0.1875,0.1875,0.1875,0.1875,,,
31.7214288711548,0,0.1875,0.1875,0.1875,0.1875,0.1875,0.1875,,,
31.7234320640564,0,0.1875,0.1875,0.1875,0.1875,0.1875,0.1875,,,
31.7254319190979,0,0.1875,0.1875,0.1875,0.1875,0.1875,0.1875,,,
31.7274348735809,0,0.1875,0.1875,0.1875,0.1875,0.1875,0.1875,,,
31.729434967041,0,0.1875,0.1875,0.1875,0.1875,0.1875,0.1875,,,
31.731437921524,0,0.1875,0.1875,0.1875,0.1875,0.1875,0.1875,,,
31.7334408760071,0,0.1875,0.1875,0.1875,0.1875,0.1875,0.1875,,,
31.7354409694672,0,0.1875,0.1875,0.1875,0.1875,0.1875,0.1875,,,
31.7374439239502,0,0.1875,0.1875,0.1875,0.1875,0.1875,0.1875,,,
31.7394440174103,0,0.1875,0.1875,0.1875,0.1875,0.1875,0.1875,,,
31.7414469718933,0,0.1875,0.1875,0.1875,0.1875,0.1875,0.1875,,,
31.7434470653534,0,0.1875,0.1875,0.1875,0.1875,0.1875,0.1875,,,
31.7454500198364,0,0.1875,0.1875,0.1875,0.1875,0.1875,0.1875,,,
31.7474529743195,0,0.1875,0.1875,0.1875,0.1875,0.1875,0.1875,,,
31.7494530677795,0,0.1875,0.1875,0.1875,0.1875,0.1875,0.1875,,,
31.7514560222626,0,0.1875,0.1875,0.1875,0.1875,0.1875,0.1875,,,
31.7534558773041,0,0.1875,0.1875,0.1875,0.1875,0.1875,0.1875,,,
31.7554590702057,0,0.1875,0.1875,0.1875,0.1875,0.1875,0.1875,,,
31.7574598789215,0,0.1875,0.1875,0.1875,0.1875,0.1875,0.1875,,,
31.7594618797302,0,0.1875,0.1875,0.1875,0.1875,0.1875,0.1875,,,
31.7614650726318,0,0.1875,0.1875,0.1875,0.1875,0.1875,0.1875,,,
31.7634658813477,0,0.1875,0.1875,0.1875,0.1875,0.1875,0.1875,,,
31.7654678821564,0,0.1875,0.1875,0.1875,0.1875,0.1875,0.1875,,,
31.7674689292908,0,0.1875,0.1875,0.1875,0.1875,0.1875,0.1875,,,
31.7694718837738,0,0.1875,0.1875,0.1875,0.1875,0.1875,0.1875,,,
31.7714738845825,0,0.1875,0.1875,0.1875,0.1875,0.1875,0.1875,,,
31.7734749317169,0,0.1875,0.1875,0.1875,0.1875,0.1875,0.1875,,,
31.7754778862,0,0.1875,0.1875,0.1875,0.1875,0.1875,0.1875,,,
31.77747797966,0,0.1875,0.1875,0.1875,0.1875,0.1875,0.1875,,,
31.7794809341431,0,0.1875,0.1875,0.1875,0.1875,0.1875,0.1875,,,
31.7814810276031,0,0.1875,0.1875,0.1875,0.1875,0.1875,0.1875,,,
31.7834839820862,0,0.1875,0.1875,0.1875,0.1875,0.1875,0.1875,,,
31.7854869365692,0,0.1875,0.1875,0.1875,0.1875,0.1875,0.1875,,,
31.7874870300293,0,0.1875,0.1875,0.1875,0.1875,0.1875,0.1875,,,
31.7894899845123,0,0.1875,0.1875,0.1875,0.1875,0.1875,0.1875,,,
31.791491985321,0,0.1875,0.1875,0.1875,0.1875,0.1875,0.1875,,,
31.7934930324554,0,0.1875,0.1875,0.1875,0.1875,0.1875,0.1875,,,
31.7954959869385,0,0.1875,0.1875,0.1875,0.1875,0.1875,0.1875,,,
31.7974960803986,0,0.1875,0.1875,0.1875,0.1875,0.1875,0.1875,,,
31.7994990348816,0,0.1875,0.1875,0.1875,0.1875,0.1875,0.1875,,,
31.8014988899231,0,0.1875,0.1875,0.1875,0.1875,0.1875,0.1875,,,
31.8035020828247,0,0.1875,0.1875,0.1875,0.1875,0.1875,0.1875,,,
31.8055040836334,0,0.1875,0.1875,0.1875,0.1875,0.1875,0.1875,,,
31.8075048923492,0,0.1875,0.1875,0.1875,0.1875,0.1875,0.1875,,,
31.809506893158,0,0.1875,0.1875,0.1875,0.1875,0.1875,0.1875,,,
31.8115100860596,0,0.1875,0.1875,0.1875,0.1875,0.1875,0.1875,,,
31.8135099411011,0,0.1875,0.1875,0.1875,0.1875,0.1875,0.1875,,,
31.8155128955841,0,0.1875,0.1875,0.1875,0.1875,0.1875,0.1875,,,
31.8175139427185,0,0.1875,0.1875,0.1875,0.1875,0.1875,0.1875,,,
31.8195159435272,0,0.1875,0.1875,0.1875,0.1875,0.1875,0.1875,,,
31.8215169906616,0,0.1875,0.1875,0.1875,0.1875,0.1875,0.1875,,,
31.8235199451447,0,0.1875,0.1875,0.1875,0.1875,0.1875,0.1875,,,
31.8255219459534,0,0.1875,0.1875,0.1875,0.1875,0.1875,0.1875,,,
31.8275229930878,0,0.1875,0.1875,0.1875,0.1875,0.1875,0.1875,,,
31.8295249938965,0,0.1875,0.1875,0.1875,0.1875,0.1875,0.1875,,,
31.8315260410309,0,0.1875,0.1875,0.1875,0.1875,0.1875,0.1875,,,
31.8335289955139,0,0.1875,0.1875,0.1875,0.1875,0.1875,0.1875,,,
31.8355309963226,0,0.1875,0.1875,0.1875,0.1875,0.1875,0.1875,,,
31.837532043457,0,0.1875,0.1875,0.1875,0.1875,0.1875,0.1875,,,
31.8395340442657,0,0.1875,0.1875,0.1875,0.1875,0.1875,0.1875,,,
31.8415350914001,0,0.1875,0.1875,0.1875,0.1875,0.1875,0.1875,,,
31.8435370922089,0,0.1875,0.1875,0.1875,0.1875,0.1875,0.1875,,,
31.8455400466919,0,0.1875,0.1875,0.1875,0.1875,0.1875,0.1875,,,
31.8475399017334,0,0.1875,0.1875,0.1875,0.1875,0.1875,0.1875,,,
31.849543094635,0,0.1875,0.1875,0.1875,0.1875,0.1875,0.1875,,,
31.8515439033508,0,0.1875,0.1875,0.1875,0.1875,0.1875,0.1875,,,
31.8535459041595,0,0.1875,0.1875,0.1875,0.1875,0.1875,0.1875,,,
31.8555490970612,0,0.1875,0.1875,0.1875,0.1875,0.1875,0.1875,,,
31.8575489521027,0,0.1875,0.1875,0.1875,0.1875,0.1875,0.1875,,,
31.8595519065857,0,0.1875,0.1875,0.1875,0.1875,0.1875,0.1875,,,
31.8615520000458,0,0.1875,0.1875,0.1875,0.1875,0.1875,0.1875,,,
31.8635549545288,0,0.1875,0.1875,0.1875,0.1875,0.1875,0.1875,,,
31.8655560016632,0,0.1875,0.1875,0.1875,0.1875,0.1875,0.1875,,,
31.8675580024719,0,0.1875,0.1875,0.1875,0.1875,0.1875,0.1875,,,
31.8695590496063,0,0.1875,0.1875,0.1875,0.1875,0.1875,0.1875,,,
31.871561050415,0,0.1875,0.1875,0.1875,0.1875,0.1875,0.1875,,,
31.8735640048981,0,0.1875,0.1875,0.1875,0.1875,0.1875,0.1875,,,
31.8755640983582,0,0.1875,0.1875,0.1875,0.1875,0.1875,0.1875,,,
31.8775670528412,0,0.1875,0.1875,0.1875,0.1875,0.1875,0.1875,,,
31.8795669078827,0,0.1875,0.1875,0.1875,0.1875,0.1875,0.1875,,,
31.8815701007843,0,0.1875,0.1875,0.1875,0.1875,0.1875,0.1875,,,
31.8835699558258,0,0.1875,0.1875,0.1875,0.1875,0.1875,0.1875,,,
31.8855729103088,0,0.1875,0.1875,0.1875,0.1875,0.1875,0.1875,,,
31.8875761032104,0,0.1875,0.1875,0.1875,0.1875,0.1875,0.1875,,,
31.889575958252,0,0.1875,0.1875,0.1875,0.1875,0.1875,0.1875,,,
31.891578912735,0,0.1875,0.1875,0.1875,0.1875,0.1875,0.1875,,,
31.8935799598694,0,0.1875,0.1875,0.1875,0.1875,0.1875,0.1875,,,
31.8955819606781,0,0.1875,0.1875,0.1875,0.1875,0.1875,0.1875,,,
31.8975830078125,0,0.1875,0.1875,0.1875,0.1875,0.1875,0.1875,,,
31.8995859622955,0,0.1875,0.1875,0.1875,0.1875,0.1875,0.1875,,,
31.9015879631042,0,0.1875,0.1875,0.1875,0.1875,0.1875,0.1875,,,
31.9035890102386,0,0.1875,0.1875,0.1875,0.1875,0.1875,0.1875,,,
31.9055910110474,0,0.1875,0.1875,0.1875,0.1875,0.1875,0.1875,,,
31.9075920581818,0,0.1875,0.1875,0.1875,0.1875,0.1875,0.1875,,,
31.9095940589905,0,0.1875,0.1875,0.1875,0.1875,0.1875,0.1875,,,
31.9115948677063,0,0.1875,0.1875,0.1875,0.1875,0.1875,0.1875,,,
31.913596868515,0,0.1875,0.1875,0.1875,0.1875,0.1875,0.1875,,,
31.9156000614166,0,0.1875,0.1875,0.1875,0.1875,0.1875,0.1875,,,
31.9176008701324,0,0.1875,0.1875,0.1875,0.1875,0.1875,0.1875,,,
31.9196028709412,0,0.1875,0.1875,0.1875,0.1875,0.1875,0.1875,,,
31.9216039180756,0,0.1875,0.1875,0.1875,0.1875,0.1875,0.1875,,,
31.9236068725586,0,0.1875,0.1875,0.1875,0.1875,0.1875,0.1875,,,
31.9256069660187,0,0.1875,0.1875,0.1875,0.1875,0.1875,0.1875,,,
31.9276099205017,0,0.1875,0.1875,0.1875,0.1875,0.1875,0.1875,,,
31.9296100139618,0,0.1875,0.1875,0.1875,0.1875,0.1875,0.1875,,,
31.9316129684448,0,0.1875,0.1875,0.1875,0.1875,0.1875,0.1875,,,
31.9336149692535,0,0.1875,0.1875,0.1875,0.1875,0.1875,0.1875,,,
31.9356160163879,0,0.1875,0.1875,0.1875,0.1875,0.1875,0.1875,,,
31.937618970871,0,0.1875,0.1875,0.1875,0.1875,0.1875,0.1875,,,
31.9396190643311,0,0.1875,0.1875,0.1875,0.1875,0.1875,0.1875,,,
31.9416220188141,0,0.1875,0.1875,0.1875,0.1875,0.1875,0.1875,,,
31.9436218738556,0,0.1875,0.1875,0.1875,0.1875,0.1875,0.1875,,,
31.9456250667572,0,0.1875,0.1875,0.1875,0.1875,0.1875,0.1875,,,
31.9476280212402,0,0.1875,0.1875,0.1875,0.1875,0.1875,0.1875,,,
31.9496278762817,0,0.1875,0.1875,0.1875,0.1875,0.1875,0.1875,,,
31.9516310691834,0,0.1875,0.1875,0.1875,0.1875,0.1875,0.1875,,,
31.9536309242249,0,0.1875,0.1875,0.1875,0.1875,0.1875,0.1875,,,
31.9556338787079,0,0.1875,0.1875,0.1875,0.1875,0.1875,0.1875,,,
31.957633972168,0,0.1875,0.1875,0.1875,0.1875,0.1875,0.1875,,,
31.959636926651,0,0.1875,0.1875,0.1875,0.1875,0.1875,0.1875,,,
31.9616370201111,0,0.1875,0.1875,0.1875,0.1875,0.1875,0.1875,,,
31.9636399745941,0,0.1875,0.1875,0.1875,0.1875,0.1875,0.1875,,,
31.9656429290771,0,0.1875,0.1875,0.1875,0.1875,0.1875,0.1875,,,
31.9676430225372,0,0.1875,0.1875,0.1875,0.1875,0.1875,0.1875,,,
31.9696459770203,0,0.1875,0.1875,0.1875,0.1875,0.1875,0.1875,,,
31.9716470241547,0,0.1875,0.1875,0.1875,0.1875,0.1875,0.1875,,,
31.9736490249634,0,0.1875,0.1875,0.1875,0.1875,0.1875,0.1875,,,
31.9756500720978,0,0.1875,0.1875,0.1875,0.1875,0.1875,0.1875,,,
31.9776520729065,0,0.1875,0.1875,0.1875,0.1875,0.1875,0.1875,,,
31.9796528816223,0,0.1875,0.1875,0.1875,0.1875,0.1875,0.1875,,,
31.981654882431,0,0.1875,0.1875,0.1875,0.1875,0.1875,0.1875,,,
31.9836580753326,0,0.1875,0.1875,0.1875,0.1875,0.1875,0.1875,,,
31.9856588840485,0,0.1875,0.1875,0.1875,0.1875,0.1875,0.1875,,,
31.9876608848572,0,0.1875,0.1875,0.1875,0.1875,0.1875,0.1875,,,
31.9896619319916,0,0.1875,0.1875,0.1875,0.1875,0.1875,0.1875,,,
31.9916639328003,0,0.1875,0.1875,0.1875,0.1875,0.1875,0.1875,2,,
31.9936649799347,0,0.1875,0.1875,0.1875,0.1875,0.1875,0.1875,,,
31.9956679344177,0,0.1875,0.1875,0.1875,0.1875,0.1875,0.1875,,,
31.9976699352264,0,0.1875,0.1875,0.1875,0.1875,0.1875,0.1875,,,
31.9996709823608,0,0.1875,0.1875,0.1875,0.1875,0.1875,0.1875,,,
32.0016739368439,0,0.1875,0.1875,0.1875,0.1875,0.1875,0.1875,,,
32.003674030304,0,0.1875,0.1875,0.1875,0.1875,0.1875,0.1875,,,
32.005676984787,0,0.1875,0.1875,0.1875,0.1875,0.1875,0.1875,,,
32.0076770782471,0,0.1875,0.1875,0.1875,0.1875,0.1875,0.1875,,,
32.0096800327301,0,0.1875,0.1875,0.1875,0.1875,0.1875,0.1875,,,
32.0116798877716,0,0.1875,0.1875,0.1875,0.1875,0.1875,0.1875,,,
32.0136830806732,0,0.1875,0.1875,0.1875,0.1875,0.1875,0.1875,,,
32.0156829357147,0,0.1875,0.1875,0.1875,0.1875,0.1875,0.1875,,,
32.0176858901978,0,0.1875,0.1875,0.1875,0.1875,0.1875,0.1875,,,
32.0196890830994,0,0.1875,0.1875,0.1875,0.1875,0.1875,0.1875,,,
32.0216889381409,0,0.1875,0.1875,0.1875,0.1875,0.1875,0.1875,,,
32.0236918926239,0,0.1875,0.1875,0.1875,0.1875,0.1875,0.1875,,,
32.0256929397583,0,0.1875,0.1875,0.1875,0.1875,0.1875,0.1875,,,
32.027694940567,0,0.1875,0.1875,0.1875,0.1875,0.1875,0.1875,,,
32.0296969413757,0,0.1875,0.1875,0.1875,0.1875,0.1875,0.1875,,,
32.0316989421844,0,0.1875,0.1875,0.1875,0.1875,0.1875,0.1875,,,
32.0336999893188,0,0.1875,0.1875,0.1875,0.1875,0.1875,0.1875,,,
32.0357029438019,0,0.1875,0.1875,0.1875,0.1875,0.1875,0.1875,,,
32.037703037262,0,0.1875,0.1875,0.1875,0.1875,0.1875,0.1875,,,
32.039705991745,0,0.1875,0.1875,0.1875,0.1875,0.1875,0.1875,,,
32.0417060852051,0,0.1875,0.1875,0.1875,0.1875,0.1875,0.1875,,,
32.0437090396881,0,0.1875,0.1875,0.1875,0.1875,0.1875,0.1875,,,
32.0457119941711,0,0.1875,0.1875,0.1875,0.1875,0.1875,0.1875,,,
32.0477130413055,0,0.1875,0.1875,0.1875,0.1875,0.1875,0.1875,,,
32.0497150421143,0,0.1875,0.1875,0.1875,0.1875,0.1875,0.1875,,,
32.0517160892487,0,0.1875,0.1875,0.1875,0.1875,0.1875,0.1875,,,
32.0537190437317,0,0.1875,0.1875,0.1875,0.1875,0.1875,0.1875,,,
32.0557188987732,0,0.1875,0.1875,0.1875,0.1875,0.1875,0.1875,,,
32.0577220916748,0,0.1875,0.1875,0.1875,0.1875,0.1875,0.1875,,,
32.0597219467163,0,0.1875,0.1875,0.1875,0.1875,0.1875,0.1875,,,
32.0617249011993,0,0.1875,0.1875,0.1875,0.1875,0.1875,0.1875,,,
32.0637259483337,0,0.1875,0.1875,0.1875,0.1875,0.1875,0.1875,,,
32.0657289028168,0,0.1875,0.1875,0.1875,0.1875,0.1875,0.1875,,,
32.0677289962769,0,0.1875,0.1875,0.1875,0.1875,0.1875,0.1875,,,
32.0697319507599,0,0.1875,0.1875,0.1875,0.1875,0.1875,0.1875,,,
32.07173204422,0,0.1875,0.1875,0.1875,0.1875,0.1875,0.1875,,,
32.0735869407654,0,0.1875,0.1875,0.1875,0.1875,0.1875,0.1875,,,
32.0755870342255,0,0.1875,0.1875,0.1875,0.1875,0.1875,0.1875,,,
32.0775899887085,0,0.1875,0.1875,0.1875,0.1875,0.1875,0.1875,,,
32.0795900821686,0,0.1875,0.1875,0.1875,0.1875,0.1875,0.1875,,,
32.0815930366516,0,0.1875,0.1875,0.1875,0.1875,0.1875,0.1875,,,
32.083594083786,0,0.1875,0.1875,0.1875,0.1875,0.1875,0.1875,,,
32.085597038269,0,0.1875,0.1875,0.1875,0.1875,0.1875,0.1875,,,
32.0875968933105,0,0.1875,0.1875,0.1875,0.1875,0.1875,0.1875,,,
32.0896000862122,0,0.1875,0.1875,0.1875,0.1875,0.1875,0.1875,,,
32.0916030406952,0,0.1875,0.1875,0.1875,0.1875,0.1875,0.1875,,,
32.0936040878296,0,0.1875,0.1875,0.1875,0.1875,0.1875,0.1875,,,
32.0956039428711,0,0.1875,0.1875,0.1875,0.1875,0.1875,0.1875,,,
32.0976068973541,0,0.1875,0.1875,0.1875,0.1875,0.1875,0.1875,,,
32.0996100902557,0,0.1875,0.1875,0.1875,0.1875,0.1875,0.1875,,,
32.1016099452972,0,0.1875,0.1875,0.1875,0.1875,0.1875,0.1875,,,
32.103611946106,0,0.1875,0.1875,0.1875,0.1875,0.1875,0.1875,,,
32.1056129932404,0,0.1875,0.1875,0.1875,0.1875,0.1875,0.1875,,,
32.1076149940491,0,0.1875,0.1875,0.1875,0.1875,0.1875,0.1875,,,
32.1096179485321,0,0.1875,0.1875,0.1875,0.1875,0.1875,0.1875,,,
32.1116189956665,0,0.1875,0.1875,0.1875,0.1875,0.1875,0.1875,,,
32.1136209964752,0,0.1875,0.1875,0.1875,0.1875,0.1875,0.1875,,,

